01 06 77 133 30 2024 4 5 19 19 5
01 11 45 198 24 2024 4 5 19 19 5
01 14 19 123 32 2024 4 5 19 19 5
02 76 37 150 23 2024 4 5 19 19 5
02 88 36 235 22 2024 4 5 19 19 5
01 06 77 133 19 2024 4 5 19 19 6
01 11 45 198 24 2024 4 5 19 19 6
01 14 19 123 33 2024 4 5 19 19 6
01 22 42 116 25 2024 4 5 19 19 6
02 76 37 150 29 2024 4 5 19 19 6
02 88 36 235 24 2024 4 5 19 19 6
01 06 77 133 21 2024 4 5 19 19 7
01 11 45 198 27 2024 4 5 19 19 7
01 14 19 123 33 2024 4 5 19 19 7
01 22 42 116 23 2024 4 5 19 19 7
02 76 37 150 29 2024 4 5 19 19 7
02 88 36 235 26 2024 4 5 19 19 7
01 06 77 133 19 2024 4 5 19 19 8
01 11 45 198 26 2024 4 5 19 19 8
01 14 19 123 33 2024 4 5 19 19 8
01 22 42 116 21 2024 4 5 19 19 8
08 14 19 123 25 2024 4 5 19 19 8
02 76 37 150 29 2024 4 5 19 19 8
02 88 36 235 27 2024 4 5 19 19 8
01 06 77 133 18 2024 4 5 19 19 9
01 11 45 198 26 2024 4 5 19 19 9
01 14 19 123 33 2024 4 5 19 19 9
01 22 42 116 21 2024 4 5 19 19 9
08 14 19 123 26 2024 4 5 19 19 9
02 76 37 150 30 2024 4 5 19 19 9
02 88 36 235 28 2024 4 5 19 19 9
01 06 77 133 15 2024 4 5 19 19 10
01 11 45 198 25 2024 4 5 19 19 10
01 14 19 123 33 2024 4 5 19 19 10
01 22 42 116 22 2024 4 5 19 19 10
08 14 19 123 27 2024 4 5 19 19 10
02 76 37 150 31 2024 4 5 19 19 10
02 88 36 235 29 2024 4 5 19 19 10
01 06 77 133 16 2024 4 5 19 19 11
01 11 45 198 22 2024 4 5 19 19 11
01 14 19 123 33 2024 4 5 19 19 11
01 20 04 175 29 2024 4 5 19 19 11
01 22 42 116 21 2024 4 5 19 19 11
08 14 19 123 28 2024 4 5 19 19 11
02 76 37 150 31 2024 4 5 19 19 11
02 88 36 235 28 2024 4 5 19 19 11
01 06 77 133 18 2024 4 5 19 19 12
01 11 45 198 23 2024 4 5 19 19 12
01 14 19 123 33 2024 4 5 19 19 12
01 20 04 175 31 2024 4 5 19 19 12
01 22 42 116 22 2024 4 5 19 19 12
08 14 19 123 28 2024 4 5 19 19 12
02 76 37 150 31 2024 4 5 19 19 12
02 88 36 235 28 2024 4 5 19 19 12
01 06 77 133 15 2024 4 5 19 19 14
01 11 45 198 24 2024 4 5 19 19 14
01 14 19 123 33 2024 4 5 19 19 14
01 20 04 175 31 2024 4 5 19 19 14
01 22 42 116 22 2024 4 5 19 19 14
08 14 19 123 28 2024 4 5 19 19 14
02 76 37 150 31 2024 4 5 19 19 14
02 88 36 235 28 2024 4 5 19 19 14
01 06 77 133 16 2024 4 5 19 19 15
01 11 45 198 26 2024 4 5 19 19 15
01 14 19 123 32 2024 4 5 19 19 15
01 20 04 175 31 2024 4 5 19 19 15
01 22 42 116 22 2024 4 5 19 19 15
08 14 19 123 28 2024 4 5 19 19 15
02 76 37 150 32 2024 4 5 19 19 15
02 88 36 235 28 2024 4 5 19 19 15
01 06 77 133 18 2024 4 5 19 19 16
01 11 45 198 28 2024 4 5 19 19 16
01 14 18 124 33 2024 4 5 19 19 16
01 20 04 175 31 2024 4 5 19 19 16
01 22 42 116 23 2024 4 5 19 19 16
08 06 77 133 14 2024 4 5 19 19 16
08 14 18 124 28 2024 4 5 19 19 16
02 76 37 150 32 2024 4 5 19 19 16
02 88 36 235 29 2024 4 5 19 19 16
01 06 77 133 19 2024 4 5 19 19 17
01 11 45 198 28 2024 4 5 19 19 17
01 14 18 124 33 2024 4 5 19 19 17
01 20 04 175 31 2024 4 5 19 19 17
01 22 42 116 24 2024 4 5 19 19 17
08 06 77 133 02 2024 4 5 19 19 17
08 14 18 124 28 2024 4 5 19 19 17
02 76 37 150 31 2024 4 5 19 19 17
02 88 36 235 29 2024 4 5 19 19 17
01 06 77 133 18 2024 4 5 19 19 18
01 11 45 198 28 2024 4 5 19 19 18
01 14 18 124 33 2024 4 5 19 19 18
01 20 04 175 31 2024 4 5 19 19 18
01 22 42 116 24 2024 4 5 19 19 18
08 14 18 124 28 2024 4 5 19 19 18
02 76 37 150 31 2024 4 5 19 19 18
02 88 36 235 28 2024 4 5 19 19 18
01 06 77 133 20 2024 4 5 19 19 19
01 11 45 198 27 2024 4 5 19 19 19
01 14 18 124 32 2024 4 5 19 19 19
01 20 04 175 31 2024 4 5 19 19 19
01 22 42 116 26 2024 4 5 19 19 19
08 06 77 133 14 2024 4 5 19 19 19
08 14 18 124 28 2024 4 5 19 19 19
02 76 37 150 30 2024 4 5 19 19 19
02 88 36 235 28 2024 4 5 19 19 19
01 06 77 133 21 2024 4 5 19 19 20
01 11 45 198 26 2024 4 5 19 19 20
01 14 18 124 30 2024 4 5 19 19 20
01 20 04 175 33 2024 4 5 19 19 20
01 22 42 116 26 2024 4 5 19 19 20
08 06 77 133 06 2024 4 5 19 19 20
08 14 18 124 28 2024 4 5 19 19 20
02 76 37 150 29 2024 4 5 19 19 20
02 88 36 235 27 2024 4 5 19 19 20
01 06 77 132 21 2024 4 5 19 19 21
01 11 45 198 27 2024 4 5 19 19 21
01 14 18 124 31 2024 4 5 19 19 21
01 20 04 175 32 2024 4 5 19 19 21
01 22 42 116 26 2024 4 5 19 19 21
08 14 18 124 29 2024 4 5 19 19 21
02 76 37 150 29 2024 4 5 19 19 21
02 88 36 235 28 2024 4 5 19 19 21
07 27 12 124 04 2024 4 5 19 19 21
01 06 77 132 21 2024 4 5 19 19 22
01 11 45 198 28 2024 4 5 19 19 22
01 14 18 124 32 2024 4 5 19 19 22
01 20 04 175 32 2024 4 5 19 19 22
01 22 42 116 26 2024 4 5 19 19 22
08 14 18 124 29 2024 4 5 19 19 22
02 76 37 150 29 2024 4 5 19 19 22
02 88 36 235 28 2024 4 5 19 19 22
07 27 12 124 17 2024 4 5 19 19 22
01 06 77 132 19 2024 4 5 19 19 23
01 11 45 198 29 2024 4 5 19 19 23
01 14 18 124 32 2024 4 5 19 19 23
01 20 04 175 32 2024 4 5 19 19 23
01 22 42 116 26 2024 4 5 19 19 23
08 14 18 124 29 2024 4 5 19 19 23
02 76 37 150 29 2024 4 5 19 19 23
02 88 36 235 28 2024 4 5 19 19 23
07 27 12 124 22 2024 4 5 19 19 23
01 06 77 132 21 2024 4 5 19 19 24
01 11 45 198 28 2024 4 5 19 19 24
01 14 18 124 31 2024 4 5 19 19 24
01 20 04 175 31 2024 4 5 19 19 24
01 22 42 116 25 2024 4 5 19 19 24
08 06 77 132 08 2024 4 5 19 19 24
08 14 18 124 28 2024 4 5 19 19 24
02 76 37 150 29 2024 4 5 19 19 24
02 88 37 235 26 2024 4 5 19 19 24
07 27 12 124 23 2024 4 5 19 19 24
01 06 77 132 22 2024 4 5 19 19 25
01 11 45 198 27 2024 4 5 19 19 25
01 14 18 124 32 2024 4 5 19 19 25
01 20 04 175 31 2024 4 5 19 19 25
01 22 42 116 24 2024 4 5 19 19 25
08 06 77 132 10 2024 4 5 19 19 25
08 14 18 124 28 2024 4 5 19 19 25
02 76 37 150 29 2024 4 5 19 19 25
02 88 37 235 26 2024 4 5 19 19 25
07 27 12 124 22 2024 4 5 19 19 25
01 06 77 132 20 2024 4 5 19 19 26
01 11 45 198 27 2024 4 5 19 19 26
01 14 18 124 32 2024 4 5 19 19 26
01 20 04 175 32 2024 4 5 19 19 26
01 22 42 116 25 2024 4 5 19 19 26
08 06 77 132 15 2024 4 5 19 19 26
08 14 18 124 30 2024 4 5 19 19 26
02 76 37 150 30 2024 4 5 19 19 26
02 88 37 235 26 2024 4 5 19 19 26
07 27 12 124 19 2024 4 5 19 19 26
01 06 77 132 18 2024 4 5 19 19 27
01 11 45 198 28 2024 4 5 19 19 27
01 14 18 124 32 2024 4 5 19 19 27
01 20 04 175 32 2024 4 5 19 19 27
01 22 42 116 24 2024 4 5 19 19 27
08 14 18 124 29 2024 4 5 19 19 27
02 76 37 150 31 2024 4 5 19 19 27
02 88 37 235 27 2024 4 5 19 19 27
07 27 12 124 22 2024 4 5 19 19 27
07 33 18 209 31 2024 4 5 19 19 27
12 27 12 124 08 2024 4 5 19 19 27
01 06 77 132 21 2024 4 5 19 19 28
01 11 45 198 28 2024 4 5 19 19 28
01 14 18 124 32 2024 4 5 19 19 28
01 20 04 175 31 2024 4 5 19 19 28
01 22 42 116 24 2024 4 5 19 19 28
08 06 77 132 05 2024 4 5 19 19 28
08 14 18 124 30 2024 4 5 19 19 28
02 76 37 150 32 2024 4 5 19 19 28
02 88 37 235 26 2024 4 5 19 19 28
07 27 12 124 19 2024 4 5 19 19 28
07 33 18 209 30 2024 4 5 19 19 28
01 06 77 132 21 2024 4 5 19 19 29
01 11 45 198 28 2024 4 5 19 19 29
01 14 18 124 31 2024 4 5 19 19 29
01 20 04 175 33 2024 4 5 19 19 29
01 22 42 116 24 2024 4 5 19 19 29
08 14 18 124 30 2024 4 5 19 19 29
02 76 37 150 32 2024 4 5 19 19 29
02 88 37 235 25 2024 4 5 19 19 29
07 27 12 124 20 2024 4 5 19 19 29
07 33 18 209 29 2024 4 5 19 19 29
01 06 77 132 22 2024 4 5 19 19 30
01 11 45 198 27 2024 4 5 19 19 30
01 14 18 124 31 2024 4 5 19 19 30
01 20 04 175 33 2024 4 5 19 19 30
01 22 42 116 24 2024 4 5 19 19 30
08 14 18 124 30 2024 4 5 19 19 30
02 76 37 150 33 2024 4 5 19 19 30
02 88 37 235 25 2024 4 5 19 19 30
07 27 12 124 22 2024 4 5 19 19 30
07 33 18 209 28 2024 4 5 19 19 30
01 06 77 132 21 2024 4 5 19 19 31
01 11 45 198 28 2024 4 5 19 19 31
01 14 18 124 31 2024 4 5 19 19 31
01 20 04 175 33 2024 4 5 19 19 31
01 22 42 116 24 2024 4 5 19 19 31
08 06 77 132 06 2024 4 5 19 19 31
08 14 18 124 30 2024 4 5 19 19 31
02 76 37 150 33 2024 4 5 19 19 31
02 88 37 235 23 2024 4 5 19 19 31
07 27 12 124 22 2024 4 5 19 19 31
07 33 18 209 27 2024 4 5 19 19 31
01 06 77 132 20 2024 4 5 19 19 32
01 11 45 198 29 2024 4 5 19 19 32
01 14 18 124 31 2024 4 5 19 19 32
01 20 04 175 33 2024 4 5 19 19 32
01 22 42 116 23 2024 4 5 19 19 32
08 06 77 132 07 2024 4 5 19 19 32
08 14 18 124 31 2024 4 5 19 19 32
02 76 37 150 34 2024 4 5 19 19 32
02 88 37 235 23 2024 4 5 19 19 32
07 27 12 124 23 2024 4 5 19 19 32
07 33 18 209 27 2024 4 5 19 19 32
12 33 18 209 27 2024 4 5 19 19 32
01 06 77 132 20 2024 4 5 19 19 33
01 11 45 198 29 2024 4 5 19 19 33
01 14 18 124 31 2024 4 5 19 19 33
01 20 04 175 34 2024 4 5 19 19 33
01 22 42 116 21 2024 4 5 19 19 33
08 14 18 124 31 2024 4 5 19 19 33
02 76 37 150 34 2024 4 5 19 19 33
02 88 37 235 21 2024 4 5 19 19 33
07 27 12 124 24 2024 4 5 19 19 33
07 33 18 209 28 2024 4 5 19 19 33
12 33 18 209 31 2024 4 5 19 19 33
01 06 77 132 21 2024 4 5 19 19 34
01 11 45 198 30 2024 4 5 19 19 34
01 14 18 124 31 2024 4 5 19 19 34
01 20 04 175 33 2024 4 5 19 19 34
01 22 42 116 19 2024 4 5 19 19 34
08 14 18 124 31 2024 4 5 19 19 34
02 76 37 150 34 2024 4 5 19 19 34
02 88 37 235 21 2024 4 5 19 19 34
07 27 12 124 24 2024 4 5 19 19 34
07 33 18 209 29 2024 4 5 19 19 34
12 27 12 124 18 2024 4 5 19 19 34
12 33 18 209 31 2024 4 5 19 19 34
01 06 77 132 18 2024 4 5 19 19 35
01 11 45 198 30 2024 4 5 19 19 35
01 14 18 124 31 2024 4 5 19 19 35
01 22 42 116 15 2024 4 5 19 19 35
08 14 18 124 30 2024 4 5 19 19 35
02 76 37 150 33 2024 4 5 19 19 35
02 88 37 235 22 2024 4 5 19 19 35
07 27 12 124 22 2024 4 5 19 19 35
07 33 18 209 29 2024 4 5 19 19 35
12 27 12 124 26 2024 4 5 19 19 35
12 33 18 209 32 2024 4 5 19 19 35
01 06 77 132 15 2024 4 5 19 19 36
01 11 45 198 29 2024 4 5 19 19 36
01 14 18 124 32 2024 4 5 19 19 36
01 22 42 116 15 2024 4 5 19 19 36
08 14 18 124 31 2024 4 5 19 19 36
02 76 37 150 34 2024 4 5 19 19 36
02 88 37 235 23 2024 4 5 19 19 36
07 27 12 124 20 2024 4 5 19 19 36
07 33 18 209 30 2024 4 5 19 19 36
12 27 12 124 26 2024 4 5 19 19 36
12 33 18 209 32 2024 4 5 19 19 36
01 06 77 132 09 2024 4 5 19 19 37
01 11 45 198 29 2024 4 5 19 19 37
01 14 18 124 32 2024 4 5 19 19 37
01 22 42 116 17 2024 4 5 19 19 37
08 06 77 132 13 2024 4 5 19 19 37
08 14 18 124 31 2024 4 5 19 19 37
02 76 37 150 34 2024 4 5 19 19 37
02 88 37 235 23 2024 4 5 19 19 37
07 27 12 124 22 2024 4 5 19 19 37
07 33 18 209 30 2024 4 5 19 19 37
12 27 12 124 27 2024 4 5 19 19 37
12 33 18 209 32 2024 4 5 19 19 37
01 06 77 132 12 2024 4 5 19 19 38
01 11 45 198 30 2024 4 5 19 19 38
01 14 18 124 31 2024 4 5 19 19 38
01 22 42 116 19 2024 4 5 19 19 38
08 06 77 132 06 2024 4 5 19 19 38
08 14 18 124 30 2024 4 5 19 19 38
02 76 37 150 34 2024 4 5 19 19 38
02 88 37 235 21 2024 4 5 19 19 38
07 27 12 124 21 2024 4 5 19 19 38
07 33 18 209 30 2024 4 5 19 19 38
12 27 12 124 27 2024 4 5 19 19 38
12 33 18 209 32 2024 4 5 19 19 38
01 06 77 132 13 2024 4 5 19 19 39
01 11 45 198 31 2024 4 5 19 19 39
01 14 18 124 31 2024 4 5 19 19 39
01 22 42 116 20 2024 4 5 19 19 39
08 14 18 124 30 2024 4 5 19 19 39
02 76 37 150 34 2024 4 5 19 19 39
02 88 37 235 20 2024 4 5 19 19 39
07 27 12 124 19 2024 4 5 19 19 39
07 33 18 209 31 2024 4 5 19 19 39
12 27 12 124 28 2024 4 5 19 19 39
12 33 18 209 33 2024 4 5 19 19 39
01 06 77 132 14 2024 4 5 19 19 40
01 11 45 198 31 2024 4 5 19 19 40
01 14 18 124 31 2024 4 5 19 19 40
01 22 42 116 20 2024 4 5 19 19 40
08 14 18 124 31 2024 4 5 19 19 40
02 76 37 150 34 2024 4 5 19 19 40
02 88 37 235 19 2024 4 5 19 19 40
07 27 12 124 18 2024 4 5 19 19 40
07 33 18 209 32 2024 4 5 19 19 40
12 27 12 124 27 2024 4 5 19 19 40
12 33 18 209 33 2024 4 5 19 19 40
01 06 77 132 19 2024 4 5 19 19 41
01 11 45 198 32 2024 4 5 19 19 41
01 14 18 124 32 2024 4 5 19 19 41
01 22 42 116 18 2024 4 5 19 19 41
08 06 77 132 11 2024 4 5 19 19 41
08 14 18 124 31 2024 4 5 19 19 41
02 76 37 150 34 2024 4 5 19 19 41
02 88 37 235 20 2024 4 5 19 19 41
07 27 11 124 20 2024 4 5 19 19 41
07 33 18 209 32 2024 4 5 19 19 41
12 27 11 124 26 2024 4 5 19 19 41
12 33 18 209 33 2024 4 5 19 19 41
01 06 77 132 21 2024 4 5 19 19 42
01 11 45 198 31 2024 4 5 19 19 42
01 14 18 124 32 2024 4 5 19 19 42
01 22 42 116 20 2024 4 5 19 19 42
08 06 77 132 08 2024 4 5 19 19 42
08 14 18 124 31 2024 4 5 19 19 42
02 76 37 150 34 2024 4 5 19 19 42
02 88 37 235 19 2024 4 5 19 19 42
07 27 11 124 20 2024 4 5 19 19 42
07 33 18 209 32 2024 4 5 19 19 42
12 27 11 124 26 2024 4 5 19 19 42
12 33 18 209 33 2024 4 5 19 19 42
01 06 77 132 22 2024 4 5 19 19 43
01 11 45 198 30 2024 4 5 19 19 43
01 14 18 124 33 2024 4 5 19 19 43
01 22 42 116 22 2024 4 5 19 19 43
08 14 18 124 31 2024 4 5 19 19 43
02 76 37 150 34 2024 4 5 19 19 43
02 88 37 235 20 2024 4 5 19 19 43
07 27 11 124 20 2024 4 5 19 19 43
07 33 18 209 32 2024 4 5 19 19 43
12 27 11 124 27 2024 4 5 19 19 43
12 33 18 209 34 2024 4 5 19 19 43
01 06 77 132 21 2024 4 5 19 19 44
01 11 45 198 30 2024 4 5 19 19 44
01 14 18 124 33 2024 4 5 19 19 44
01 22 42 116 23 2024 4 5 19 19 44
08 06 77 132 12 2024 4 5 19 19 44
08 14 18 124 31 2024 4 5 19 19 44
02 76 37 150 34 2024 4 5 19 19 44
02 88 37 235 22 2024 4 5 19 19 44
07 27 11 124 22 2024 4 5 19 19 44
07 33 18 209 33 2024 4 5 19 19 44
12 27 11 124 27 2024 4 5 19 19 44
12 33 18 209 34 2024 4 5 19 19 44
01 06 77 132 19 2024 4 5 19 19 45
01 11 45 198 31 2024 4 5 19 19 45
01 14 18 124 33 2024 4 5 19 19 45
01 22 42 116 25 2024 4 5 19 19 45
08 14 18 124 32 2024 4 5 19 19 45
02 76 37 150 34 2024 4 5 19 19 45
02 88 37 235 22 2024 4 5 19 19 45
07 27 11 124 22 2024 4 5 19 19 45
07 33 18 209 33 2024 4 5 19 19 45
12 27 11 124 27 2024 4 5 19 19 45
12 33 18 209 33 2024 4 5 19 19 45
01 06 77 132 18 2024 4 5 19 19 46
01 11 45 198 30 2024 4 5 19 19 46
01 14 18 124 32 2024 4 5 19 19 46
01 22 42 116 25 2024 4 5 19 19 46
08 14 18 124 30 2024 4 5 19 19 46
02 76 37 150 34 2024 4 5 19 19 46
02 88 37 235 23 2024 4 5 19 19 46
07 27 11 124 20 2024 4 5 19 19 46
07 33 18 209 33 2024 4 5 19 19 46
12 27 11 124 26 2024 4 5 19 19 46
12 33 18 209 33 2024 4 5 19 19 46
01 06 77 131 19 2024 4 5 19 19 47
01 11 45 198 29 2024 4 5 19 19 47
01 14 18 124 32 2024 4 5 19 19 47
01 22 42 116 25 2024 4 5 19 19 47
08 06 77 131 16 2024 4 5 19 19 47
08 14 18 124 30 2024 4 5 19 19 47
02 76 37 150 34 2024 4 5 19 19 47
02 88 37 235 23 2024 4 5 19 19 47
07 27 11 124 23 2024 4 5 19 19 47
07 33 18 209 33 2024 4 5 19 19 47
12 27 11 124 26 2024 4 5 19 19 47
12 33 18 209 33 2024 4 5 19 19 47
01 06 77 131 21 2024 4 5 19 19 48
01 11 45 198 30 2024 4 5 19 19 48
01 14 18 124 32 2024 4 5 19 19 48
01 22 42 116 23 2024 4 5 19 19 48
08 14 18 124 30 2024 4 5 19 19 48
02 76 37 150 34 2024 4 5 19 19 48
02 88 37 235 22 2024 4 5 19 19 48
07 27 11 124 23 2024 4 5 19 19 48
07 33 18 209 33 2024 4 5 19 19 48
12 27 11 124 27 2024 4 5 19 19 48
12 33 18 209 33 2024 4 5 19 19 48
01 06 77 131 21 2024 4 5 19 19 49
01 11 45 198 30 2024 4 5 19 19 49
01 14 18 124 31 2024 4 5 19 19 49
01 22 42 116 23 2024 4 5 19 19 49
08 14 18 124 31 2024 4 5 19 19 49
02 76 36 150 34 2024 4 5 19 19 49
02 88 37 235 23 2024 4 5 19 19 49
07 27 11 124 24 2024 4 5 19 19 49
07 33 18 209 33 2024 4 5 19 19 49
12 27 11 124 25 2024 4 5 19 19 49
12 33 18 209 33 2024 4 5 19 19 49
01 06 77 131 22 2024 4 5 19 19 50
01 11 45 198 31 2024 4 5 19 19 50
01 14 18 124 31 2024 4 5 19 19 50
01 22 42 116 23 2024 4 5 19 19 50
08 06 77 131 10 2024 4 5 19 19 50
08 14 18 124 31 2024 4 5 19 19 50
02 76 36 150 33 2024 4 5 19 19 50
02 88 37 235 24 2024 4 5 19 19 50
07 27 11 124 22 2024 4 5 19 19 50
07 33 18 209 33 2024 4 5 19 19 50
12 27 11 124 26 2024 4 5 19 19 50
12 33 18 209 33 2024 4 5 19 19 50
01 06 77 131 22 2024 4 5 19 19 51
01 11 45 198 32 2024 4 5 19 19 51
01 14 18 124 31 2024 4 5 19 19 51
01 22 42 116 23 2024 4 5 19 19 51
08 06 77 131 08 2024 4 5 19 19 51
08 14 18 124 31 2024 4 5 19 19 51
02 76 36 150 33 2024 4 5 19 19 51
02 88 37 235 24 2024 4 5 19 19 51
07 27 11 124 21 2024 4 5 19 19 51
07 33 18 209 33 2024 4 5 19 19 51
12 27 11 124 25 2024 4 5 19 19 51
12 33 18 209 33 2024 4 5 19 19 51
01 06 77 131 21 2024 4 5 19 19 52
01 11 45 198 31 2024 4 5 19 19 52
01 14 18 124 30 2024 4 5 19 19 52
01 22 42 116 24 2024 4 5 19 19 52
08 06 77 131 05 2024 4 5 19 19 52
08 14 18 124 32 2024 4 5 19 19 52
02 76 36 150 33 2024 4 5 19 19 52
02 88 37 235 22 2024 4 5 19 19 52
07 27 11 124 21 2024 4 5 19 19 52
07 33 18 209 33 2024 4 5 19 19 52
12 27 11 124 25 2024 4 5 19 19 52
12 33 18 209 34 2024 4 5 19 19 52
01 06 77 131 20 2024 4 5 19 19 53
01 11 45 198 32 2024 4 5 19 19 53
01 14 18 124 30 2024 4 5 19 19 53
01 22 42 116 26 2024 4 5 19 19 53
08 14 18 124 32 2024 4 5 19 19 53
02 76 36 150 34 2024 4 5 19 19 53
02 88 37 235 20 2024 4 5 19 19 53
07 27 11 124 20 2024 4 5 19 19 53
07 33 18 209 33 2024 4 5 19 19 53
12 27 11 124 25 2024 4 5 19 19 53
12 33 18 209 34 2024 4 5 19 19 53
01 06 77 131 19 2024 4 5 19 19 54
01 11 45 198 31 2024 4 5 19 19 54
01 14 18 124 32 2024 4 5 19 19 54
01 22 42 116 27 2024 4 5 19 19 54
08 14 18 124 31 2024 4 5 19 19 54
02 76 36 150 34 2024 4 5 19 19 54
02 88 37 235 17 2024 4 5 19 19 54
07 27 11 124 22 2024 4 5 19 19 54
07 33 18 209 33 2024 4 5 19 19 54
12 27 11 124 25 2024 4 5 19 19 54
12 33 18 209 33 2024 4 5 19 19 54
01 06 77 131 21 2024 4 5 19 19 55
01 11 45 198 32 2024 4 5 19 19 55
01 14 18 124 32 2024 4 5 19 19 55
01 22 42 116 27 2024 4 5 19 19 55
08 06 77 131 08 2024 4 5 19 19 55
08 14 18 124 31 2024 4 5 19 19 55
02 76 36 150 34 2024 4 5 19 19 55
02 88 37 235 18 2024 4 5 19 19 55
07 27 11 124 22 2024 4 5 19 19 55
07 33 18 209 34 2024 4 5 19 19 55
12 27 11 124 25 2024 4 5 19 19 55
12 33 18 209 34 2024 4 5 19 19 55
01 06 77 131 19 2024 4 5 19 19 56
01 11 45 198 31 2024 4 5 19 19 56
01 14 18 124 31 2024 4 5 19 19 56
01 22 42 116 26 2024 4 5 19 19 56
08 14 18 124 30 2024 4 5 19 19 56
02 76 36 150 34 2024 4 5 19 19 56
02 88 37 235 18 2024 4 5 19 19 56
07 27 11 124 22 2024 4 5 19 19 56
07 33 18 209 34 2024 4 5 19 19 56
12 27 11 124 25 2024 4 5 19 19 56
12 33 18 209 34 2024 4 5 19 19 56
01 06 77 131 20 2024 4 5 19 19 57
01 11 45 198 31 2024 4 5 19 19 57
01 14 18 124 32 2024 4 5 19 19 57
01 22 42 116 26 2024 4 5 19 19 57
08 14 18 124 31 2024 4 5 19 19 57
02 76 36 150 33 2024 4 5 19 19 57
02 88 37 235 13 2024 4 5 19 19 57
07 27 11 124 18 2024 4 5 19 19 57
07 33 18 209 34 2024 4 5 19 19 57
12 27 11 124 26 2024 4 5 19 19 57
12 33 18 209 33 2024 4 5 19 19 57
01 06 77 131 19 2024 4 5 19 19 58
01 11 45 198 32 2024 4 5 19 19 58
01 14 18 124 32 2024 4 5 19 19 58
01 22 42 116 26 2024 4 5 19 19 58
08 14 18 124 31 2024 4 5 19 19 58
02 76 36 150 33 2024 4 5 19 19 58
02 88 37 235 20 2024 4 5 19 19 58
07 27 11 124 21 2024 4 5 19 19 58
07 33 18 209 34 2024 4 5 19 19 58
12 27 11 124 25 2024 4 5 19 19 58
12 33 18 209 33 2024 4 5 19 19 58
01 06 77 131 19 2024 4 5 19 19 59
01 11 45 198 31 2024 4 5 19 19 59
01 14 18 124 32 2024 4 5 19 19 59
01 22 42 116 26 2024 4 5 19 19 59
08 06 77 131 07 2024 4 5 19 19 59
08 14 18 124 30 2024 4 5 19 19 59
02 76 36 150 33 2024 4 5 19 19 59
02 88 37 235 20 2024 4 5 19 19 59
07 27 11 124 19 2024 4 5 19 19 59
07 33 18 209 34 2024 4 5 19 19 59
12 27 11 124 25 2024 4 5 19 19 59
12 33 18 209 34 2024 4 5 19 19 59
01 06 77 131 21 2024 4 5 19 20 0
01 11 45 198 31 2024 4 5 19 20 0
01 14 18 124 32 2024 4 5 19 20 0
01 22 42 116 25 2024 4 5 19 20 0
08 14 18 124 30 2024 4 5 19 20 0
02 76 36 150 34 2024 4 5 19 20 0
02 88 37 235 19 2024 4 5 19 20 0
07 27 11 124 17 2024 4 5 19 20 0
07 33 18 209 34 2024 4 5 19 20 0
12 27 11 124 25 2024 4 5 19 20 0
12 33 18 209 34 2024 4 5 19 20 0
01 06 77 131 19 2024 4 5 19 20 1
01 11 45 198 31 2024 4 5 19 20 1
01 14 18 124 31 2024 4 5 19 20 1
01 22 42 116 25 2024 4 5 19 20 1
08 06 77 131 16 2024 4 5 19 20 1
08 14 18 124 31 2024 4 5 19 20 1
02 76 36 150 34 2024 4 5 19 20 1
02 88 37 235 16 2024 4 5 19 20 1
07 27 11 124 17 2024 4 5 19 20 1
07 33 18 209 34 2024 4 5 19 20 1
12 27 11 124 24 2024 4 5 19 20 1
12 33 18 209 34 2024 4 5 19 20 1
01 06 77 131 19 2024 4 5 19 20 2
01 11 45 198 31 2024 4 5 19 20 2
01 14 18 124 31 2024 4 5 19 20 2
01 22 42 116 24 2024 4 5 19 20 2
08 06 77 131 12 2024 4 5 19 20 2
08 14 18 124 31 2024 4 5 19 20 2
02 76 36 150 34 2024 4 5 19 20 2
02 88 37 235 18 2024 4 5 19 20 2
07 27 11 124 17 2024 4 5 19 20 2
07 33 18 209 34 2024 4 5 19 20 2
12 27 11 124 25 2024 4 5 19 20 2
12 33 18 209 34 2024 4 5 19 20 2
01 06 77 131 20 2024 4 5 19 20 3
01 11 45 198 31 2024 4 5 19 20 3
01 14 18 124 31 2024 4 5 19 20 3
01 22 42 116 25 2024 4 5 19 20 3
08 06 77 131 09 2024 4 5 19 20 3
08 14 18 124 31 2024 4 5 19 20 3
02 76 36 150 35 2024 4 5 19 20 3
02 88 37 235 19 2024 4 5 19 20 3
07 27 11 124 16 2024 4 5 19 20 3
07 33 18 209 34 2024 4 5 19 20 3
12 27 11 124 25 2024 4 5 19 20 3
12 33 18 209 34 2024 4 5 19 20 3
01 06 77 131 20 2024 4 5 19 20 4
01 11 45 198 32 2024 4 5 19 20 4
01 14 18 124 31 2024 4 5 19 20 4
01 22 42 116 26 2024 4 5 19 20 4
08 06 77 131 05 2024 4 5 19 20 4
08 14 18 124 31 2024 4 5 19 20 4
02 76 36 150 35 2024 4 5 19 20 4
02 88 37 235 21 2024 4 5 19 20 4
07 27 11 124 20 2024 4 5 19 20 4
07 33 18 209 35 2024 4 5 19 20 4
12 27 11 124 25 2024 4 5 19 20 4
12 33 18 209 35 2024 4 5 19 20 4
01 06 77 131 20 2024 4 5 19 20 5
01 11 45 198 32 2024 4 5 19 20 5
01 14 18 124 30 2024 4 5 19 20 5
01 22 42 116 27 2024 4 5 19 20 5
08 14 18 124 30 2024 4 5 19 20 5
02 76 36 150 34 2024 4 5 19 20 5
02 88 37 235 23 2024 4 5 19 20 5
07 27 11 124 18 2024 4 5 19 20 5
07 33 18 209 35 2024 4 5 19 20 5
12 27 11 124 25 2024 4 5 19 20 5
12 33 18 209 34 2024 4 5 19 20 5
01 06 77 131 17 2024 4 5 19 20 6
01 11 45 198 32 2024 4 5 19 20 6
01 14 18 124 29 2024 4 5 19 20 6
01 22 42 116 27 2024 4 5 19 20 6
08 06 77 131 13 2024 4 5 19 20 6
08 14 18 124 30 2024 4 5 19 20 6
02 76 36 150 33 2024 4 5 19 20 6
02 88 37 235 19 2024 4 5 19 20 6
07 27 11 124 20 2024 4 5 19 20 6
07 33 18 209 35 2024 4 5 19 20 6
12 27 11 124 25 2024 4 5 19 20 6
12 33 18 209 34 2024 4 5 19 20 6
01 06 77 131 18 2024 4 5 19 20 7
01 11 45 198 32 2024 4 5 19 20 7
01 14 18 124 29 2024 4 5 19 20 7
01 22 42 116 27 2024 4 5 19 20 7
08 14 18 124 31 2024 4 5 19 20 7
02 76 36 150 33 2024 4 5 19 20 7
02 88 37 235 21 2024 4 5 19 20 7
07 27 11 124 19 2024 4 5 19 20 7
07 33 18 209 35 2024 4 5 19 20 7
12 27 11 124 25 2024 4 5 19 20 7
12 33 18 209 34 2024 4 5 19 20 7
01 06 77 131 19 2024 4 5 19 20 8
01 11 45 198 33 2024 4 5 19 20 8
01 14 18 124 29 2024 4 5 19 20 8
01 22 42 116 26 2024 4 5 19 20 8
08 14 18 124 30 2024 4 5 19 20 8
02 76 36 150 33 2024 4 5 19 20 8
02 88 37 235 19 2024 4 5 19 20 8
07 27 11 124 20 2024 4 5 19 20 8
07 33 18 209 35 2024 4 5 19 20 8
12 27 11 124 25 2024 4 5 19 20 8
12 33 18 209 34 2024 4 5 19 20 8
01 06 77 131 19 2024 4 5 19 20 9
01 11 45 198 33 2024 4 5 19 20 9
01 14 18 124 30 2024 4 5 19 20 9
01 22 42 116 26 2024 4 5 19 20 9
08 14 18 124 30 2024 4 5 19 20 9
02 76 36 150 32 2024 4 5 19 20 9
02 88 37 235 16 2024 4 5 19 20 9
07 27 11 124 19 2024 4 5 19 20 9
07 33 18 209 34 2024 4 5 19 20 9
12 27 11 124 26 2024 4 5 19 20 9
12 33 18 209 34 2024 4 5 19 20 9
01 06 77 131 19 2024 4 5 19 20 10
01 11 45 198 33 2024 4 5 19 20 10
01 14 18 124 31 2024 4 5 19 20 10
01 22 42 116 26 2024 4 5 19 20 10
08 06 77 131 09 2024 4 5 19 20 10
08 14 18 124 30 2024 4 5 19 20 10
02 76 36 150 32 2024 4 5 19 20 10
02 88 37 235 12 2024 4 5 19 20 10
07 27 11 124 18 2024 4 5 19 20 10
07 33 18 209 34 2024 4 5 19 20 10
12 27 11 124 24 2024 4 5 19 20 10
12 33 18 209 34 2024 4 5 19 20 10
01 06 77 131 19 2024 4 5 19 20 11
01 11 45 198 33 2024 4 5 19 20 11
01 14 18 124 31 2024 4 5 19 20 11
01 22 42 116 26 2024 4 5 19 20 11
08 14 18 124 30 2024 4 5 19 20 11
02 76 36 150 32 2024 4 5 19 20 11
02 88 37 235 14 2024 4 5 19 20 11
07 27 11 124 17 2024 4 5 19 20 11
07 33 18 209 35 2024 4 5 19 20 11
12 27 11 124 24 2024 4 5 19 20 11
12 33 18 209 33 2024 4 5 19 20 11
01 06 77 131 19 2024 4 5 19 20 12
01 11 45 198 33 2024 4 5 19 20 12
01 14 18 124 31 2024 4 5 19 20 12
01 22 42 116 25 2024 4 5 19 20 12
08 06 77 131 10 2024 4 5 19 20 12
08 14 18 124 30 2024 4 5 19 20 12
02 76 36 150 32 2024 4 5 19 20 12
02 88 37 235 20 2024 4 5 19 20 12
07 27 11 124 17 2024 4 5 19 20 12
07 33 18 209 35 2024 4 5 19 20 12
12 27 11 124 25 2024 4 5 19 20 12
12 33 18 209 34 2024 4 5 19 20 12
01 06 77 130 19 2024 4 5 19 20 13
01 11 45 198 33 2024 4 5 19 20 13
01 14 18 124 32 2024 4 5 19 20 13
01 22 42 116 26 2024 4 5 19 20 13
08 06 77 130 10 2024 4 5 19 20 13
08 14 18 124 30 2024 4 5 19 20 13
02 76 36 150 32 2024 4 5 19 20 13
02 88 37 235 20 2024 4 5 19 20 13
07 27 11 124 15 2024 4 5 19 20 13
07 33 18 209 35 2024 4 5 19 20 13
12 27 11 124 24 2024 4 5 19 20 13
12 33 18 209 34 2024 4 5 19 20 13
01 06 77 130 17 2024 4 5 19 20 14
01 11 45 198 34 2024 4 5 19 20 14
01 14 18 124 31 2024 4 5 19 20 14
01 22 41 116 25 2024 4 5 19 20 14
08 06 77 130 10 2024 4 5 19 20 14
08 14 18 124 30 2024 4 5 19 20 14
02 76 36 150 32 2024 4 5 19 20 14
02 88 37 235 23 2024 4 5 19 20 14
07 27 11 124 16 2024 4 5 19 20 14
07 33 18 209 35 2024 4 5 19 20 14
12 27 11 124 24 2024 4 5 19 20 14
12 33 18 209 34 2024 4 5 19 20 14
01 06 77 130 16 2024 4 5 19 20 15
01 11 45 198 33 2024 4 5 19 20 15
01 14 18 124 31 2024 4 5 19 20 15
01 22 41 116 27 2024 4 5 19 20 15
08 06 77 130 06 2024 4 5 19 20 15
08 14 18 124 30 2024 4 5 19 20 15
02 76 36 150 32 2024 4 5 19 20 15
02 88 37 235 23 2024 4 5 19 20 15
07 27 11 124 15 2024 4 5 19 20 15
07 33 18 209 35 2024 4 5 19 20 15
12 27 11 124 24 2024 4 5 19 20 15
12 33 18 209 34 2024 4 5 19 20 15
01 06 77 130 17 2024 4 5 19 20 16
01 11 45 198 32 2024 4 5 19 20 16
01 14 18 124 30 2024 4 5 19 20 16
01 22 41 116 27 2024 4 5 19 20 16
08 06 77 130 09 2024 4 5 19 20 16
08 14 18 124 30 2024 4 5 19 20 16
02 76 36 150 32 2024 4 5 19 20 16
02 88 37 235 24 2024 4 5 19 20 16
07 27 11 124 11 2024 4 5 19 20 16
07 33 18 209 35 2024 4 5 19 20 16
12 27 11 124 23 2024 4 5 19 20 16
12 33 18 209 35 2024 4 5 19 20 16
01 06 77 130 19 2024 4 5 19 20 17
01 11 45 198 33 2024 4 5 19 20 17
01 14 18 124 30 2024 4 5 19 20 17
01 22 41 116 29 2024 4 5 19 20 17
08 06 77 130 08 2024 4 5 19 20 17
08 14 18 124 30 2024 4 5 19 20 17
02 76 36 150 32 2024 4 5 19 20 17
02 88 37 235 24 2024 4 5 19 20 17
07 27 11 124 04 2024 4 5 19 20 17
07 33 18 209 35 2024 4 5 19 20 17
12 27 11 124 24 2024 4 5 19 20 17
12 33 18 209 34 2024 4 5 19 20 17
01 06 77 130 20 2024 4 5 19 20 18
01 11 45 198 33 2024 4 5 19 20 18
01 14 18 124 31 2024 4 5 19 20 18
01 22 41 116 29 2024 4 5 19 20 18
08 06 77 130 12 2024 4 5 19 20 18
08 14 18 124 30 2024 4 5 19 20 18
02 76 36 150 32 2024 4 5 19 20 18
02 88 37 235 23 2024 4 5 19 20 18
07 27 11 124 12 2024 4 5 19 20 18
07 33 18 209 35 2024 4 5 19 20 18
12 27 11 124 23 2024 4 5 19 20 18
12 33 18 209 34 2024 4 5 19 20 18
01 06 77 130 22 2024 4 5 19 20 19
01 11 45 198 34 2024 4 5 19 20 19
01 14 18 124 32 2024 4 5 19 20 19
01 22 41 116 29 2024 4 5 19 20 19
08 06 77 130 11 2024 4 5 19 20 19
08 14 18 124 30 2024 4 5 19 20 19
02 76 36 150 33 2024 4 5 19 20 19
02 88 37 235 24 2024 4 5 19 20 19
07 27 11 124 09 2024 4 5 19 20 19
07 33 18 209 35 2024 4 5 19 20 19
12 27 11 124 23 2024 4 5 19 20 19
12 33 18 209 33 2024 4 5 19 20 19
01 06 77 130 22 2024 4 5 19 20 20
01 11 45 198 34 2024 4 5 19 20 20
01 14 18 124 32 2024 4 5 19 20 20
01 22 41 116 27 2024 4 5 19 20 20
08 06 77 130 13 2024 4 5 19 20 20
08 14 18 124 29 2024 4 5 19 20 20
02 76 36 150 33 2024 4 5 19 20 20
02 88 37 235 23 2024 4 5 19 20 20
07 27 11 124 13 2024 4 5 19 20 20
07 33 18 209 35 2024 4 5 19 20 20
12 27 11 124 23 2024 4 5 19 20 20
12 33 18 209 33 2024 4 5 19 20 20
01 06 77 130 21 2024 4 5 19 20 21
01 11 45 198 33 2024 4 5 19 20 21
01 14 18 124 31 2024 4 5 19 20 21
01 22 41 116 28 2024 4 5 19 20 21
01 24 41 261 06 2024 4 5 19 20 21
08 06 77 130 10 2024 4 5 19 20 21
08 14 18 124 30 2024 4 5 19 20 21
02 76 36 150 34 2024 4 5 19 20 21
02 88 37 235 20 2024 4 5 19 20 21
07 27 11 124 13 2024 4 5 19 20 21
07 33 18 209 35 2024 4 5 19 20 21
12 27 11 124 24 2024 4 5 19 20 21
12 33 18 209 34 2024 4 5 19 20 21
01 06 77 130 21 2024 4 5 19 20 22
01 11 45 198 33 2024 4 5 19 20 22
01 14 18 124 31 2024 4 5 19 20 22
01 22 41 116 27 2024 4 5 19 20 22
01 24 41 261 16 2024 4 5 19 20 22
08 06 77 130 14 2024 4 5 19 20 22
08 14 18 124 31 2024 4 5 19 20 22
02 76 36 150 33 2024 4 5 19 20 22
02 88 37 235 21 2024 4 5 19 20 22
07 27 11 124 13 2024 4 5 19 20 22
07 33 18 209 35 2024 4 5 19 20 22
12 27 11 124 23 2024 4 5 19 20 22
12 33 18 209 33 2024 4 5 19 20 22
01 06 77 130 19 2024 4 5 19 20 23
01 11 45 198 32 2024 4 5 19 20 23
01 14 18 124 31 2024 4 5 19 20 23
01 22 41 116 26 2024 4 5 19 20 23
01 24 41 261 18 2024 4 5 19 20 23
08 06 77 130 12 2024 4 5 19 20 23
08 14 18 124 31 2024 4 5 19 20 23
02 76 36 150 33 2024 4 5 19 20 23
02 88 37 235 23 2024 4 5 19 20 23
07 27 11 124 17 2024 4 5 19 20 23
07 33 18 209 35 2024 4 5 19 20 23
12 27 11 124 23 2024 4 5 19 20 23
12 33 18 209 34 2024 4 5 19 20 23
01 06 77 130 20 2024 4 5 19 20 24
01 11 45 198 33 2024 4 5 19 20 24
01 14 18 124 32 2024 4 5 19 20 24
01 22 41 116 26 2024 4 5 19 20 24
01 24 41 261 18 2024 4 5 19 20 24
08 14 18 124 30 2024 4 5 19 20 24
02 76 36 150 33 2024 4 5 19 20 24
02 88 37 235 24 2024 4 5 19 20 24
07 33 18 209 35 2024 4 5 19 20 24
12 27 11 124 24 2024 4 5 19 20 24
12 33 18 209 34 2024 4 5 19 20 24
01 06 77 130 19 2024 4 5 19 20 25
01 11 45 198 33 2024 4 5 19 20 25
01 14 18 124 31 2024 4 5 19 20 25
01 22 41 116 26 2024 4 5 19 20 25
01 24 41 261 17 2024 4 5 19 20 25
08 06 77 130 04 2024 4 5 19 20 25
08 14 18 124 31 2024 4 5 19 20 25
02 76 36 150 33 2024 4 5 19 20 25
02 88 37 235 25 2024 4 5 19 20 25
07 33 18 209 35 2024 4 5 19 20 25
12 27 11 124 24 2024 4 5 19 20 25
12 33 18 209 33 2024 4 5 19 20 25
01 06 77 130 19 2024 4 5 19 20 26
01 11 46 198 33 2024 4 5 19 20 26
01 14 18 124 31 2024 4 5 19 20 26
01 22 41 116 27 2024 4 5 19 20 26
01 24 41 261 18 2024 4 5 19 20 26
08 06 77 130 14 2024 4 5 19 20 26
08 14 18 124 31 2024 4 5 19 20 26
02 76 36 150 34 2024 4 5 19 20 26
02 88 37 235 25 2024 4 5 19 20 26
07 33 18 209 35 2024 4 5 19 20 26
12 27 11 124 25 2024 4 5 19 20 26
12 33 18 209 33 2024 4 5 19 20 26
01 06 77 130 20 2024 4 5 19 20 27
01 11 46 198 33 2024 4 5 19 20 27
01 14 18 124 31 2024 4 5 19 20 27
01 22 41 117 26 2024 4 5 19 20 27
01 24 41 261 16 2024 4 5 19 20 27
08 06 77 130 09 2024 4 5 19 20 27
08 14 18 124 31 2024 4 5 19 20 27
02 76 36 150 33 2024 4 5 19 20 27
02 88 37 235 26 2024 4 5 19 20 27
07 33 18 209 35 2024 4 5 19 20 27
12 27 11 124 23 2024 4 5 19 20 27
12 33 18 209 33 2024 4 5 19 20 27
01 06 77 130 19 2024 4 5 19 20 28
01 11 46 198 32 2024 4 5 19 20 28
01 14 18 124 31 2024 4 5 19 20 28
01 22 41 117 25 2024 4 5 19 20 28
01 24 41 261 18 2024 4 5 19 20 28
08 06 77 130 11 2024 4 5 19 20 28
08 14 18 124 31 2024 4 5 19 20 28
02 76 36 150 33 2024 4 5 19 20 28
02 88 37 235 27 2024 4 5 19 20 28
07 33 18 209 35 2024 4 5 19 20 28
12 27 11 124 23 2024 4 5 19 20 28
12 33 18 209 34 2024 4 5 19 20 28
01 06 77 130 18 2024 4 5 19 20 29
01 11 46 198 32 2024 4 5 19 20 29
01 14 18 124 31 2024 4 5 19 20 29
01 22 41 117 24 2024 4 5 19 20 29
01 24 41 261 17 2024 4 5 19 20 29
08 06 77 130 11 2024 4 5 19 20 29
08 14 18 124 31 2024 4 5 19 20 29
02 76 36 150 32 2024 4 5 19 20 29
02 88 37 235 29 2024 4 5 19 20 29
07 33 18 209 34 2024 4 5 19 20 29
12 27 11 124 24 2024 4 5 19 20 29
12 33 18 209 33 2024 4 5 19 20 29
01 06 77 130 18 2024 4 5 19 20 30
01 11 46 198 32 2024 4 5 19 20 30
01 14 18 124 31 2024 4 5 19 20 30
01 22 41 117 25 2024 4 5 19 20 30
01 24 41 261 16 2024 4 5 19 20 30
08 06 77 130 12 2024 4 5 19 20 30
08 14 18 124 31 2024 4 5 19 20 30
02 76 36 150 32 2024 4 5 19 20 30
02 88 37 235 28 2024 4 5 19 20 30
07 33 18 209 34 2024 4 5 19 20 30
12 27 11 124 23 2024 4 5 19 20 30
12 33 18 209 33 2024 4 5 19 20 30
01 06 77 130 18 2024 4 5 19 20 31
01 11 46 198 32 2024 4 5 19 20 31
01 14 18 124 31 2024 4 5 19 20 31
01 22 41 117 27 2024 4 5 19 20 31
01 24 41 261 16 2024 4 5 19 20 31
08 06 77 130 10 2024 4 5 19 20 31
08 14 18 124 31 2024 4 5 19 20 31
02 76 36 150 32 2024 4 5 19 20 31
02 88 37 235 29 2024 4 5 19 20 31
07 33 18 209 34 2024 4 5 19 20 31
12 27 11 124 24 2024 4 5 19 20 31
12 33 18 209 33 2024 4 5 19 20 31
01 06 77 130 20 2024 4 5 19 20 32
01 11 46 198 32 2024 4 5 19 20 32
01 14 18 124 31 2024 4 5 19 20 32
01 22 41 117 27 2024 4 5 19 20 32
01 24 41 261 21 2024 4 5 19 20 32
08 06 77 130 09 2024 4 5 19 20 32
08 14 18 124 32 2024 4 5 19 20 32
02 76 36 150 32 2024 4 5 19 20 32
02 88 37 235 29 2024 4 5 19 20 32
07 33 18 209 34 2024 4 5 19 20 32
12 27 11 124 23 2024 4 5 19 20 32
12 33 18 209 33 2024 4 5 19 20 32
01 06 77 130 18 2024 4 5 19 20 33
01 11 46 198 32 2024 4 5 19 20 33
01 14 18 124 30 2024 4 5 19 20 33
01 22 41 117 28 2024 4 5 19 20 33
01 24 41 261 20 2024 4 5 19 20 33
08 06 77 130 10 2024 4 5 19 20 33
08 14 18 124 31 2024 4 5 19 20 33
02 76 36 150 31 2024 4 5 19 20 33
02 88 37 235 28 2024 4 5 19 20 33
07 33 18 209 34 2024 4 5 19 20 33
12 27 11 124 23 2024 4 5 19 20 33
12 33 18 209 32 2024 4 5 19 20 33
01 06 77 130 20 2024 4 5 19 20 34
01 11 46 198 32 2024 4 5 19 20 34
01 14 18 124 31 2024 4 5 19 20 34
01 22 41 117 29 2024 4 5 19 20 34
01 24 41 261 19 2024 4 5 19 20 34
08 06 77 130 13 2024 4 5 19 20 34
08 14 18 124 31 2024 4 5 19 20 34
02 76 36 150 31 2024 4 5 19 20 34
02 88 37 235 27 2024 4 5 19 20 34
07 33 18 209 35 2024 4 5 19 20 34
12 27 11 124 23 2024 4 5 19 20 34
12 33 18 209 32 2024 4 5 19 20 34
01 06 77 130 20 2024 4 5 19 20 35
01 11 46 198 32 2024 4 5 19 20 35
01 14 18 124 30 2024 4 5 19 20 35
01 22 41 117 27 2024 4 5 19 20 35
01 24 41 261 16 2024 4 5 19 20 35
08 06 77 130 08 2024 4 5 19 20 35
08 14 18 124 31 2024 4 5 19 20 35
02 76 36 150 31 2024 4 5 19 20 35
02 88 37 235 26 2024 4 5 19 20 35
07 33 18 209 35 2024 4 5 19 20 35
12 27 11 124 22 2024 4 5 19 20 35
12 33 18 209 32 2024 4 5 19 20 35
01 06 77 130 21 2024 4 5 19 20 36
01 11 46 198 33 2024 4 5 19 20 36
01 14 18 124 30 2024 4 5 19 20 36
01 22 41 117 24 2024 4 5 19 20 36
01 24 41 261 15 2024 4 5 19 20 36
08 06 77 130 06 2024 4 5 19 20 36
08 14 18 124 31 2024 4 5 19 20 36
02 76 36 150 32 2024 4 5 19 20 36
02 88 37 235 25 2024 4 5 19 20 36
07 33 18 209 35 2024 4 5 19 20 36
12 27 11 124 22 2024 4 5 19 20 36
12 33 18 209 32 2024 4 5 19 20 36
01 06 77 130 20 2024 4 5 19 20 37
01 11 46 198 33 2024 4 5 19 20 37
01 14 18 124 30 2024 4 5 19 20 37
01 22 41 117 23 2024 4 5 19 20 37
01 24 41 261 11 2024 4 5 19 20 37
08 06 77 130 10 2024 4 5 19 20 37
08 14 18 124 31 2024 4 5 19 20 37
02 76 36 150 32 2024 4 5 19 20 37
02 88 37 235 26 2024 4 5 19 20 37
07 33 18 209 35 2024 4 5 19 20 37
12 27 11 124 24 2024 4 5 19 20 37
12 33 18 209 32 2024 4 5 19 20 37
01 06 77 130 19 2024 4 5 19 20 38
01 11 46 198 33 2024 4 5 19 20 38
01 14 18 124 29 2024 4 5 19 20 38
01 22 41 117 23 2024 4 5 19 20 38
01 24 41 261 12 2024 4 5 19 20 38
08 06 77 130 13 2024 4 5 19 20 38
08 14 18 124 31 2024 4 5 19 20 38
02 76 36 150 32 2024 4 5 19 20 38
02 88 37 235 26 2024 4 5 19 20 38
07 33 18 209 35 2024 4 5 19 20 38
12 27 11 124 23 2024 4 5 19 20 38
12 33 18 209 32 2024 4 5 19 20 38
01 06 77 130 19 2024 4 5 19 20 39
01 11 46 198 34 2024 4 5 19 20 39
01 14 18 124 29 2024 4 5 19 20 39
01 22 41 117 26 2024 4 5 19 20 39
01 24 41 261 02 2024 4 5 19 20 39
08 06 77 130 14 2024 4 5 19 20 39
08 14 18 124 31 2024 4 5 19 20 39
02 76 36 150 32 2024 4 5 19 20 39
02 88 37 235 26 2024 4 5 19 20 39
07 33 18 209 35 2024 4 5 19 20 39
12 27 11 124 23 2024 4 5 19 20 39
12 33 18 209 33 2024 4 5 19 20 39
01 06 77 130 20 2024 4 5 19 20 40
01 11 46 198 34 2024 4 5 19 20 40
01 14 18 124 28 2024 4 5 19 20 40
01 22 41 117 27 2024 4 5 19 20 40
01 24 41 261 07 2024 4 5 19 20 40
08 06 77 130 13 2024 4 5 19 20 40
08 14 18 124 31 2024 4 5 19 20 40
08 24 41 261 08 2024 4 5 19 20 40
02 76 36 150 32 2024 4 5 19 20 40
02 88 37 235 26 2024 4 5 19 20 40
07 33 18 209 35 2024 4 5 19 20 40
12 27 11 124 24 2024 4 5 19 20 40
12 33 18 209 33 2024 4 5 19 20 40
01 06 77 130 18 2024 4 5 19 20 41
01 11 46 198 34 2024 4 5 19 20 41
01 14 18 124 26 2024 4 5 19 20 41
01 22 41 117 28 2024 4 5 19 20 41
01 24 41 261 10 2024 4 5 19 20 41
08 06 77 130 11 2024 4 5 19 20 41
08 14 18 124 31 2024 4 5 19 20 41
02 76 36 150 32 2024 4 5 19 20 41
02 88 37 235 25 2024 4 5 19 20 41
07 33 18 209 35 2024 4 5 19 20 41
12 27 11 124 23 2024 4 5 19 20 41
12 33 18 209 33 2024 4 5 19 20 41
01 06 77 130 18 2024 4 5 19 20 42
01 11 46 198 34 2024 4 5 19 20 42
01 14 18 124 26 2024 4 5 19 20 42
01 22 41 117 27 2024 4 5 19 20 42
01 24 41 261 11 2024 4 5 19 20 42
08 06 77 130 14 2024 4 5 19 20 42
08 14 18 124 31 2024 4 5 19 20 42
02 76 36 150 31 2024 4 5 19 20 42
02 88 37 235 24 2024 4 5 19 20 42
07 33 18 209 35 2024 4 5 19 20 42
12 27 11 124 23 2024 4 5 19 20 42
12 33 18 209 33 2024 4 5 19 20 42
01 06 77 130 13 2024 4 5 19 20 43
01 11 46 198 33 2024 4 5 19 20 43
01 14 18 124 27 2024 4 5 19 20 43
01 22 41 117 27 2024 4 5 19 20 43
01 24 41 261 18 2024 4 5 19 20 43
08 06 77 130 12 2024 4 5 19 20 43
08 14 18 124 31 2024 4 5 19 20 43
08 24 41 261 02 2024 4 5 19 20 43
02 76 36 150 29 2024 4 5 19 20 43
02 88 37 235 25 2024 4 5 19 20 43
07 33 18 209 35 2024 4 5 19 20 43
12 27 11 124 24 2024 4 5 19 20 43
12 33 18 209 33 2024 4 5 19 20 43
01 06 77 130 09 2024 4 5 19 20 44
01 11 46 198 33 2024 4 5 19 20 44
01 14 18 124 27 2024 4 5 19 20 44
01 22 41 117 27 2024 4 5 19 20 44
01 24 41 261 18 2024 4 5 19 20 44
08 06 77 130 12 2024 4 5 19 20 44
08 14 18 124 31 2024 4 5 19 20 44
02 76 36 150 30 2024 4 5 19 20 44
02 88 37 235 26 2024 4 5 19 20 44
07 33 18 209 35 2024 4 5 19 20 44
12 27 11 124 26 2024 4 5 19 20 44
12 33 18 209 33 2024 4 5 19 20 44
01 11 46 198 33 2024 4 5 19 20 45
01 14 18 124 28 2024 4 5 19 20 45
01 22 41 117 27 2024 4 5 19 20 45
01 24 41 261 16 2024 4 5 19 20 45
08 06 77 130 08 2024 4 5 19 20 45
08 14 18 124 32 2024 4 5 19 20 45
02 76 36 150 30 2024 4 5 19 20 45
02 88 37 235 27 2024 4 5 19 20 45
07 33 18 209 35 2024 4 5 19 20 45
12 27 11 124 25 2024 4 5 19 20 45
12 33 18 209 33 2024 4 5 19 20 45
01 06 77 130 10 2024 4 5 19 20 46
01 11 46 198 33 2024 4 5 19 20 46
01 14 18 124 28 2024 4 5 19 20 46
01 22 41 117 28 2024 4 5 19 20 46
01 24 41 261 17 2024 4 5 19 20 46
08 06 77 130 13 2024 4 5 19 20 46
08 14 18 124 31 2024 4 5 19 20 46
02 76 36 150 30 2024 4 5 19 20 46
02 88 37 235 27 2024 4 5 19 20 46
07 33 18 209 35 2024 4 5 19 20 46
12 27 11 125 24 2024 4 5 19 20 46
12 33 18 209 32 2024 4 5 19 20 46
01 06 77 130 14 2024 4 5 19 20 47
01 11 46 198 33 2024 4 5 19 20 47
01 14 18 124 28 2024 4 5 19 20 47
01 22 41 117 29 2024 4 5 19 20 47
01 24 41 261 14 2024 4 5 19 20 47
08 06 77 130 13 2024 4 5 19 20 47
08 14 18 124 31 2024 4 5 19 20 47
08 24 41 261 09 2024 4 5 19 20 47
02 76 36 150 30 2024 4 5 19 20 47
02 88 37 235 27 2024 4 5 19 20 47
07 33 18 209 35 2024 4 5 19 20 47
12 27 11 125 25 2024 4 5 19 20 47
12 33 18 209 33 2024 4 5 19 20 47
01 06 77 130 14 2024 4 5 19 20 48
01 11 46 198 33 2024 4 5 19 20 48
01 14 18 124 27 2024 4 5 19 20 48
01 22 41 117 29 2024 4 5 19 20 48
01 24 41 261 14 2024 4 5 19 20 48
08 06 77 130 08 2024 4 5 19 20 48
08 14 18 124 32 2024 4 5 19 20 48
02 76 36 150 30 2024 4 5 19 20 48
02 88 37 235 27 2024 4 5 19 20 48
07 33 18 209 35 2024 4 5 19 20 48
12 27 11 125 25 2024 4 5 19 20 48
12 33 18 209 33 2024 4 5 19 20 48
01 06 77 130 14 2024 4 5 19 20 49
01 11 46 198 33 2024 4 5 19 20 49
01 14 18 124 27 2024 4 5 19 20 49
01 22 41 117 29 2024 4 5 19 20 49
01 24 41 261 09 2024 4 5 19 20 49
08 06 77 130 14 2024 4 5 19 20 49
08 14 18 124 32 2024 4 5 19 20 49
08 24 41 261 11 2024 4 5 19 20 49
02 76 36 150 29 2024 4 5 19 20 49
02 88 37 235 28 2024 4 5 19 20 49
07 33 18 209 35 2024 4 5 19 20 49
12 27 11 125 26 2024 4 5 19 20 49
12 33 18 209 33 2024 4 5 19 20 49
01 06 77 130 14 2024 4 5 19 20 50
01 11 46 198 33 2024 4 5 19 20 50
01 14 18 124 28 2024 4 5 19 20 50
01 22 41 117 29 2024 4 5 19 20 50
01 24 41 261 10 2024 4 5 19 20 50
08 06 77 130 13 2024 4 5 19 20 50
08 14 18 124 32 2024 4 5 19 20 50
08 24 41 261 14 2024 4 5 19 20 50
02 76 36 150 28 2024 4 5 19 20 50
02 88 37 235 29 2024 4 5 19 20 50
07 33 18 209 35 2024 4 5 19 20 50
12 27 11 125 26 2024 4 5 19 20 50
12 33 18 209 33 2024 4 5 19 20 50
01 06 78 129 17 2024 4 5 19 20 51
01 11 46 198 33 2024 4 5 19 20 51
01 14 18 124 27 2024 4 5 19 20 51
01 22 41 117 29 2024 4 5 19 20 51
01 24 41 261 08 2024 4 5 19 20 51
08 06 78 129 13 2024 4 5 19 20 51
08 14 18 124 32 2024 4 5 19 20 51
08 24 41 261 08 2024 4 5 19 20 51
02 76 36 150 28 2024 4 5 19 20 51
02 88 37 235 30 2024 4 5 19 20 51
07 33 18 209 35 2024 4 5 19 20 51
12 27 11 125 26 2024 4 5 19 20 51
12 33 18 209 33 2024 4 5 19 20 51
