01 03 13 058 15 2024 4 5 18 45 22
01 14 31 113 26 2024 4 5 18 45 22
02 76 54 136 25 2024 4 5 18 45 22
06 46 23 148 36 2024 4 5 18 45 22
01 03 13 058 18 2024 4 5 18 45 23
01 14 31 113 26 2024 4 5 18 45 23
02 76 54 136 25 2024 4 5 18 45 23
02 88 22 221 24 2024 4 5 18 45 23
06 46 23 148 37 2024 4 5 18 45 23
01 03 13 058 20 2024 4 5 18 45 24
01 14 31 113 26 2024 4 5 18 45 24
02 76 54 136 24 2024 4 5 18 45 24
02 88 22 221 20 2024 4 5 18 45 24
06 46 23 148 37 2024 4 5 18 45 24
11 46 23 148 26 2024 4 5 18 45 24
01 03 13 058 21 2024 4 5 18 45 25
01 14 31 113 26 2024 4 5 18 45 25
08 14 31 113 23 2024 4 5 18 45 25
02 76 54 136 26 2024 4 5 18 45 25
02 88 22 221 20 2024 4 5 18 45 25
06 46 23 148 37 2024 4 5 18 45 25
11 46 23 148 27 2024 4 5 18 45 25
01 03 13 058 20 2024 4 5 18 45 26
01 14 31 113 25 2024 4 5 18 45 26
08 14 31 113 22 2024 4 5 18 45 26
02 76 54 136 26 2024 4 5 18 45 26
02 88 22 221 24 2024 4 5 18 45 26
06 46 23 148 37 2024 4 5 18 45 26
11 46 23 148 28 2024 4 5 18 45 26
01 03 13 058 20 2024 4 5 18 45 27
01 14 31 113 25 2024 4 5 18 45 27
08 14 31 113 21 2024 4 5 18 45 27
02 76 54 136 27 2024 4 5 18 45 27
02 88 22 221 31 2024 4 5 18 45 27
06 46 23 148 37 2024 4 5 18 45 27
11 46 23 148 28 2024 4 5 18 45 27
01 03 13 058 20 2024 4 5 18 45 28
01 14 31 113 24 2024 4 5 18 45 28
08 14 31 113 22 2024 4 5 18 45 28
02 76 54 136 28 2024 4 5 18 45 28
02 88 22 221 30 2024 4 5 18 45 28
06 46 23 148 37 2024 4 5 18 45 28
11 46 23 148 29 2024 4 5 18 45 28
01 03 13 058 21 2024 4 5 18 45 29
01 14 31 113 25 2024 4 5 18 45 29
08 14 31 113 21 2024 4 5 18 45 29
02 76 54 136 29 2024 4 5 18 45 29
02 88 22 221 31 2024 4 5 18 45 29
06 46 23 148 38 2024 4 5 18 45 29
11 46 23 148 30 2024 4 5 18 45 29
01 03 13 058 21 2024 4 5 18 45 30
01 14 31 113 25 2024 4 5 18 45 30
08 14 31 113 21 2024 4 5 18 45 30
02 76 54 136 29 2024 4 5 18 45 30
02 88 22 221 31 2024 4 5 18 45 30
06 46 23 148 38 2024 4 5 18 45 30
11 46 23 148 30 2024 4 5 18 45 30
01 03 13 058 20 2024 4 5 18 45 31
01 14 31 113 26 2024 4 5 18 45 31
08 14 31 113 21 2024 4 5 18 45 31
02 76 54 136 30 2024 4 5 18 45 31
02 88 22 221 30 2024 4 5 18 45 31
06 46 23 148 38 2024 4 5 18 45 31
11 46 23 148 31 2024 4 5 18 45 31
01 03 13 058 20 2024 4 5 18 45 32
01 14 31 113 25 2024 4 5 18 45 32
08 14 31 113 21 2024 4 5 18 45 32
02 76 54 136 32 2024 4 5 18 45 32
02 88 22 221 30 2024 4 5 18 45 32
06 46 23 148 38 2024 4 5 18 45 32
11 46 23 148 31 2024 4 5 18 45 32
01 03 13 058 20 2024 4 5 18 45 33
01 14 31 113 25 2024 4 5 18 45 33
08 14 31 113 21 2024 4 5 18 45 33
02 76 54 136 31 2024 4 5 18 45 33
02 88 22 221 29 2024 4 5 18 45 33
06 46 23 148 37 2024 4 5 18 45 33
11 46 23 148 31 2024 4 5 18 45 33
01 03 13 058 19 2024 4 5 18 43 23
01 14 31 113 25 2024 4 5 18 43 23
08 14 31 113 21 2024 4 5 18 43 23
02 76 54 136 30 2024 4 5 18 43 23
02 88 22 221 29 2024 4 5 18 43 23
06 46 23 148 37 2024 4 5 18 43 23
11 46 23 148 32 2024 4 5 18 43 23
07 33 06 205 32 2024 4 5 18 43 23
01 03 13 058 18 2024 4 5 18 43 24
01 14 31 113 27 2024 4 5 18 43 24
08 14 31 113 21 2024 4 5 18 43 24
02 76 55 134 29 2024 4 5 18 43 24
02 88 21 221 29 2024 4 5 18 43 24
06 46 23 148 37 2024 4 5 18 43 24
11 46 23 148 32 2024 4 5 18 43 24
07 33 06 205 32 2024 4 5 18 43 24
01 03 13 058 18 2024 4 5 18 43 25
01 14 31 113 28 2024 4 5 18 43 25
08 14 31 113 23 2024 4 5 18 43 25
02 76 55 134 29 2024 4 5 18 43 25
02 88 21 221 30 2024 4 5 18 43 25
06 46 23 148 36 2024 4 5 18 43 25
11 46 23 148 31 2024 4 5 18 43 25
07 33 06 205 33 2024 4 5 18 43 25
12 33 06 205 29 2024 4 5 18 43 25
01 03 13 058 16 2024 4 5 18 43 26
01 14 31 113 27 2024 4 5 18 43 26
08 03 13 058 08 2024 4 5 18 43 26
08 14 31 113 21 2024 4 5 18 43 26
02 76 55 134 29 2024 4 5 18 43 26
02 88 21 221 30 2024 4 5 18 43 26
06 46 24 148 36 2024 4 5 18 43 26
11 46 24 148 31 2024 4 5 18 43 26
07 33 06 205 32 2024 4 5 18 43 26
12 33 06 205 31 2024 4 5 18 43 26
01 03 13 058 13 2024 4 5 18 43 27
01 14 31 113 26 2024 4 5 18 43 27
08 14 31 113 22 2024 4 5 18 43 27
02 76 55 134 29 2024 4 5 18 43 27
02 88 21 221 31 2024 4 5 18 43 27
06 46 24 148 36 2024 4 5 18 43 27
11 46 24 148 31 2024 4 5 18 43 27
07 33 06 205 33 2024 4 5 18 43 27
12 33 06 205 32 2024 4 5 18 43 27
01 03 13 058 17 2024 4 5 18 43 28
01 14 31 113 26 2024 4 5 18 43 28
08 03 13 058 06 2024 4 5 18 43 28
08 14 31 113 19 2024 4 5 18 43 28
02 76 55 134 29 2024 4 5 18 43 28
02 88 21 221 30 2024 4 5 18 43 28
06 46 24 148 36 2024 4 5 18 43 28
11 46 24 148 32 2024 4 5 18 43 28
07 33 06 205 33 2024 4 5 18 43 28
12 33 06 205 33 2024 4 5 18 43 28
