01 11 46 198 31 2024 4 5 19 21 7
01 22 41 117 28 2024 4 5 19 21 7
02 76 36 150 24 2024 4 5 19 21 7
02 88 37 236 22 2024 4 5 19 21 7
06 36 54 178 27 2024 4 5 19 21 7
06 46 09 153 31 2024 4 5 19 21 7
01 11 46 198 32 2024 4 5 19 21 10
01 22 41 117 29 2024 4 5 19 21 10
02 76 36 150 25 2024 4 5 19 21 10
02 88 37 236 31 2024 4 5 19 21 10
06 36 54 178 28 2024 4 5 19 21 10
06 46 09 153 32 2024 4 5 19 21 10
01 11 46 198 32 2024 4 5 19 21 11
01 14 18 124 24 2024 4 5 19 21 11
01 22 41 117 29 2024 4 5 19 21 11
02 76 36 150 27 2024 4 5 19 21 11
02 88 37 236 31 2024 4 5 19 21 11
06 36 54 178 29 2024 4 5 19 21 11
06 46 09 153 32 2024 4 5 19 21 11
01 11 46 198 33 2024 4 5 19 21 12
01 14 18 124 24 2024 4 5 19 21 12
01 22 41 117 28 2024 4 5 19 21 12
02 76 36 150 27 2024 4 5 19 21 12
02 88 37 236 30 2024 4 5 19 21 12
06 36 54 178 29 2024 4 5 19 21 12
06 46 09 153 33 2024 4 5 19 21 12
11 46 09 153 32 2024 4 5 19 21 12
01 11 46 198 32 2024 4 5 19 21 13
01 14 18 124 25 2024 4 5 19 21 13
01 22 41 117 29 2024 4 5 19 21 13
02 76 36 150 28 2024 4 5 19 21 13
02 88 37 236 31 2024 4 5 19 21 13
06 36 54 178 30 2024 4 5 19 21 13
06 46 09 153 34 2024 4 5 19 21 13
11 36 54 178 20 2024 4 5 19 21 13
11 46 09 153 32 2024 4 5 19 21 13
01 11 46 198 33 2024 4 5 19 21 14
01 14 18 124 26 2024 4 5 19 21 14
01 22 41 117 30 2024 4 5 19 21 14
02 76 36 150 26 2024 4 5 19 21 14
02 88 37 236 30 2024 4 5 19 21 14
06 36 54 178 31 2024 4 5 19 21 14
06 46 09 153 34 2024 4 5 19 21 14
11 36 54 178 21 2024 4 5 19 21 14
11 46 09 153 32 2024 4 5 19 21 14
01 11 46 198 32 2024 4 5 19 21 15
01 14 18 124 27 2024 4 5 19 21 15
01 20 05 174 22 2024 4 5 19 21 15
01 22 41 117 30 2024 4 5 19 21 15
08 14 18 124 31 2024 4 5 19 21 15
02 76 36 150 26 2024 4 5 19 21 15
02 88 37 236 30 2024 4 5 19 21 15
06 36 54 178 31 2024 4 5 19 21 15
06 46 09 153 34 2024 4 5 19 21 15
11 36 54 178 22 2024 4 5 19 21 15
11 46 09 153 32 2024 4 5 19 21 15
01 11 46 198 32 2024 4 5 19 21 16
01 14 18 124 27 2024 4 5 19 21 16
01 20 05 174 31 2024 4 5 19 21 16
01 22 41 117 30 2024 4 5 19 21 16
08 14 18 124 32 2024 4 5 19 21 16
02 76 36 150 26 2024 4 5 19 21 16
02 88 37 236 30 2024 4 5 19 21 16
06 36 54 178 31 2024 4 5 19 21 16
06 46 09 153 34 2024 4 5 19 21 16
11 36 54 178 22 2024 4 5 19 21 16
11 46 09 153 32 2024 4 5 19 21 16
01 11 46 198 31 2024 4 5 19 21 17
01 14 18 124 26 2024 4 5 19 21 17
01 20 05 174 31 2024 4 5 19 21 17
01 22 41 117 30 2024 4 5 19 21 17
08 14 18 124 32 2024 4 5 19 21 17
02 76 36 150 26 2024 4 5 19 21 17
02 88 37 236 29 2024 4 5 19 21 17
06 36 54 178 31 2024 4 5 19 21 17
06 46 09 153 35 2024 4 5 19 21 17
11 36 54 178 23 2024 4 5 19 21 17
11 46 09 153 33 2024 4 5 19 21 17
01 11 46 198 31 2024 4 5 19 21 18
01 14 18 124 27 2024 4 5 19 21 18
01 22 41 117 30 2024 4 5 19 21 18
08 14 18 124 32 2024 4 5 19 21 18
02 76 36 150 26 2024 4 5 19 21 18
02 88 37 236 29 2024 4 5 19 21 18
06 36 54 178 32 2024 4 5 19 21 18
06 46 09 153 35 2024 4 5 19 21 18
11 36 54 178 23 2024 4 5 19 21 18
11 46 09 153 33 2024 4 5 19 21 18
01 11 46 198 32 2024 4 5 19 21 19
01 14 18 124 28 2024 4 5 19 21 19
01 22 41 117 30 2024 4 5 19 21 19
08 14 18 124 32 2024 4 5 19 21 19
02 76 36 150 24 2024 4 5 19 21 19
02 88 37 236 29 2024 4 5 19 21 19
06 36 54 178 32 2024 4 5 19 21 19
06 46 09 153 34 2024 4 5 19 21 19
11 36 54 178 23 2024 4 5 19 21 19
11 46 09 153 33 2024 4 5 19 21 19
01 11 46 198 33 2024 4 5 19 21 20
01 14 18 124 29 2024 4 5 19 21 20
01 22 41 117 30 2024 4 5 19 21 20
08 14 18 124 32 2024 4 5 19 21 20
02 76 36 150 24 2024 4 5 19 21 20
02 88 37 236 29 2024 4 5 19 21 20
06 36 54 178 32 2024 4 5 19 21 20
06 46 09 153 34 2024 4 5 19 21 20
11 36 54 178 23 2024 4 5 19 21 20
11 46 09 153 33 2024 4 5 19 21 20
01 11 46 198 33 2024 4 5 19 21 21
01 14 18 124 29 2024 4 5 19 21 21
01 22 41 117 30 2024 4 5 19 21 21
08 14 18 124 32 2024 4 5 19 21 21
02 76 36 150 25 2024 4 5 19 21 21
02 88 37 236 30 2024 4 5 19 21 21
06 36 54 178 32 2024 4 5 19 21 21
06 46 09 153 35 2024 4 5 19 21 21
11 36 54 178 23 2024 4 5 19 21 21
11 46 09 153 33 2024 4 5 19 21 21
01 11 46 198 32 2024 4 5 19 21 22
01 14 18 124 29 2024 4 5 19 21 22
01 22 41 117 30 2024 4 5 19 21 22
08 14 18 124 33 2024 4 5 19 21 22
02 76 36 150 24 2024 4 5 19 21 22
02 88 37 236 31 2024 4 5 19 21 22
06 36 54 178 32 2024 4 5 19 21 22
06 46 09 153 34 2024 4 5 19 21 22
11 36 54 178 22 2024 4 5 19 21 22
11 46 09 153 33 2024 4 5 19 21 22
07 33 19 209 28 2024 4 5 19 21 22
01 11 46 198 33 2024 4 5 19 21 23
01 14 18 124 29 2024 4 5 19 21 23
01 22 41 117 29 2024 4 5 19 21 23
08 14 18 124 33 2024 4 5 19 21 23
02 76 36 150 24 2024 4 5 19 21 23
02 88 37 236 32 2024 4 5 19 21 23
06 36 54 178 32 2024 4 5 19 21 23
06 46 09 153 35 2024 4 5 19 21 23
11 36 54 178 22 2024 4 5 19 21 23
11 46 09 153 33 2024 4 5 19 21 23
07 33 19 209 32 2024 4 5 19 21 23
01 11 46 198 34 2024 4 5 19 21 24
01 14 18 124 28 2024 4 5 19 21 24
01 22 41 117 29 2024 4 5 19 21 24
08 14 18 124 33 2024 4 5 19 21 24
02 76 36 150 23 2024 4 5 19 21 24
02 88 37 236 33 2024 4 5 19 21 24
06 36 54 178 32 2024 4 5 19 21 24
06 46 09 153 35 2024 4 5 19 21 24
11 36 54 178 22 2024 4 5 19 21 24
11 46 09 153 33 2024 4 5 19 21 24
07 33 19 209 33 2024 4 5 19 21 24
01 11 46 198 33 2024 4 5 19 21 25
01 14 18 124 29 2024 4 5 19 21 25
01 22 41 117 29 2024 4 5 19 21 25
08 14 18 124 33 2024 4 5 19 21 25
02 76 36 150 24 2024 4 5 19 21 25
02 88 37 236 33 2024 4 5 19 21 25
06 36 54 178 32 2024 4 5 19 21 25
06 46 09 153 34 2024 4 5 19 21 25
11 36 54 178 21 2024 4 5 19 21 25
11 46 09 153 33 2024 4 5 19 21 25
07 33 19 209 33 2024 4 5 19 21 25
01 11 46 198 33 2024 4 5 19 21 26
01 14 18 124 28 2024 4 5 19 21 26
01 22 41 117 29 2024 4 5 19 21 26
08 14 18 124 33 2024 4 5 19 21 26
02 76 36 150 24 2024 4 5 19 21 26
02 88 37 236 32 2024 4 5 19 21 26
06 36 54 178 33 2024 4 5 19 21 26
06 46 09 153 34 2024 4 5 19 21 26
11 36 54 178 21 2024 4 5 19 21 26
11 46 09 153 33 2024 4 5 19 21 26
07 33 19 209 33 2024 4 5 19 21 26
12 33 19 209 31 2024 4 5 19 21 26
01 11 46 198 33 2024 4 5 19 21 27
01 14 18 124 29 2024 4 5 19 21 27
01 22 41 117 30 2024 4 5 19 21 27
08 14 18 124 33 2024 4 5 19 21 27
02 76 36 150 26 2024 4 5 19 21 27
02 88 37 236 32 2024 4 5 19 21 27
06 36 54 178 33 2024 4 5 19 21 27
06 46 09 153 34 2024 4 5 19 21 27
11 36 54 178 21 2024 4 5 19 21 27
11 46 09 153 33 2024 4 5 19 21 27
07 33 19 209 33 2024 4 5 19 21 27
12 33 19 209 32 2024 4 5 19 21 27
01 11 46 198 32 2024 4 5 19 21 28
01 14 18 124 28 2024 4 5 19 21 28
01 22 41 117 30 2024 4 5 19 21 28
08 14 18 124 33 2024 4 5 19 21 28
02 76 36 150 27 2024 4 5 19 21 28
02 88 37 236 33 2024 4 5 19 21 28
06 36 54 178 33 2024 4 5 19 21 28
06 46 09 153 34 2024 4 5 19 21 28
11 36 54 178 21 2024 4 5 19 21 28
11 46 09 153 33 2024 4 5 19 21 28
07 33 19 209 33 2024 4 5 19 21 28
12 33 19 209 33 2024 4 5 19 21 28
01 11 46 198 32 2024 4 5 19 21 29
01 14 18 124 28 2024 4 5 19 21 29
01 22 41 117 29 2024 4 5 19 21 29
08 14 18 124 33 2024 4 5 19 21 29
02 76 36 150 27 2024 4 5 19 21 29
02 88 37 236 33 2024 4 5 19 21 29
06 36 54 178 32 2024 4 5 19 21 29
06 46 09 153 34 2024 4 5 19 21 29
11 36 54 178 21 2024 4 5 19 21 29
11 46 09 153 33 2024 4 5 19 21 29
07 33 19 209 32 2024 4 5 19 21 29
12 33 19 209 33 2024 4 5 19 21 29
01 11 46 198 32 2024 4 5 19 21 30
01 14 18 124 29 2024 4 5 19 21 30
01 22 41 117 28 2024 4 5 19 21 30
08 14 18 124 33 2024 4 5 19 21 30
02 76 36 150 27 2024 4 5 19 21 30
02 88 37 236 33 2024 4 5 19 21 30
06 36 54 178 33 2024 4 5 19 21 30
06 46 09 153 34 2024 4 5 19 21 30
11 36 54 178 21 2024 4 5 19 21 30
11 46 09 153 33 2024 4 5 19 21 30
07 33 19 209 32 2024 4 5 19 21 30
12 33 19 209 33 2024 4 5 19 21 30
01 11 46 198 33 2024 4 5 19 21 31
01 14 18 124 29 2024 4 5 19 21 31
01 22 41 117 27 2024 4 5 19 21 31
08 14 18 124 33 2024 4 5 19 21 31
02 76 36 150 27 2024 4 5 19 21 31
02 88 37 236 33 2024 4 5 19 21 31
06 36 54 178 33 2024 4 5 19 21 31
06 46 09 153 34 2024 4 5 19 21 31
11 36 54 178 21 2024 4 5 19 21 31
11 46 09 153 34 2024 4 5 19 21 31
07 33 19 209 32 2024 4 5 19 21 31
12 33 19 209 33 2024 4 5 19 21 31
01 11 46 198 33 2024 4 5 19 21 32
01 14 18 124 28 2024 4 5 19 21 32
01 22 41 117 27 2024 4 5 19 21 32
08 14 18 124 33 2024 4 5 19 21 32
02 76 36 150 26 2024 4 5 19 21 32
02 88 37 236 34 2024 4 5 19 21 32
06 36 54 178 32 2024 4 5 19 21 32
06 46 09 153 34 2024 4 5 19 21 32
11 36 54 178 21 2024 4 5 19 21 32
11 46 09 153 34 2024 4 5 19 21 32
07 33 19 209 32 2024 4 5 19 21 32
12 33 19 209 33 2024 4 5 19 21 32
01 11 46 198 32 2024 4 5 19 21 33
01 14 18 124 28 2024 4 5 19 21 33
01 22 41 117 27 2024 4 5 19 21 33
08 14 18 124 33 2024 4 5 19 21 33
02 76 36 151 25 2024 4 5 19 21 33
02 88 37 236 33 2024 4 5 19 21 33
06 36 54 178 32 2024 4 5 19 21 33
06 46 09 153 35 2024 4 5 19 21 33
11 36 54 178 21 2024 4 5 19 21 33
11 46 09 153 34 2024 4 5 19 21 33
07 33 19 209 32 2024 4 5 19 21 33
12 33 19 209 33 2024 4 5 19 21 33
01 11 46 198 32 2024 4 5 19 21 34
01 14 18 124 28 2024 4 5 19 21 34
01 22 41 117 28 2024 4 5 19 21 34
08 14 18 124 33 2024 4 5 19 21 34
02 76 36 151 24 2024 4 5 19 21 34
02 88 37 236 34 2024 4 5 19 21 34
06 36 54 178 32 2024 4 5 19 21 34
06 46 09 153 34 2024 4 5 19 21 34
11 36 54 178 21 2024 4 5 19 21 34
11 46 09 153 34 2024 4 5 19 21 34
07 33 19 209 32 2024 4 5 19 21 34
12 33 19 209 33 2024 4 5 19 21 34
01 11 46 198 33 2024 4 5 19 21 35
01 14 18 124 29 2024 4 5 19 21 35
01 22 41 117 29 2024 4 5 19 21 35
08 14 18 124 33 2024 4 5 19 21 35
02 76 36 151 24 2024 4 5 19 21 35
02 88 37 236 34 2024 4 5 19 21 35
06 36 54 178 32 2024 4 5 19 21 35
06 46 09 153 34 2024 4 5 19 21 35
11 36 54 178 20 2024 4 5 19 21 35
11 46 09 153 34 2024 4 5 19 21 35
07 33 19 209 32 2024 4 5 19 21 35
12 33 19 209 33 2024 4 5 19 21 35
01 11 46 198 33 2024 4 5 19 21 36
01 14 18 124 30 2024 4 5 19 21 36
01 22 41 117 29 2024 4 5 19 21 36
08 14 18 124 33 2024 4 5 19 21 36
02 76 36 151 26 2024 4 5 19 21 36
02 88 37 236 34 2024 4 5 19 21 36
06 36 54 178 32 2024 4 5 19 21 36
06 46 09 153 34 2024 4 5 19 21 36
11 36 54 178 20 2024 4 5 19 21 36
11 46 09 153 34 2024 4 5 19 21 36
07 33 19 209 32 2024 4 5 19 21 36
12 33 19 209 33 2024 4 5 19 21 36
01 11 46 198 32 2024 4 5 19 21 37
01 14 18 124 30 2024 4 5 19 21 37
01 22 41 117 28 2024 4 5 19 21 37
08 14 18 124 33 2024 4 5 19 21 37
02 76 36 151 27 2024 4 5 19 21 37
02 88 37 236 34 2024 4 5 19 21 37
06 36 54 178 33 2024 4 5 19 21 37
06 46 09 153 34 2024 4 5 19 21 37
11 36 54 178 20 2024 4 5 19 21 37
11 46 09 153 34 2024 4 5 19 21 37
07 33 19 209 32 2024 4 5 19 21 37
12 33 19 209 33 2024 4 5 19 21 37
01 11 46 198 33 2024 4 5 19 21 38
01 14 18 124 31 2024 4 5 19 21 38
01 22 41 117 27 2024 4 5 19 21 38
08 14 18 124 33 2024 4 5 19 21 38
02 76 36 151 28 2024 4 5 19 21 38
02 88 37 236 34 2024 4 5 19 21 38
06 36 54 178 33 2024 4 5 19 21 38
06 46 09 153 35 2024 4 5 19 21 38
11 36 54 178 21 2024 4 5 19 21 38
11 46 09 153 34 2024 4 5 19 21 38
07 33 19 209 31 2024 4 5 19 21 38
12 33 19 209 33 2024 4 5 19 21 38
01 11 46 198 32 2024 4 5 19 21 39
01 14 18 124 30 2024 4 5 19 21 39
01 22 41 117 27 2024 4 5 19 21 39
08 14 18 124 32 2024 4 5 19 21 39
02 76 36 151 27 2024 4 5 19 21 39
02 88 37 236 34 2024 4 5 19 21 39
06 36 54 178 32 2024 4 5 19 21 39
06 46 09 153 34 2024 4 5 19 21 39
11 36 54 178 20 2024 4 5 19 21 39
11 46 09 153 34 2024 4 5 19 21 39
07 33 19 209 31 2024 4 5 19 21 39
12 33 19 209 33 2024 4 5 19 21 39
01 11 46 198 33 2024 4 5 19 21 40
01 14 18 124 30 2024 4 5 19 21 40
01 22 41 117 27 2024 4 5 19 21 40
08 14 18 124 33 2024 4 5 19 21 40
02 76 36 151 27 2024 4 5 19 21 40
02 88 37 236 34 2024 4 5 19 21 40
06 36 54 178 32 2024 4 5 19 21 40
06 46 09 153 34 2024 4 5 19 21 40
11 36 54 178 20 2024 4 5 19 21 40
11 46 09 153 34 2024 4 5 19 21 40
07 33 19 209 31 2024 4 5 19 21 40
12 33 19 209 33 2024 4 5 19 21 40
01 11 46 198 33 2024 4 5 19 21 41
01 14 18 124 29 2024 4 5 19 21 41
01 22 41 117 29 2024 4 5 19 21 41
08 14 18 124 33 2024 4 5 19 21 41
02 76 36 151 27 2024 4 5 19 21 41
02 88 37 236 35 2024 4 5 19 21 41
06 36 54 178 32 2024 4 5 19 21 41
06 46 09 153 34 2024 4 5 19 21 41
11 36 54 178 20 2024 4 5 19 21 41
11 46 09 153 33 2024 4 5 19 21 41
07 33 19 209 31 2024 4 5 19 21 41
12 33 19 209 33 2024 4 5 19 21 41
01 11 46 198 33 2024 4 5 19 21 42
01 14 18 124 29 2024 4 5 19 21 42
01 22 41 117 29 2024 4 5 19 21 42
08 14 18 124 33 2024 4 5 19 21 42
02 76 36 151 27 2024 4 5 19 21 42
02 88 37 236 34 2024 4 5 19 21 42
06 36 54 178 32 2024 4 5 19 21 42
06 46 09 153 34 2024 4 5 19 21 42
11 36 54 178 21 2024 4 5 19 21 42
11 46 09 153 33 2024 4 5 19 21 42
07 33 19 209 30 2024 4 5 19 21 42
12 33 19 209 34 2024 4 5 19 21 42
01 11 46 198 33 2024 4 5 19 21 43
01 14 18 124 28 2024 4 5 19 21 43
01 22 41 117 30 2024 4 5 19 21 43
08 14 18 124 33 2024 4 5 19 21 43
02 76 36 151 25 2024 4 5 19 21 43
02 88 37 236 34 2024 4 5 19 21 43
06 36 54 178 33 2024 4 5 19 21 43
06 46 09 153 34 2024 4 5 19 21 43
11 36 54 178 21 2024 4 5 19 21 43
11 46 09 153 33 2024 4 5 19 21 43
07 33 19 209 30 2024 4 5 19 21 43
12 33 19 209 34 2024 4 5 19 21 43
01 11 46 199 33 2024 4 5 19 21 44
01 14 18 124 28 2024 4 5 19 21 44
01 22 41 117 30 2024 4 5 19 21 44
08 14 18 124 33 2024 4 5 19 21 44
02 76 36 151 24 2024 4 5 19 21 44
02 88 37 236 33 2024 4 5 19 21 44
06 36 54 178 32 2024 4 5 19 21 44
06 46 09 153 33 2024 4 5 19 21 44
11 36 54 178 21 2024 4 5 19 21 44
11 46 09 153 33 2024 4 5 19 21 44
07 33 19 209 30 2024 4 5 19 21 44
12 33 19 209 34 2024 4 5 19 21 44
01 11 46 199 33 2024 4 5 19 21 45
01 14 18 124 28 2024 4 5 19 21 45
01 22 41 117 30 2024 4 5 19 21 45
08 14 18 124 33 2024 4 5 19 21 45
02 76 36 151 23 2024 4 5 19 21 45
02 88 37 236 33 2024 4 5 19 21 45
06 36 54 178 33 2024 4 5 19 21 45
06 46 09 153 33 2024 4 5 19 21 45
11 36 54 178 20 2024 4 5 19 21 45
11 46 09 153 33 2024 4 5 19 21 45
07 33 19 209 30 2024 4 5 19 21 45
12 33 19 209 34 2024 4 5 19 21 45
01 11 46 199 34 2024 4 5 19 21 46
01 14 18 124 28 2024 4 5 19 21 46
01 22 41 117 31 2024 4 5 19 21 46
08 14 18 124 33 2024 4 5 19 21 46
02 76 35 151 24 2024 4 5 19 21 46
02 88 37 236 33 2024 4 5 19 21 46
06 36 54 178 33 2024 4 5 19 21 46
06 46 09 153 33 2024 4 5 19 21 46
11 36 54 178 20 2024 4 5 19 21 46
11 46 09 153 33 2024 4 5 19 21 46
07 33 19 209 30 2024 4 5 19 21 46
12 33 19 209 34 2024 4 5 19 21 46
01 11 46 199 33 2024 4 5 19 21 47
01 14 18 124 29 2024 4 5 19 21 47
01 22 41 117 30 2024 4 5 19 21 47
08 14 18 124 33 2024 4 5 19 21 47
02 76 35 151 25 2024 4 5 19 21 47
02 88 38 236 33 2024 4 5 19 21 47
06 36 54 178 33 2024 4 5 19 21 47
06 46 09 153 33 2024 4 5 19 21 47
11 36 54 178 20 2024 4 5 19 21 47
11 46 09 153 33 2024 4 5 19 21 47
07 33 19 209 31 2024 4 5 19 21 47
12 33 19 209 34 2024 4 5 19 21 47
01 11 46 199 33 2024 4 5 19 21 48
01 14 18 124 29 2024 4 5 19 21 48
01 22 41 117 30 2024 4 5 19 21 48
08 14 18 124 34 2024 4 5 19 21 48
02 76 35 151 26 2024 4 5 19 21 48
02 88 38 236 33 2024 4 5 19 21 48
06 36 54 178 33 2024 4 5 19 21 48
06 46 09 153 32 2024 4 5 19 21 48
11 36 54 178 20 2024 4 5 19 21 48
11 46 09 153 33 2024 4 5 19 21 48
07 33 19 209 31 2024 4 5 19 21 48
12 33 19 209 34 2024 4 5 19 21 48
01 11 46 199 32 2024 4 5 19 21 49
01 14 18 124 30 2024 4 5 19 21 49
01 22 41 117 30 2024 4 5 19 21 49
08 14 18 124 33 2024 4 5 19 21 49
02 76 35 151 26 2024 4 5 19 21 49
02 88 38 236 32 2024 4 5 19 21 49
06 36 54 178 33 2024 4 5 19 21 49
06 46 09 153 33 2024 4 5 19 21 49
11 36 54 178 19 2024 4 5 19 21 49
11 46 09 153 33 2024 4 5 19 21 49
07 33 19 209 31 2024 4 5 19 21 49
12 33 19 209 34 2024 4 5 19 21 49
01 11 46 199 32 2024 4 5 19 21 50
01 14 18 124 29 2024 4 5 19 21 50
01 22 41 117 31 2024 4 5 19 21 50
08 14 18 124 33 2024 4 5 19 21 50
02 76 35 151 26 2024 4 5 19 21 50
02 88 38 236 32 2024 4 5 19 21 50
06 36 54 178 33 2024 4 5 19 21 50
06 46 09 153 32 2024 4 5 19 21 50
11 36 54 178 19 2024 4 5 19 21 50
11 46 09 153 33 2024 4 5 19 21 50
07 33 19 209 31 2024 4 5 19 21 50
12 33 19 209 34 2024 4 5 19 21 50
01 11 46 199 33 2024 4 5 19 21 51
01 14 18 124 30 2024 4 5 19 21 51
01 22 41 117 30 2024 4 5 19 21 51
08 14 18 124 34 2024 4 5 19 21 51
02 76 35 151 25 2024 4 5 19 21 51
02 88 38 236 32 2024 4 5 19 21 51
06 36 54 178 33 2024 4 5 19 21 51
06 46 09 153 32 2024 4 5 19 21 51
11 36 54 178 19 2024 4 5 19 21 51
11 46 09 153 33 2024 4 5 19 21 51
07 33 19 209 31 2024 4 5 19 21 51
12 33 19 209 34 2024 4 5 19 21 51
01 11 46 199 33 2024 4 5 19 21 52
01 14 18 124 31 2024 4 5 19 21 52
01 22 41 117 30 2024 4 5 19 21 52
08 14 18 124 33 2024 4 5 19 21 52
02 76 35 151 25 2024 4 5 19 21 52
02 88 38 236 33 2024 4 5 19 21 52
06 36 54 178 32 2024 4 5 19 21 52
06 46 09 153 32 2024 4 5 19 21 52
11 36 54 178 19 2024 4 5 19 21 52
11 46 09 153 33 2024 4 5 19 21 52
07 33 19 209 31 2024 4 5 19 21 52
12 33 19 209 33 2024 4 5 19 21 52
01 11 46 199 32 2024 4 5 19 21 53
01 14 18 124 32 2024 4 5 19 21 53
01 22 41 117 30 2024 4 5 19 21 53
08 14 18 124 32 2024 4 5 19 21 53
02 76 35 151 25 2024 4 5 19 21 53
02 88 38 236 33 2024 4 5 19 21 53
06 36 54 178 32 2024 4 5 19 21 53
06 46 09 153 31 2024 4 5 19 21 53
11 36 54 178 18 2024 4 5 19 21 53
11 46 09 153 33 2024 4 5 19 21 53
07 33 19 209 30 2024 4 5 19 21 53
12 33 19 209 33 2024 4 5 19 21 53
01 11 46 199 31 2024 4 5 19 21 54
01 14 18 124 32 2024 4 5 19 21 54
01 22 41 117 29 2024 4 5 19 21 54
08 14 18 124 33 2024 4 5 19 21 54
02 76 35 151 25 2024 4 5 19 21 54
02 88 38 236 33 2024 4 5 19 21 54
06 36 54 178 32 2024 4 5 19 21 54
06 46 09 153 31 2024 4 5 19 21 54
11 36 54 178 18 2024 4 5 19 21 54
11 46 09 153 33 2024 4 5 19 21 54
07 33 19 209 30 2024 4 5 19 21 54
12 33 19 209 34 2024 4 5 19 21 54
01 11 46 199 30 2024 4 5 19 21 55
01 14 18 124 31 2024 4 5 19 21 55
01 22 41 117 30 2024 4 5 19 21 55
08 14 18 124 33 2024 4 5 19 21 55
02 76 35 151 26 2024 4 5 19 21 55
02 88 38 236 32 2024 4 5 19 21 55
06 36 54 178 32 2024 4 5 19 21 55
06 46 09 153 30 2024 4 5 19 21 55
11 36 54 178 17 2024 4 5 19 21 55
11 46 09 153 33 2024 4 5 19 21 55
07 33 19 209 31 2024 4 5 19 21 55
12 33 19 209 34 2024 4 5 19 21 55
01 11 46 199 30 2024 4 5 19 21 56
01 14 18 124 31 2024 4 5 19 21 56
01 22 41 117 30 2024 4 5 19 21 56
08 14 18 124 33 2024 4 5 19 21 56
02 76 35 151 26 2024 4 5 19 21 56
02 88 38 236 32 2024 4 5 19 21 56
06 36 54 178 32 2024 4 5 19 21 56
06 46 09 153 30 2024 4 5 19 21 56
11 36 54 178 17 2024 4 5 19 21 56
11 46 09 153 33 2024 4 5 19 21 56
07 33 19 209 30 2024 4 5 19 21 56
12 33 19 209 34 2024 4 5 19 21 56
01 11 46 199 30 2024 4 5 19 21 57
01 14 17 124 31 2024 4 5 19 21 57
01 22 41 117 31 2024 4 5 19 21 57
08 14 17 124 33 2024 4 5 19 21 57
02 76 35 151 27 2024 4 5 19 21 57
02 88 38 236 32 2024 4 5 19 21 57
06 36 54 178 31 2024 4 5 19 21 57
06 46 09 153 31 2024 4 5 19 21 57
11 36 54 178 16 2024 4 5 19 21 57
11 46 09 153 33 2024 4 5 19 21 57
07 33 19 209 31 2024 4 5 19 21 57
12 33 19 209 34 2024 4 5 19 21 57
01 11 46 199 30 2024 4 5 19 21 58
01 14 17 124 30 2024 4 5 19 21 58
01 22 41 117 30 2024 4 5 19 21 58
08 14 17 124 33 2024 4 5 19 21 58
02 76 35 151 28 2024 4 5 19 21 58
02 88 38 236 33 2024 4 5 19 21 58
06 36 54 178 31 2024 4 5 19 21 58
06 46 09 153 31 2024 4 5 19 21 58
11 36 54 178 16 2024 4 5 19 21 58
11 46 09 153 33 2024 4 5 19 21 58
07 33 19 209 31 2024 4 5 19 21 58
12 33 19 209 34 2024 4 5 19 21 58
01 11 46 199 30 2024 4 5 19 21 59
01 14 17 124 30 2024 4 5 19 21 59
01 22 41 117 30 2024 4 5 19 21 59
08 14 17 124 33 2024 4 5 19 21 59
02 76 35 151 28 2024 4 5 19 21 59
02 88 38 236 33 2024 4 5 19 21 59
06 36 54 178 31 2024 4 5 19 21 59
06 46 09 153 32 2024 4 5 19 21 59
11 36 54 178 16 2024 4 5 19 21 59
11 46 09 153 33 2024 4 5 19 21 59
07 33 19 209 30 2024 4 5 19 21 59
12 33 19 209 34 2024 4 5 19 21 59
01 11 46 199 30 2024 4 5 19 22 0
01 14 17 124 29 2024 4 5 19 22 0
01 22 41 117 29 2024 4 5 19 22 0
08 14 17 124 33 2024 4 5 19 22 0
02 76 35 151 28 2024 4 5 19 22 0
02 88 38 236 34 2024 4 5 19 22 0
06 36 54 178 32 2024 4 5 19 22 0
06 46 09 153 33 2024 4 5 19 22 0
11 36 54 178 16 2024 4 5 19 22 0
11 46 09 153 33 2024 4 5 19 22 0
07 33 19 209 30 2024 4 5 19 22 0
12 33 19 209 34 2024 4 5 19 22 0
01 11 46 199 29 2024 4 5 19 22 1
01 14 17 124 29 2024 4 5 19 22 1
01 22 41 117 29 2024 4 5 19 22 1
08 14 17 124 33 2024 4 5 19 22 1
02 76 35 151 28 2024 4 5 19 22 1
02 88 38 236 34 2024 4 5 19 22 1
06 36 54 178 31 2024 4 5 19 22 1
06 46 09 153 32 2024 4 5 19 22 1
11 36 54 178 16 2024 4 5 19 22 1
11 46 09 153 34 2024 4 5 19 22 1
07 33 19 209 31 2024 4 5 19 22 1
12 33 19 209 35 2024 4 5 19 22 1
01 11 46 199 31 2024 4 5 19 22 2
01 14 17 124 30 2024 4 5 19 22 2
01 22 41 117 29 2024 4 5 19 22 2
08 14 17 124 33 2024 4 5 19 22 2
02 76 35 151 29 2024 4 5 19 22 2
02 88 38 236 34 2024 4 5 19 22 2
06 36 54 178 32 2024 4 5 19 22 2
06 46 09 153 32 2024 4 5 19 22 2
11 36 54 178 17 2024 4 5 19 22 2
11 46 09 153 33 2024 4 5 19 22 2
07 33 19 209 31 2024 4 5 19 22 2
12 33 19 209 35 2024 4 5 19 22 2
01 11 46 199 31 2024 4 5 19 22 3
01 14 17 124 29 2024 4 5 19 22 3
01 22 41 117 30 2024 4 5 19 22 3
08 14 17 124 33 2024 4 5 19 22 3
02 76 35 151 30 2024 4 5 19 22 3
02 88 38 236 34 2024 4 5 19 22 3
06 36 54 178 31 2024 4 5 19 22 3
06 46 09 153 32 2024 4 5 19 22 3
11 36 54 178 16 2024 4 5 19 22 3
11 46 09 153 33 2024 4 5 19 22 3
07 33 19 209 31 2024 4 5 19 22 3
12 33 19 209 35 2024 4 5 19 22 3
01 11 46 199 31 2024 4 5 19 22 4
01 14 17 124 30 2024 4 5 19 22 4
01 22 41 117 30 2024 4 5 19 22 4
08 14 17 124 33 2024 4 5 19 22 4
02 76 35 151 30 2024 4 5 19 22 4
02 88 38 236 34 2024 4 5 19 22 4
06 36 54 178 31 2024 4 5 19 22 4
06 46 09 153 32 2024 4 5 19 22 4
11 36 54 178 16 2024 4 5 19 22 4
11 46 09 153 33 2024 4 5 19 22 4
07 27 11 125 04 2024 4 5 19 22 4
07 33 19 209 32 2024 4 5 19 22 4
12 33 19 209 35 2024 4 5 19 22 4
01 11 46 199 31 2024 4 5 19 22 5
01 14 17 124 30 2024 4 5 19 22 5
01 22 41 117 30 2024 4 5 19 22 5
08 14 17 124 33 2024 4 5 19 22 5
02 76 35 151 31 2024 4 5 19 22 5
02 88 38 236 34 2024 4 5 19 22 5
06 36 54 178 32 2024 4 5 19 22 5
06 46 09 153 32 2024 4 5 19 22 5
11 36 54 178 16 2024 4 5 19 22 5
11 46 09 153 33 2024 4 5 19 22 5
07 27 11 125 24 2024 4 5 19 22 5
07 33 19 209 32 2024 4 5 19 22 5
12 33 19 209 35 2024 4 5 19 22 5
01 11 46 199 30 2024 4 5 19 22 6
01 14 17 124 29 2024 4 5 19 22 6
01 22 41 117 30 2024 4 5 19 22 6
08 14 17 124 33 2024 4 5 19 22 6
02 76 35 151 31 2024 4 5 19 22 6
02 88 38 236 33 2024 4 5 19 22 6
06 36 54 178 32 2024 4 5 19 22 6
06 46 09 153 33 2024 4 5 19 22 6
11 36 54 178 16 2024 4 5 19 22 6
11 46 09 153 34 2024 4 5 19 22 6
07 27 11 125 25 2024 4 5 19 22 6
07 33 19 209 31 2024 4 5 19 22 6
12 33 19 209 35 2024 4 5 19 22 6
01 11 46 199 29 2024 4 5 19 22 7
01 14 17 124 28 2024 4 5 19 22 7
01 22 41 117 28 2024 4 5 19 22 7
08 14 17 124 33 2024 4 5 19 22 7
02 76 35 151 31 2024 4 5 19 22 7
02 88 38 236 32 2024 4 5 19 22 7
06 36 54 178 32 2024 4 5 19 22 7
06 46 09 153 34 2024 4 5 19 22 7
11 36 54 178 15 2024 4 5 19 22 7
11 46 09 153 34 2024 4 5 19 22 7
07 27 11 125 26 2024 4 5 19 22 7
07 33 19 209 31 2024 4 5 19 22 7
12 33 19 209 35 2024 4 5 19 22 7
01 11 46 199 29 2024 4 5 19 22 8
01 14 17 124 29 2024 4 5 19 22 8
01 22 41 117 28 2024 4 5 19 22 8
08 14 17 124 33 2024 4 5 19 22 8
02 76 35 151 30 2024 4 5 19 22 8
02 88 38 236 32 2024 4 5 19 22 8
06 36 54 178 32 2024 4 5 19 22 8
06 46 09 153 34 2024 4 5 19 22 8
11 36 54 178 16 2024 4 5 19 22 8
11 46 09 153 34 2024 4 5 19 22 8
07 27 11 125 25 2024 4 5 19 22 8
07 33 19 209 32 2024 4 5 19 22 8
12 33 19 209 35 2024 4 5 19 22 8
01 11 46 199 29 2024 4 5 19 22 9
01 14 17 124 28 2024 4 5 19 22 9
01 22 41 117 27 2024 4 5 19 22 9
08 14 17 124 33 2024 4 5 19 22 9
02 76 35 151 29 2024 4 5 19 22 9
02 88 38 236 32 2024 4 5 19 22 9
06 36 54 178 32 2024 4 5 19 22 9
06 46 09 153 33 2024 4 5 19 22 9
11 36 54 178 16 2024 4 5 19 22 9
11 46 09 153 35 2024 4 5 19 22 9
07 27 11 125 26 2024 4 5 19 22 9
07 33 19 209 32 2024 4 5 19 22 9
12 33 19 209 35 2024 4 5 19 22 9
01 11 46 199 30 2024 4 5 19 22 10
01 14 17 124 27 2024 4 5 19 22 10
01 22 41 117 27 2024 4 5 19 22 10
08 14 17 124 32 2024 4 5 19 22 10
02 76 35 151 28 2024 4 5 19 22 10
02 88 38 236 31 2024 4 5 19 22 10
06 36 54 178 32 2024 4 5 19 22 10
06 46 09 153 34 2024 4 5 19 22 10
11 36 54 178 15 2024 4 5 19 22 10
11 46 09 153 35 2024 4 5 19 22 10
07 27 11 125 26 2024 4 5 19 22 10
07 33 19 209 32 2024 4 5 19 22 10
12 27 11 125 23 2024 4 5 19 22 10
12 33 19 209 35 2024 4 5 19 22 10
01 11 46 199 30 2024 4 5 19 22 11
01 14 17 124 26 2024 4 5 19 22 11
01 22 41 117 28 2024 4 5 19 22 11
08 14 17 124 33 2024 4 5 19 22 11
02 76 35 151 26 2024 4 5 19 22 11
02 88 38 236 31 2024 4 5 19 22 11
06 36 54 178 32 2024 4 5 19 22 11
06 46 09 153 34 2024 4 5 19 22 11
11 36 54 178 14 2024 4 5 19 22 11
11 46 09 153 35 2024 4 5 19 22 11
07 27 11 125 26 2024 4 5 19 22 11
07 33 19 209 32 2024 4 5 19 22 11
12 27 11 125 28 2024 4 5 19 22 11
12 33 19 209 35 2024 4 5 19 22 11
01 11 46 199 31 2024 4 5 19 22 12
01 14 17 124 24 2024 4 5 19 22 12
01 22 41 117 29 2024 4 5 19 22 12
08 14 17 124 33 2024 4 5 19 22 12
02 76 35 151 27 2024 4 5 19 22 12
02 88 38 236 32 2024 4 5 19 22 12
06 36 54 178 32 2024 4 5 19 22 12
06 46 09 153 34 2024 4 5 19 22 12
11 36 54 178 15 2024 4 5 19 22 12
11 46 09 153 35 2024 4 5 19 22 12
07 27 11 125 26 2024 4 5 19 22 12
07 33 19 209 32 2024 4 5 19 22 12
12 27 11 125 28 2024 4 5 19 22 12
12 33 19 209 35 2024 4 5 19 22 12
01 11 46 199 30 2024 4 5 19 22 13
01 14 17 124 25 2024 4 5 19 22 13
01 22 41 117 29 2024 4 5 19 22 13
08 14 17 124 33 2024 4 5 19 22 13
02 76 35 151 29 2024 4 5 19 22 13
02 88 38 236 32 2024 4 5 19 22 13
06 36 54 178 33 2024 4 5 19 22 13
06 46 09 153 34 2024 4 5 19 22 13
11 36 54 178 14 2024 4 5 19 22 13
11 46 09 153 35 2024 4 5 19 22 13
07 27 11 125 26 2024 4 5 19 22 13
07 33 19 209 32 2024 4 5 19 22 13
12 27 11 125 28 2024 4 5 19 22 13
12 33 19 209 35 2024 4 5 19 22 13
01 11 46 199 30 2024 4 5 19 22 14
01 14 17 124 24 2024 4 5 19 22 14
01 22 41 117 30 2024 4 5 19 22 14
08 14 17 124 32 2024 4 5 19 22 14
02 76 35 151 30 2024 4 5 19 22 14
02 88 38 236 33 2024 4 5 19 22 14
06 36 54 178 33 2024 4 5 19 22 14
06 46 09 153 34 2024 4 5 19 22 14
11 36 54 178 14 2024 4 5 19 22 14
11 46 09 153 36 2024 4 5 19 22 14
07 27 11 125 27 2024 4 5 19 22 14
07 33 19 209 32 2024 4 5 19 22 14
12 27 11 125 28 2024 4 5 19 22 14
12 33 19 209 35 2024 4 5 19 22 14
01 11 46 199 30 2024 4 5 19 22 15
01 14 17 124 27 2024 4 5 19 22 15
01 22 41 117 29 2024 4 5 19 22 15
08 14 17 124 32 2024 4 5 19 22 15
02 76 35 151 31 2024 4 5 19 22 15
02 88 38 236 33 2024 4 5 19 22 15
06 36 54 178 32 2024 4 5 19 22 15
06 46 09 153 34 2024 4 5 19 22 15
11 36 54 178 14 2024 4 5 19 22 15
11 46 09 153 36 2024 4 5 19 22 15
07 27 11 125 28 2024 4 5 19 22 15
07 33 19 209 32 2024 4 5 19 22 15
12 27 11 125 28 2024 4 5 19 22 15
12 33 19 209 35 2024 4 5 19 22 15
