01 14 25 119 24 2024 4 5 19 2 42
02 76 45 144 36 2024 4 5 19 2 42
01 14 25 119 26 2024 4 5 19 2 43
02 76 45 144 35 2024 4 5 19 2 43
01 14 25 119 26 2024 4 5 19 2 44
02 76 45 144 35 2024 4 5 19 2 44
01 14 25 119 27 2024 4 5 19 2 45
08 14 25 119 26 2024 4 5 19 2 45
02 76 45 144 35 2024 4 5 19 2 45
01 14 25 119 27 2024 4 5 19 2 46
08 14 25 119 25 2024 4 5 19 2 46
02 76 45 144 34 2024 4 5 19 2 46
01 14 25 119 28 2024 4 5 19 2 47
08 14 25 119 26 2024 4 5 19 2 47
02 76 45 144 34 2024 4 5 19 2 47
01 14 25 119 27 2024 4 5 19 2 48
08 14 25 119 27 2024 4 5 19 2 48
02 76 45 144 34 2024 4 5 19 2 48
01 14 25 119 27 2024 4 5 19 2 49
08 14 25 119 27 2024 4 5 19 2 49
02 76 45 144 35 2024 4 5 19 2 49
01 14 25 119 25 2024 4 5 19 2 50
08 14 25 119 28 2024 4 5 19 2 50
02 76 45 144 35 2024 4 5 19 2 50
