02 75 40 144 20 2024 4 4 19 5 15
02 87 30 226 20 2024 4 4 19 4 44
06 36 08 148 31 2024 4 4 19 4 44
02 75 41 144 22 2024 4 4 19 4 45
02 87 30 226 20 2024 4 4 19 4 45
06 36 08 148 32 2024 4 4 19 4 45
01 14 25 118 04 2024 4 4 19 4 46
02 75 41 144 22 2024 4 4 19 4 46
02 87 30 226 26 2024 4 4 19 4 46
06 36 08 148 32 2024 4 4 19 4 46
02 75 41 144 21 2024 4 4 19 4 47
02 87 30 226 26 2024 4 4 19 4 47
06 36 08 148 32 2024 4 4 19 4 47
11 36 08 148 29 2024 4 4 19 4 47
02 75 41 144 21 2024 4 4 19 4 48
02 87 30 226 24 2024 4 4 19 4 48
06 36 08 148 31 2024 4 4 19 4 48
11 36 08 148 28 2024 4 4 19 4 48
02 75 41 144 20 2024 4 4 19 4 49
02 87 30 226 24 2024 4 4 19 4 49
06 36 08 148 31 2024 4 4 19 4 49
11 36 08 148 28 2024 4 4 19 4 49
02 75 41 144 22 2024 4 4 19 4 50
02 87 30 226 24 2024 4 4 19 4 50
06 36 08 148 32 2024 4 4 19 4 50
11 36 08 148 28 2024 4 4 19 4 50
02 75 41 144 24 2024 4 4 19 4 51
02 87 30 226 24 2024 4 4 19 4 51
06 36 08 148 32 2024 4 4 19 4 51
11 36 08 148 29 2024 4 4 19 4 51
02 75 41 144 24 2024 4 4 19 4 52
02 87 30 226 24 2024 4 4 19 4 52
06 36 08 148 32 2024 4 4 19 4 52
11 36 08 148 29 2024 4 4 19 4 52
02 75 41 144 25 2024 4 4 19 4 53
02 87 30 226 23 2024 4 4 19 4 53
06 36 08 148 31 2024 4 4 19 4 53
11 36 08 148 29 2024 4 4 19 4 53
02 75 41 144 25 2024 4 4 19 4 54
02 87 30 226 23 2024 4 4 19 4 54
06 36 08 148 30 2024 4 4 19 4 54
11 36 08 148 29 2024 4 4 19 4 54
02 75 41 144 24 2024 4 4 19 4 55
02 87 30 226 24 2024 4 4 19 4 55
06 36 08 148 31 2024 4 4 19 4 55
11 36 08 148 29 2024 4 4 19 4 55
02 75 41 144 24 2024 4 4 19 4 56
02 87 30 226 24 2024 4 4 19 4 56
06 36 08 148 31 2024 4 4 19 4 56
11 36 08 148 29 2024 4 4 19 4 56
02 75 41 144 22 2024 4 4 19 4 57
02 87 31 226 25 2024 4 4 19 4 57
06 36 08 148 31 2024 4 4 19 4 57
11 36 08 148 29 2024 4 4 19 4 57
02 75 41 144 23 2024 4 4 19 4 58
02 87 31 226 24 2024 4 4 19 4 58
06 36 08 148 31 2024 4 4 19 4 58
11 36 08 148 30 2024 4 4 19 4 58
02 75 41 144 23 2024 4 4 19 4 33
02 87 31 226 24 2024 4 4 19 4 33
06 36 08 148 31 2024 4 4 19 4 33
11 36 08 148 30 2024 4 4 19 4 33
02 75 41 144 25 2024 4 4 19 4 34
02 87 31 226 24 2024 4 4 19 4 34
06 36 08 148 31 2024 4 4 19 4 34
11 36 08 148 29 2024 4 4 19 4 34
02 75 41 144 26 2024 4 4 19 4 35
02 87 31 226 23 2024 4 4 19 4 35
06 36 08 148 31 2024 4 4 19 4 35
11 36 08 148 29 2024 4 4 19 4 35
02 75 41 144 25 2024 4 4 19 4 36
02 87 31 226 23 2024 4 4 19 4 36
06 36 08 148 32 2024 4 4 19 4 36
11 36 08 148 29 2024 4 4 19 4 36
02 75 41 144 23 2024 4 4 19 4 37
02 87 31 226 22 2024 4 4 19 4 37
06 36 08 148 31 2024 4 4 19 4 37
11 36 08 148 29 2024 4 4 19 4 37
02 75 41 144 22 2024 4 4 19 4 38
02 87 31 226 21 2024 4 4 19 4 38
06 36 08 148 31 2024 4 4 19 4 38
11 36 08 148 29 2024 4 4 19 4 38
02 75 41 144 23 2024 4 4 19 4 39
02 87 31 226 21 2024 4 4 19 4 39
06 36 08 148 31 2024 4 4 19 4 39
11 36 08 148 30 2024 4 4 19 4 39
02 75 41 144 23 2024 4 4 19 4 40
02 87 31 226 20 2024 4 4 19 4 40
06 36 08 148 31 2024 4 4 19 4 40
11 36 08 148 30 2024 4 4 19 4 40
02 75 41 144 23 2024 4 4 19 4 41
02 87 31 226 20 2024 4 4 19 4 41
06 36 08 148 31 2024 4 4 19 4 41
11 36 08 148 30 2024 4 4 19 4 41
02 75 44 141 34 2024 4 4 18 57 19
06 36 11 147 34 2024 4 4 18 57 19
01 14 28 116 22 2024 4 4 18 57 20
02 75 44 141 34 2024 4 4 18 57 20
02 87 27 223 23 2024 4 4 18 57 20
06 36 11 147 35 2024 4 4 18 57 20
01 14 28 116 24 2024 4 4 18 57 21
02 75 44 141 33 2024 4 4 18 57 21
02 87 27 223 26 2024 4 4 18 57 21
06 36 11 147 34 2024 4 4 18 57 21
11 36 11 147 22 2024 4 4 18 57 21
01 14 28 116 24 2024 4 4 18 57 22
02 75 44 141 34 2024 4 4 18 57 22
02 87 27 223 26 2024 4 4 18 57 22
06 36 11 147 34 2024 4 4 18 57 22
11 36 11 147 21 2024 4 4 18 57 22
01 14 28 116 24 2024 4 4 18 57 23
02 75 44 141 34 2024 4 4 18 57 23
02 87 27 223 26 2024 4 4 18 57 23
06 36 11 147 35 2024 4 4 18 57 23
11 36 11 147 22 2024 4 4 18 57 23
01 14 28 116 24 2024 4 4 18 57 24
08 14 28 116 18 2024 4 4 18 57 24
02 75 44 141 33 2024 4 4 18 57 24
02 87 27 223 25 2024 4 4 18 57 24
06 36 11 147 35 2024 4 4 18 57 24
11 36 11 147 23 2024 4 4 18 57 24
01 14 28 116 25 2024 4 4 18 57 25
08 14 28 116 18 2024 4 4 18 57 25
02 75 44 141 34 2024 4 4 18 57 25
02 87 27 223 25 2024 4 4 18 57 25
06 36 11 147 35 2024 4 4 18 57 25
11 36 11 147 22 2024 4 4 18 57 25
01 14 28 116 24 2024 4 4 18 57 26
08 14 28 116 19 2024 4 4 18 57 26
02 75 44 141 34 2024 4 4 18 57 26
02 87 27 223 26 2024 4 4 18 57 26
06 36 11 147 34 2024 4 4 18 57 26
11 36 11 147 22 2024 4 4 18 57 26
01 14 28 116 24 2024 4 4 18 57 27
08 14 28 116 19 2024 4 4 18 57 27
02 75 44 141 34 2024 4 4 18 57 27
02 87 27 223 23 2024 4 4 18 57 27
06 36 11 147 33 2024 4 4 18 57 27
11 36 11 147 22 2024 4 4 18 57 27
