01 08 21 306 40 2024 4 13 3 30 0
01 10 61 313 48 2024 4 13 3 30 0
01 15 12 050 44 2024 4 13 3 30 0
01 18 44 134 43 2024 4 13 3 30 0
01 23 62 042 48 2024 4 13 3 30 0
01 24 32 076 41 2024 4 13 3 30 0
01 27 37 269 39 2024 4 13 3 30 0
01 32 48 217 47 2024 4 13 3 30 0
08 08 21 306 42 2024 4 13 3 30 0
08 10 61 313 43 2024 4 13 3 30 0
08 18 44 134 41 2024 4 13 3 30 0
08 23 62 042 41 2024 4 13 3 30 0
08 24 32 076 40 2024 4 13 3 30 0
08 27 37 269 48 2024 4 13 3 30 0
08 32 48 217 40 2024 4 13 3 30 0
02 66 12 044 43 2024 4 13 3 30 0
02 67 60 015 45 2024 4 13 3 30 0
02 68 53 261 50 2024 4 13 3 30 0
02 69 08 238 43 2024 4 13 3 30 0
02 76 07 051 42 2024 4 13 3 30 0
02 81 18 159 47 2024 4 13 3 30 0
02 82 66 176 49 2024 4 13 3 30 0
06 11 54 291 44 2024 4 13 3 30 0
06 12 50 187 46 2024 4 13 3 30 0
06 14 15 251 41 2024 4 13 3 30 0
10 21 74 360 45 2024 4 13 3 30 0
10 22 28 056 47 2024 4 13 3 30 0
10 34 61 242 45 2024 4 13 3 30 0
10 36 08 060 40 2024 4 13 3 30 0
10 42 40 258 43 2024 4 13 3 30 0
10 43 33 308 42 2024 4 13 3 30 0
10 44 28 172 42 2024 4 13 3 30 0
10 45 09 109 43 2024 4 13 3 30 0
11 21 74 360 38 2024 4 13 3 30 0
11 22 28 056 40 2024 4 13 3 30 0
11 34 61 242 37 2024 4 13 3 30 0
11 36 08 060 38 2024 4 13 3 30 0
11 42 40 258 46 2024 4 13 3 30 0
11 43 33 308 41 2024 4 13 3 30 0
11 44 28 172 39 2024 4 13 3 30 0
11 45 09 109 36 2024 4 13 3 30 0
07 04 32 217 41 2024 4 13 3 30 0
07 10 51 316 41 2024 4 13 3 30 0
07 11 23 315 36 2024 4 13 3 30 0
07 12 77 319 35 2024 4 13 3 30 0
07 19 82 098 38 2024 4 13 3 30 0
07 33 44 133 40 2024 4 13 3 30 0
12 04 32 217 37 2024 4 13 3 30 0
12 10 51 316 42 2024 4 13 3 30 0
12 11 23 315 37 2024 4 13 3 30 0
12 12 77 319 33 2024 4 13 3 30 0
12 19 82 098 36 2024 4 13 3 30 0
12 33 44 133 39 2024 4 13 3 30 0
01 08 21 306 40 2024 4 13 3 30 1
01 10 61 313 48 2024 4 13 3 30 1
01 15 12 050 44 2024 4 13 3 30 1
01 18 44 134 43 2024 4 13 3 30 1
01 23 62 042 48 2024 4 13 3 30 1
01 24 32 076 42 2024 4 13 3 30 1
01 27 37 269 40 2024 4 13 3 30 1
01 32 48 217 48 2024 4 13 3 30 1
08 08 21 306 42 2024 4 13 3 30 1
08 10 61 313 43 2024 4 13 3 30 1
08 18 44 134 41 2024 4 13 3 30 1
08 23 62 042 41 2024 4 13 3 30 1
08 24 32 076 40 2024 4 13 3 30 1
08 27 37 269 47 2024 4 13 3 30 1
08 32 48 217 40 2024 4 13 3 30 1
02 66 12 044 43 2024 4 13 3 30 1
02 67 60 015 46 2024 4 13 3 30 1
02 68 53 261 50 2024 4 13 3 30 1
02 69 08 238 43 2024 4 13 3 30 1
02 76 07 051 42 2024 4 13 3 30 1
02 81 18 159 47 2024 4 13 3 30 1
02 82 66 176 49 2024 4 13 3 30 1
06 11 54 291 44 2024 4 13 3 30 1
06 12 50 187 46 2024 4 13 3 30 1
06 14 15 251 41 2024 4 13 3 30 1
10 21 74 360 45 2024 4 13 3 30 1
10 22 28 056 47 2024 4 13 3 30 1
10 34 61 242 45 2024 4 13 3 30 1
10 36 08 060 40 2024 4 13 3 30 1
10 42 40 258 43 2024 4 13 3 30 1
10 43 33 308 42 2024 4 13 3 30 1
10 44 28 172 42 2024 4 13 3 30 1
10 45 09 109 43 2024 4 13 3 30 1
11 21 74 360 38 2024 4 13 3 30 1
11 22 28 056 40 2024 4 13 3 30 1
11 34 61 242 37 2024 4 13 3 30 1
11 36 08 060 38 2024 4 13 3 30 1
11 42 40 258 46 2024 4 13 3 30 1
11 43 33 308 41 2024 4 13 3 30 1
11 44 28 172 39 2024 4 13 3 30 1
11 45 09 109 36 2024 4 13 3 30 1
07 04 32 217 41 2024 4 13 3 30 1
07 10 51 316 41 2024 4 13 3 30 1
07 11 23 315 36 2024 4 13 3 30 1
07 12 77 319 35 2024 4 13 3 30 1
07 19 82 098 38 2024 4 13 3 30 1
07 33 44 133 40 2024 4 13 3 30 1
12 04 32 217 38 2024 4 13 3 30 1
12 10 51 316 42 2024 4 13 3 30 1
12 11 23 315 38 2024 4 13 3 30 1
12 12 77 319 33 2024 4 13 3 30 1
12 19 82 098 36 2024 4 13 3 30 1
12 33 44 133 38 2024 4 13 3 30 1
01 08 21 306 39 2024 4 13 3 30 2
01 10 61 313 48 2024 4 13 3 30 2
01 15 12 050 44 2024 4 13 3 30 2
01 18 44 134 43 2024 4 13 3 30 2
01 23 62 042 48 2024 4 13 3 30 2
01 24 32 076 41 2024 4 13 3 30 2
01 27 37 269 40 2024 4 13 3 30 2
01 32 48 217 47 2024 4 13 3 30 2
08 08 21 306 42 2024 4 13 3 30 2
08 10 61 313 43 2024 4 13 3 30 2
08 18 44 134 41 2024 4 13 3 30 2
08 23 62 042 42 2024 4 13 3 30 2
08 24 32 076 40 2024 4 13 3 30 2
08 27 37 269 48 2024 4 13 3 30 2
08 32 48 217 40 2024 4 13 3 30 2
02 66 12 044 42 2024 4 13 3 30 2
02 67 60 015 46 2024 4 13 3 30 2
02 68 53 261 51 2024 4 13 3 30 2
02 69 08 238 43 2024 4 13 3 30 2
02 76 07 051 42 2024 4 13 3 30 2
02 81 18 159 47 2024 4 13 3 30 2
02 82 66 176 49 2024 4 13 3 30 2
06 11 54 291 45 2024 4 13 3 30 2
06 12 50 187 45 2024 4 13 3 30 2
06 14 15 251 42 2024 4 13 3 30 2
10 21 74 360 45 2024 4 13 3 30 2
10 22 28 056 47 2024 4 13 3 30 2
10 34 61 242 45 2024 4 13 3 30 2
10 36 08 060 39 2024 4 13 3 30 2
10 42 40 258 43 2024 4 13 3 30 2
10 43 33 308 42 2024 4 13 3 30 2
10 44 28 172 42 2024 4 13 3 30 2
10 45 09 109 43 2024 4 13 3 30 2
11 21 74 360 38 2024 4 13 3 30 2
11 22 28 056 40 2024 4 13 3 30 2
11 34 61 242 37 2024 4 13 3 30 2
11 36 08 060 38 2024 4 13 3 30 2
11 42 40 258 46 2024 4 13 3 30 2
11 43 33 308 41 2024 4 13 3 30 2
11 44 28 172 39 2024 4 13 3 30 2
11 45 09 109 36 2024 4 13 3 30 2
07 04 32 217 41 2024 4 13 3 30 2
07 10 51 316 41 2024 4 13 3 30 2
07 11 23 315 36 2024 4 13 3 30 2
07 12 77 319 35 2024 4 13 3 30 2
07 19 82 098 38 2024 4 13 3 30 2
07 33 44 133 40 2024 4 13 3 30 2
12 04 32 217 38 2024 4 13 3 30 2
12 10 51 316 42 2024 4 13 3 30 2
12 11 23 315 37 2024 4 13 3 30 2
12 12 77 319 33 2024 4 13 3 30 2
12 19 82 098 36 2024 4 13 3 30 2
12 33 44 133 38 2024 4 13 3 30 2
01 08 21 306 39 2024 4 13 3 30 3
01 10 61 313 48 2024 4 13 3 30 3
01 15 12 050 44 2024 4 13 3 30 3
01 18 44 134 43 2024 4 13 3 30 3
01 23 62 042 48 2024 4 13 3 30 3
01 24 32 076 41 2024 4 13 3 30 3
01 27 37 269 40 2024 4 13 3 30 3
01 32 48 217 47 2024 4 13 3 30 3
08 08 21 306 42 2024 4 13 3 30 3
08 10 61 313 43 2024 4 13 3 30 3
08 18 44 134 41 2024 4 13 3 30 3
08 23 62 042 42 2024 4 13 3 30 3
08 24 32 076 40 2024 4 13 3 30 3
08 27 37 269 47 2024 4 13 3 30 3
08 32 48 217 40 2024 4 13 3 30 3
02 66 12 044 42 2024 4 13 3 30 3
02 67 60 015 46 2024 4 13 3 30 3
02 68 53 261 51 2024 4 13 3 30 3
02 69 08 238 43 2024 4 13 3 30 3
02 76 07 051 41 2024 4 13 3 30 3
02 81 18 159 47 2024 4 13 3 30 3
02 82 66 176 49 2024 4 13 3 30 3
06 11 54 291 45 2024 4 13 3 30 3
06 12 50 187 45 2024 4 13 3 30 3
06 14 15 251 42 2024 4 13 3 30 3
10 21 74 360 45 2024 4 13 3 30 3
10 22 28 056 47 2024 4 13 3 30 3
10 34 61 242 45 2024 4 13 3 30 3
10 36 08 060 39 2024 4 13 3 30 3
10 42 40 258 43 2024 4 13 3 30 3
10 43 33 308 42 2024 4 13 3 30 3
10 44 28 172 42 2024 4 13 3 30 3
10 45 09 109 43 2024 4 13 3 30 3
11 21 74 360 38 2024 4 13 3 30 3
11 22 28 056 40 2024 4 13 3 30 3
11 34 61 242 37 2024 4 13 3 30 3
11 36 08 060 38 2024 4 13 3 30 3
11 42 40 258 46 2024 4 13 3 30 3
11 43 33 308 41 2024 4 13 3 30 3
11 44 28 172 39 2024 4 13 3 30 3
11 45 09 109 37 2024 4 13 3 30 3
07 04 32 217 41 2024 4 13 3 30 3
07 10 51 316 41 2024 4 13 3 30 3
07 11 23 315 36 2024 4 13 3 30 3
07 12 77 319 35 2024 4 13 3 30 3
07 19 82 098 38 2024 4 13 3 30 3
07 33 44 133 40 2024 4 13 3 30 3
12 04 32 217 37 2024 4 13 3 30 3
12 10 51 316 42 2024 4 13 3 30 3
12 11 23 315 37 2024 4 13 3 30 3
12 12 77 319 33 2024 4 13 3 30 3
12 19 82 098 36 2024 4 13 3 30 3
12 33 44 133 38 2024 4 13 3 30 3
01 08 21 306 40 2024 4 13 3 30 4
01 10 61 313 48 2024 4 13 3 30 4
01 15 12 050 44 2024 4 13 3 30 4
01 18 44 134 43 2024 4 13 3 30 4
01 23 62 042 48 2024 4 13 3 30 4
01 24 32 076 41 2024 4 13 3 30 4
01 27 37 269 40 2024 4 13 3 30 4
01 32 48 217 47 2024 4 13 3 30 4
08 08 21 306 42 2024 4 13 3 30 4
08 10 61 313 43 2024 4 13 3 30 4
08 18 44 134 41 2024 4 13 3 30 4
08 24 32 076 40 2024 4 13 3 30 4
08 27 37 269 48 2024 4 13 3 30 4
08 32 48 217 40 2024 4 13 3 30 4
02 66 12 044 42 2024 4 13 3 30 4
02 67 60 015 46 2024 4 13 3 30 4
02 68 53 261 51 2024 4 13 3 30 4
02 69 08 238 42 2024 4 13 3 30 4
02 76 07 051 40 2024 4 13 3 30 4
02 81 18 159 47 2024 4 13 3 30 4
02 82 66 176 49 2024 4 13 3 30 4
06 11 54 291 45 2024 4 13 3 30 4
06 12 50 187 46 2024 4 13 3 30 4
06 14 15 251 42 2024 4 13 3 30 4
10 21 74 360 45 2024 4 13 3 30 4
10 22 28 056 46 2024 4 13 3 30 4
10 34 61 242 45 2024 4 13 3 30 4
10 36 08 060 39 2024 4 13 3 30 4
10 42 40 258 43 2024 4 13 3 30 4
10 43 33 308 42 2024 4 13 3 30 4
10 44 28 172 42 2024 4 13 3 30 4
10 45 09 109 43 2024 4 13 3 30 4
11 21 74 360 38 2024 4 13 3 30 4
11 22 28 056 39 2024 4 13 3 30 4
11 34 61 242 38 2024 4 13 3 30 4
11 36 08 060 38 2024 4 13 3 30 4
11 42 40 258 46 2024 4 13 3 30 4
11 43 33 308 41 2024 4 13 3 30 4
11 44 28 172 39 2024 4 13 3 30 4
11 45 09 109 37 2024 4 13 3 30 4
07 04 32 217 41 2024 4 13 3 30 4
07 10 51 316 41 2024 4 13 3 30 4
07 11 23 315 37 2024 4 13 3 30 4
07 12 77 319 35 2024 4 13 3 30 4
07 19 82 098 38 2024 4 13 3 30 4
07 33 44 133 40 2024 4 13 3 30 4
12 04 32 217 38 2024 4 13 3 30 4
12 10 51 316 42 2024 4 13 3 30 4
12 11 23 315 37 2024 4 13 3 30 4
12 12 77 319 33 2024 4 13 3 30 4
12 19 82 098 36 2024 4 13 3 30 4
12 33 44 133 38 2024 4 13 3 30 4
01 08 21 306 41 2024 4 13 3 30 5
01 10 61 313 48 2024 4 13 3 30 5
01 15 12 050 44 2024 4 13 3 30 5
01 18 44 134 43 2024 4 13 3 30 5
01 23 62 042 48 2024 4 13 3 30 5
01 24 32 076 41 2024 4 13 3 30 5
01 27 37 269 40 2024 4 13 3 30 5
01 32 48 217 47 2024 4 13 3 30 5
08 08 21 306 42 2024 4 13 3 30 5
08 10 61 313 43 2024 4 13 3 30 5
08 18 44 134 41 2024 4 13 3 30 5
08 23 62 042 42 2024 4 13 3 30 5
08 24 32 076 40 2024 4 13 3 30 5
08 27 37 269 47 2024 4 13 3 30 5
08 32 48 217 40 2024 4 13 3 30 5
02 66 12 044 42 2024 4 13 3 30 5
02 67 60 015 46 2024 4 13 3 30 5
02 68 53 261 51 2024 4 13 3 30 5
02 69 08 238 42 2024 4 13 3 30 5
02 76 07 051 41 2024 4 13 3 30 5
02 81 18 159 47 2024 4 13 3 30 5
02 82 66 176 49 2024 4 13 3 30 5
06 11 54 291 45 2024 4 13 3 30 5
06 12 50 187 46 2024 4 13 3 30 5
06 14 15 251 41 2024 4 13 3 30 5
10 21 74 360 45 2024 4 13 3 30 5
10 22 28 056 47 2024 4 13 3 30 5
10 34 61 242 45 2024 4 13 3 30 5
10 36 08 060 39 2024 4 13 3 30 5
10 42 40 258 43 2024 4 13 3 30 5
10 43 33 308 42 2024 4 13 3 30 5
10 44 28 172 42 2024 4 13 3 30 5
10 45 09 109 43 2024 4 13 3 30 5
11 21 74 360 38 2024 4 13 3 30 5
11 22 28 056 39 2024 4 13 3 30 5
11 34 61 242 38 2024 4 13 3 30 5
11 36 08 060 38 2024 4 13 3 30 5
11 42 40 258 46 2024 4 13 3 30 5
11 43 33 308 41 2024 4 13 3 30 5
11 44 28 172 39 2024 4 13 3 30 5
11 45 09 109 37 2024 4 13 3 30 5
07 04 32 217 41 2024 4 13 3 30 5
07 10 51 316 41 2024 4 13 3 30 5
07 11 23 315 37 2024 4 13 3 30 5
07 12 77 319 35 2024 4 13 3 30 5
07 19 82 098 38 2024 4 13 3 30 5
07 33 44 133 40 2024 4 13 3 30 5
12 04 32 217 37 2024 4 13 3 30 5
12 10 51 316 42 2024 4 13 3 30 5
12 11 23 315 37 2024 4 13 3 30 5
12 12 77 319 33 2024 4 13 3 30 5
12 19 82 098 36 2024 4 13 3 30 5
12 33 44 133 39 2024 4 13 3 30 5
01 08 21 306 40 2024 4 13 3 30 6
01 10 61 313 48 2024 4 13 3 30 6
01 15 12 050 44 2024 4 13 3 30 6
01 18 44 134 43 2024 4 13 3 30 6
01 23 62 042 48 2024 4 13 3 30 6
01 24 32 076 42 2024 4 13 3 30 6
01 27 37 269 39 2024 4 13 3 30 6
01 32 48 217 47 2024 4 13 3 30 6
08 08 21 306 42 2024 4 13 3 30 6
08 10 61 313 43 2024 4 13 3 30 6
08 18 44 134 41 2024 4 13 3 30 6
08 23 62 042 41 2024 4 13 3 30 6
08 24 32 076 40 2024 4 13 3 30 6
08 27 37 269 47 2024 4 13 3 30 6
08 32 48 217 40 2024 4 13 3 30 6
02 66 12 044 42 2024 4 13 3 30 6
02 67 60 015 46 2024 4 13 3 30 6
02 68 53 261 51 2024 4 13 3 30 6
02 69 08 238 41 2024 4 13 3 30 6
02 76 07 051 40 2024 4 13 3 30 6
02 81 18 159 47 2024 4 13 3 30 6
02 82 66 176 49 2024 4 13 3 30 6
06 11 54 291 45 2024 4 13 3 30 6
06 12 50 187 46 2024 4 13 3 30 6
06 14 15 251 41 2024 4 13 3 30 6
10 21 74 360 45 2024 4 13 3 30 6
10 22 28 056 47 2024 4 13 3 30 6
10 34 61 242 45 2024 4 13 3 30 6
10 36 08 060 39 2024 4 13 3 30 6
10 42 40 258 43 2024 4 13 3 30 6
10 43 33 308 42 2024 4 13 3 30 6
10 44 28 172 42 2024 4 13 3 30 6
10 45 09 109 43 2024 4 13 3 30 6
11 21 74 360 38 2024 4 13 3 30 6
11 22 28 056 39 2024 4 13 3 30 6
11 34 61 242 38 2024 4 13 3 30 6
11 36 08 060 38 2024 4 13 3 30 6
11 42 40 258 46 2024 4 13 3 30 6
11 43 33 308 41 2024 4 13 3 30 6
11 44 28 172 38 2024 4 13 3 30 6
11 45 09 109 37 2024 4 13 3 30 6
07 04 32 217 41 2024 4 13 3 30 6
07 10 51 316 41 2024 4 13 3 30 6
07 11 23 315 37 2024 4 13 3 30 6
07 12 77 319 35 2024 4 13 3 30 6
07 19 82 098 38 2024 4 13 3 30 6
07 33 44 133 40 2024 4 13 3 30 6
12 04 32 217 38 2024 4 13 3 30 6
12 10 51 316 42 2024 4 13 3 30 6
12 11 23 315 37 2024 4 13 3 30 6
12 12 77 319 33 2024 4 13 3 30 6
12 19 82 098 36 2024 4 13 3 30 6
12 33 44 133 39 2024 4 13 3 30 6
01 08 21 306 40 2024 4 13 3 30 7
01 10 61 313 48 2024 4 13 3 30 7
01 15 12 050 44 2024 4 13 3 30 7
01 18 43 134 44 2024 4 13 3 30 7
01 23 62 043 48 2024 4 13 3 30 7
01 24 32 076 42 2024 4 13 3 30 7
01 27 37 269 40 2024 4 13 3 30 7
01 32 48 217 47 2024 4 13 3 30 7
08 08 21 306 42 2024 4 13 3 30 7
08 10 61 313 43 2024 4 13 3 30 7
08 18 43 134 41 2024 4 13 3 30 7
08 23 62 043 41 2024 4 13 3 30 7
08 24 32 076 40 2024 4 13 3 30 7
08 27 37 269 47 2024 4 13 3 30 7
08 32 48 217 40 2024 4 13 3 30 7
02 66 12 044 42 2024 4 13 3 30 7
02 67 60 015 46 2024 4 13 3 30 7
02 68 53 261 51 2024 4 13 3 30 7
02 69 08 238 39 2024 4 13 3 30 7
02 76 07 051 40 2024 4 13 3 30 7
02 81 18 159 47 2024 4 13 3 30 7
02 82 66 176 49 2024 4 13 3 30 7
06 11 54 291 45 2024 4 13 3 30 7
06 12 50 187 46 2024 4 13 3 30 7
06 14 15 251 41 2024 4 13 3 30 7
10 21 74 360 45 2024 4 13 3 30 7
10 22 28 056 47 2024 4 13 3 30 7
10 34 61 242 45 2024 4 13 3 30 7
10 36 08 060 39 2024 4 13 3 30 7
10 42 40 258 43 2024 4 13 3 30 7
10 43 33 308 42 2024 4 13 3 30 7
10 44 28 172 42 2024 4 13 3 30 7
10 45 09 109 43 2024 4 13 3 30 7
11 21 74 360 38 2024 4 13 3 30 7
11 22 28 056 39 2024 4 13 3 30 7
11 34 61 242 38 2024 4 13 3 30 7
11 36 08 060 38 2024 4 13 3 30 7
11 42 40 258 46 2024 4 13 3 30 7
11 43 33 308 41 2024 4 13 3 30 7
11 44 28 172 39 2024 4 13 3 30 7
11 45 09 109 37 2024 4 13 3 30 7
07 04 32 217 41 2024 4 13 3 30 7
07 10 51 316 40 2024 4 13 3 30 7
07 11 23 315 37 2024 4 13 3 30 7
07 12 77 319 35 2024 4 13 3 30 7
07 19 82 098 38 2024 4 13 3 30 7
07 33 44 133 40 2024 4 13 3 30 7
12 04 32 217 38 2024 4 13 3 30 7
12 10 51 316 42 2024 4 13 3 30 7
12 11 23 315 38 2024 4 13 3 30 7
12 12 77 319 33 2024 4 13 3 30 7
12 19 82 098 36 2024 4 13 3 30 7
12 33 44 133 38 2024 4 13 3 30 7
01 08 21 306 40 2024 4 13 3 30 8
01 10 61 313 48 2024 4 13 3 30 8
01 15 12 050 45 2024 4 13 3 30 8
01 18 43 134 44 2024 4 13 3 30 8
01 23 62 043 48 2024 4 13 3 30 8
01 24 32 076 42 2024 4 13 3 30 8
01 27 37 269 40 2024 4 13 3 30 8
01 32 48 217 47 2024 4 13 3 30 8
08 08 21 306 42 2024 4 13 3 30 8
08 10 61 313 43 2024 4 13 3 30 8
08 18 43 134 41 2024 4 13 3 30 8
08 23 62 043 41 2024 4 13 3 30 8
08 24 32 076 40 2024 4 13 3 30 8
08 27 37 269 48 2024 4 13 3 30 8
08 32 48 217 40 2024 4 13 3 30 8
02 66 12 045 43 2024 4 13 3 30 8
02 67 59 015 46 2024 4 13 3 30 8
02 68 53 261 51 2024 4 13 3 30 8
02 69 08 238 37 2024 4 13 3 30 8
02 76 07 051 40 2024 4 13 3 30 8
02 81 18 159 47 2024 4 13 3 30 8
02 82 66 176 48 2024 4 13 3 30 8
06 11 54 291 45 2024 4 13 3 30 8
06 12 50 187 46 2024 4 13 3 30 8
06 14 15 251 41 2024 4 13 3 30 8
10 21 74 360 45 2024 4 13 3 30 8
10 22 28 056 47 2024 4 13 3 30 8
10 34 61 242 45 2024 4 13 3 30 8
10 36 08 060 39 2024 4 13 3 30 8
10 42 40 258 43 2024 4 13 3 30 8
10 43 33 308 41 2024 4 13 3 30 8
10 44 28 172 42 2024 4 13 3 30 8
10 45 09 109 43 2024 4 13 3 30 8
11 21 74 360 38 2024 4 13 3 30 8
11 22 28 056 39 2024 4 13 3 30 8
11 34 61 242 38 2024 4 13 3 30 8
11 36 08 060 38 2024 4 13 3 30 8
11 42 40 258 46 2024 4 13 3 30 8
11 43 33 308 41 2024 4 13 3 30 8
11 44 28 172 39 2024 4 13 3 30 8
11 45 09 109 37 2024 4 13 3 30 8
07 04 32 217 41 2024 4 13 3 30 8
07 10 51 316 40 2024 4 13 3 30 8
07 11 23 315 37 2024 4 13 3 30 8
07 12 77 319 35 2024 4 13 3 30 8
07 19 82 098 38 2024 4 13 3 30 8
07 33 44 133 40 2024 4 13 3 30 8
12 04 32 217 38 2024 4 13 3 30 8
12 10 51 316 42 2024 4 13 3 30 8
12 11 23 315 37 2024 4 13 3 30 8
12 12 77 319 33 2024 4 13 3 30 8
12 19 82 098 36 2024 4 13 3 30 8
12 33 44 133 39 2024 4 13 3 30 8
01 08 21 306 39 2024 4 13 3 30 9
01 10 61 313 48 2024 4 13 3 30 9
01 15 12 050 45 2024 4 13 3 30 9
01 18 43 134 43 2024 4 13 3 30 9
01 23 62 043 48 2024 4 13 3 30 9
01 24 32 076 42 2024 4 13 3 30 9
01 27 37 269 40 2024 4 13 3 30 9
01 32 48 217 47 2024 4 13 3 30 9
08 08 21 306 42 2024 4 13 3 30 9
08 10 61 313 43 2024 4 13 3 30 9
08 18 43 134 41 2024 4 13 3 30 9
08 23 62 043 42 2024 4 13 3 30 9
08 24 32 076 40 2024 4 13 3 30 9
08 27 37 269 47 2024 4 13 3 30 9
08 32 48 217 40 2024 4 13 3 30 9
02 66 12 045 43 2024 4 13 3 30 9
02 67 59 015 46 2024 4 13 3 30 9
02 68 53 261 51 2024 4 13 3 30 9
02 69 08 238 37 2024 4 13 3 30 9
02 76 07 051 40 2024 4 13 3 30 9
02 81 18 159 47 2024 4 13 3 30 9
02 82 66 176 48 2024 4 13 3 30 9
06 11 54 291 45 2024 4 13 3 30 9
06 12 50 187 46 2024 4 13 3 30 9
06 14 15 251 41 2024 4 13 3 30 9
10 21 74 360 45 2024 4 13 3 30 9
10 22 28 056 47 2024 4 13 3 30 9
10 34 61 242 45 2024 4 13 3 30 9
10 36 08 060 39 2024 4 13 3 30 9
10 42 40 258 43 2024 4 13 3 30 9
10 43 33 308 41 2024 4 13 3 30 9
10 44 28 172 42 2024 4 13 3 30 9
10 45 09 109 43 2024 4 13 3 30 9
11 21 74 360 39 2024 4 13 3 30 9
11 22 28 056 39 2024 4 13 3 30 9
11 34 61 242 38 2024 4 13 3 30 9
11 36 08 060 38 2024 4 13 3 30 9
11 42 40 258 46 2024 4 13 3 30 9
11 43 33 308 41 2024 4 13 3 30 9
11 44 28 172 39 2024 4 13 3 30 9
11 45 09 109 37 2024 4 13 3 30 9
07 04 32 217 41 2024 4 13 3 30 9
07 10 51 316 40 2024 4 13 3 30 9
07 11 23 315 37 2024 4 13 3 30 9
07 12 77 319 34 2024 4 13 3 30 9
07 19 82 098 38 2024 4 13 3 30 9
07 33 44 133 40 2024 4 13 3 30 9
12 04 32 217 38 2024 4 13 3 30 9
12 10 51 316 42 2024 4 13 3 30 9
12 11 23 315 37 2024 4 13 3 30 9
12 12 77 319 33 2024 4 13 3 30 9
12 19 82 098 36 2024 4 13 3 30 9
12 33 44 133 38 2024 4 13 3 30 9
01 08 21 306 40 2024 4 13 3 30 10
01 10 61 313 47 2024 4 13 3 30 10
01 15 12 050 45 2024 4 13 3 30 10
01 18 43 134 44 2024 4 13 3 30 10
01 23 62 043 49 2024 4 13 3 30 10
01 24 32 076 42 2024 4 13 3 30 10
01 27 37 269 40 2024 4 13 3 30 10
01 32 48 217 47 2024 4 13 3 30 10
08 08 21 306 42 2024 4 13 3 30 10
08 10 61 313 43 2024 4 13 3 30 10
08 18 43 134 41 2024 4 13 3 30 10
08 23 62 043 41 2024 4 13 3 30 10
08 24 32 076 40 2024 4 13 3 30 10
08 27 37 269 47 2024 4 13 3 30 10
08 32 48 217 40 2024 4 13 3 30 10
02 66 12 045 43 2024 4 13 3 30 10
02 67 59 015 46 2024 4 13 3 30 10
02 68 53 261 51 2024 4 13 3 30 10
02 69 08 238 36 2024 4 13 3 30 10
02 76 07 051 39 2024 4 13 3 30 10
02 81 18 159 47 2024 4 13 3 30 10
02 82 66 176 48 2024 4 13 3 30 10
06 11 54 291 45 2024 4 13 3 30 10
06 12 50 187 46 2024 4 13 3 30 10
06 14 15 251 41 2024 4 13 3 30 10
10 22 28 056 47 2024 4 13 3 30 10
10 34 61 242 45 2024 4 13 3 30 10
10 36 08 060 39 2024 4 13 3 30 10
10 42 40 258 43 2024 4 13 3 30 10
10 43 33 308 41 2024 4 13 3 30 10
10 44 28 172 42 2024 4 13 3 30 10
10 45 09 109 43 2024 4 13 3 30 10
11 22 28 056 39 2024 4 13 3 30 10
11 34 61 242 38 2024 4 13 3 30 10
11 36 08 060 38 2024 4 13 3 30 10
11 42 40 258 46 2024 4 13 3 30 10
11 43 33 308 41 2024 4 13 3 30 10
11 44 28 172 39 2024 4 13 3 30 10
11 45 09 109 37 2024 4 13 3 30 10
07 04 32 217 41 2024 4 13 3 30 10
07 10 51 316 40 2024 4 13 3 30 10
07 11 23 315 37 2024 4 13 3 30 10
07 12 77 319 35 2024 4 13 3 30 10
07 19 82 098 38 2024 4 13 3 30 10
07 33 44 133 40 2024 4 13 3 30 10
12 04 32 217 37 2024 4 13 3 30 10
12 10 51 316 42 2024 4 13 3 30 10
12 11 23 315 37 2024 4 13 3 30 10
12 12 77 319 33 2024 4 13 3 30 10
12 19 82 098 36 2024 4 13 3 30 10
12 33 44 133 38 2024 4 13 3 30 10
01 08 21 306 40 2024 4 13 3 30 11
01 10 61 313 48 2024 4 13 3 30 11
01 15 12 050 45 2024 4 13 3 30 11
01 18 43 134 44 2024 4 13 3 30 11
01 23 62 043 48 2024 4 13 3 30 11
01 24 32 076 42 2024 4 13 3 30 11
01 27 37 269 40 2024 4 13 3 30 11
01 32 48 217 47 2024 4 13 3 30 11
08 08 21 306 42 2024 4 13 3 30 11
08 10 61 313 43 2024 4 13 3 30 11
08 18 43 134 41 2024 4 13 3 30 11
08 23 62 043 41 2024 4 13 3 30 11
08 24 32 076 40 2024 4 13 3 30 11
08 27 37 269 48 2024 4 13 3 30 11
08 32 48 217 40 2024 4 13 3 30 11
02 66 12 045 43 2024 4 13 3 30 11
02 67 59 015 46 2024 4 13 3 30 11
02 68 53 261 51 2024 4 13 3 30 11
02 69 08 238 37 2024 4 13 3 30 11
02 76 07 051 39 2024 4 13 3 30 11
02 81 18 159 47 2024 4 13 3 30 11
02 82 66 176 49 2024 4 13 3 30 11
06 11 54 291 45 2024 4 13 3 30 11
06 12 50 187 46 2024 4 13 3 30 11
06 14 15 251 41 2024 4 13 3 30 11
10 22 28 056 47 2024 4 13 3 30 11
10 34 61 242 45 2024 4 13 3 30 11
10 36 08 060 39 2024 4 13 3 30 11
10 42 40 258 43 2024 4 13 3 30 11
10 43 33 308 41 2024 4 13 3 30 11
10 44 28 172 43 2024 4 13 3 30 11
10 45 09 109 43 2024 4 13 3 30 11
11 22 28 056 39 2024 4 13 3 30 11
11 34 61 242 38 2024 4 13 3 30 11
11 36 08 060 37 2024 4 13 3 30 11
11 42 40 258 46 2024 4 13 3 30 11
11 43 33 308 41 2024 4 13 3 30 11
11 44 28 172 39 2024 4 13 3 30 11
11 45 09 109 37 2024 4 13 3 30 11
07 04 32 217 41 2024 4 13 3 30 11
07 10 51 316 40 2024 4 13 3 30 11
07 11 23 315 37 2024 4 13 3 30 11
07 12 77 319 35 2024 4 13 3 30 11
07 19 82 098 38 2024 4 13 3 30 11
07 33 44 133 40 2024 4 13 3 30 11
12 04 32 217 38 2024 4 13 3 30 11
12 10 51 316 43 2024 4 13 3 30 11
12 11 23 315 37 2024 4 13 3 30 11
12 12 77 319 33 2024 4 13 3 30 11
12 19 82 098 36 2024 4 13 3 30 11
12 33 44 133 38 2024 4 13 3 30 11
01 08 21 306 41 2024 4 13 3 30 12
01 10 61 313 47 2024 4 13 3 30 12
01 15 12 050 45 2024 4 13 3 30 12
01 18 43 134 44 2024 4 13 3 30 12
01 23 62 043 48 2024 4 13 3 30 12
01 24 32 076 42 2024 4 13 3 30 12
01 27 37 269 40 2024 4 13 3 30 12
01 32 48 217 47 2024 4 13 3 30 12
08 08 21 306 42 2024 4 13 3 30 12
08 10 61 313 43 2024 4 13 3 30 12
08 18 43 134 41 2024 4 13 3 30 12
08 23 62 043 42 2024 4 13 3 30 12
08 24 32 076 40 2024 4 13 3 30 12
08 27 37 269 48 2024 4 13 3 30 12
08 32 48 217 40 2024 4 13 3 30 12
02 66 12 045 43 2024 4 13 3 30 12
02 67 59 015 46 2024 4 13 3 30 12
02 68 53 261 51 2024 4 13 3 30 12
02 69 08 238 38 2024 4 13 3 30 12
02 76 07 051 39 2024 4 13 3 30 12
02 81 18 159 47 2024 4 13 3 30 12
02 82 66 176 49 2024 4 13 3 30 12
06 11 54 291 45 2024 4 13 3 30 12
06 12 50 187 46 2024 4 13 3 30 12
06 14 15 251 41 2024 4 13 3 30 12
10 22 28 056 47 2024 4 13 3 30 12
10 34 61 242 45 2024 4 13 3 30 12
10 36 08 060 39 2024 4 13 3 30 12
10 42 40 258 43 2024 4 13 3 30 12
10 43 33 308 41 2024 4 13 3 30 12
10 44 28 172 43 2024 4 13 3 30 12
10 45 09 109 44 2024 4 13 3 30 12
11 22 28 056 39 2024 4 13 3 30 12
11 34 61 242 38 2024 4 13 3 30 12
11 36 08 060 37 2024 4 13 3 30 12
11 42 40 258 46 2024 4 13 3 30 12
11 43 33 308 41 2024 4 13 3 30 12
11 44 28 172 39 2024 4 13 3 30 12
11 45 09 109 37 2024 4 13 3 30 12
07 04 32 217 41 2024 4 13 3 30 12
07 10 51 316 40 2024 4 13 3 30 12
07 11 23 315 37 2024 4 13 3 30 12
07 12 77 319 35 2024 4 13 3 30 12
07 19 82 098 38 2024 4 13 3 30 12
07 33 44 133 40 2024 4 13 3 30 12
12 04 32 217 38 2024 4 13 3 30 12
12 10 51 316 43 2024 4 13 3 30 12
12 11 23 315 37 2024 4 13 3 30 12
12 12 77 319 33 2024 4 13 3 30 12
12 19 82 098 36 2024 4 13 3 30 12
12 33 44 133 39 2024 4 13 3 30 12
01 08 21 306 40 2024 4 13 3 30 13
01 10 61 313 47 2024 4 13 3 30 13
01 15 12 050 45 2024 4 13 3 30 13
01 18 43 134 44 2024 4 13 3 30 13
01 23 62 043 48 2024 4 13 3 30 13
01 24 32 076 42 2024 4 13 3 30 13
01 27 37 269 40 2024 4 13 3 30 13
01 32 48 217 47 2024 4 13 3 30 13
08 08 21 306 42 2024 4 13 3 30 13
08 10 61 313 43 2024 4 13 3 30 13
08 18 43 134 41 2024 4 13 3 30 13
08 23 62 043 42 2024 4 13 3 30 13
08 24 32 076 40 2024 4 13 3 30 13
08 27 37 269 48 2024 4 13 3 30 13
08 32 48 217 40 2024 4 13 3 30 13
02 66 12 045 43 2024 4 13 3 30 13
02 67 59 015 46 2024 4 13 3 30 13
02 68 53 261 51 2024 4 13 3 30 13
02 69 08 238 39 2024 4 13 3 30 13
02 76 07 051 40 2024 4 13 3 30 13
02 81 18 159 47 2024 4 13 3 30 13
02 82 66 176 49 2024 4 13 3 30 13
06 11 54 291 45 2024 4 13 3 30 13
06 12 50 187 46 2024 4 13 3 30 13
06 14 15 251 41 2024 4 13 3 30 13
10 22 28 056 47 2024 4 13 3 30 13
10 34 61 242 45 2024 4 13 3 30 13
10 36 08 060 39 2024 4 13 3 30 13
10 42 40 258 43 2024 4 13 3 30 13
10 43 33 308 41 2024 4 13 3 30 13
10 44 28 172 43 2024 4 13 3 30 13
10 45 09 109 44 2024 4 13 3 30 13
11 22 28 056 39 2024 4 13 3 30 13
11 34 61 242 38 2024 4 13 3 30 13
11 36 08 060 38 2024 4 13 3 30 13
11 42 40 258 46 2024 4 13 3 30 13
11 43 33 308 41 2024 4 13 3 30 13
11 44 28 172 39 2024 4 13 3 30 13
11 45 09 109 37 2024 4 13 3 30 13
07 04 32 217 41 2024 4 13 3 30 13
07 10 51 316 40 2024 4 13 3 30 13
07 11 23 315 36 2024 4 13 3 30 13
07 12 78 319 35 2024 4 13 3 30 13
07 19 82 097 38 2024 4 13 3 30 13
07 33 44 133 40 2024 4 13 3 30 13
12 04 32 217 38 2024 4 13 3 30 13
12 10 51 316 42 2024 4 13 3 30 13
12 11 23 315 36 2024 4 13 3 30 13
12 12 78 319 33 2024 4 13 3 30 13
12 19 82 097 36 2024 4 13 3 30 13
12 33 44 133 39 2024 4 13 3 30 13
01 08 21 306 40 2024 4 13 3 30 14
01 10 61 313 48 2024 4 13 3 30 14
01 15 12 050 46 2024 4 13 3 30 14
01 18 43 134 44 2024 4 13 3 30 14
01 23 62 043 48 2024 4 13 3 30 14
01 24 32 076 42 2024 4 13 3 30 14
01 27 37 269 40 2024 4 13 3 30 14
01 32 48 217 47 2024 4 13 3 30 14
08 08 21 306 42 2024 4 13 3 30 14
08 10 61 313 43 2024 4 13 3 30 14
08 18 43 134 41 2024 4 13 3 30 14
08 23 62 043 42 2024 4 13 3 30 14
08 24 32 076 40 2024 4 13 3 30 14
08 27 37 269 48 2024 4 13 3 30 14
08 32 48 217 40 2024 4 13 3 30 14
02 66 12 045 43 2024 4 13 3 30 14
02 67 59 015 46 2024 4 13 3 30 14
02 68 53 261 51 2024 4 13 3 30 14
02 69 08 238 40 2024 4 13 3 30 14
02 76 07 051 40 2024 4 13 3 30 14
02 81 18 159 46 2024 4 13 3 30 14
02 82 66 176 49 2024 4 13 3 30 14
06 11 54 291 45 2024 4 13 3 30 14
06 12 50 187 46 2024 4 13 3 30 14
06 14 15 251 42 2024 4 13 3 30 14
10 22 28 056 47 2024 4 13 3 30 14
10 34 61 242 45 2024 4 13 3 30 14
10 36 08 060 39 2024 4 13 3 30 14
10 42 40 258 43 2024 4 13 3 30 14
10 43 33 308 41 2024 4 13 3 30 14
10 44 28 172 43 2024 4 13 3 30 14
10 45 09 109 44 2024 4 13 3 30 14
11 22 28 056 39 2024 4 13 3 30 14
11 34 61 242 38 2024 4 13 3 30 14
11 36 08 060 38 2024 4 13 3 30 14
11 42 40 258 46 2024 4 13 3 30 14
11 43 33 308 41 2024 4 13 3 30 14
11 44 28 172 39 2024 4 13 3 30 14
11 45 09 109 37 2024 4 13 3 30 14
07 04 32 217 41 2024 4 13 3 30 14
07 10 51 316 40 2024 4 13 3 30 14
07 11 23 315 36 2024 4 13 3 30 14
07 12 78 319 35 2024 4 13 3 30 14
07 19 82 097 38 2024 4 13 3 30 14
07 33 44 133 40 2024 4 13 3 30 14
12 04 32 217 37 2024 4 13 3 30 14
12 10 51 316 42 2024 4 13 3 30 14
12 11 23 315 36 2024 4 13 3 30 14
12 12 78 319 33 2024 4 13 3 30 14
12 19 82 097 36 2024 4 13 3 30 14
12 33 44 133 39 2024 4 13 3 30 14
01 08 21 306 40 2024 4 13 3 30 15
01 10 61 313 48 2024 4 13 3 30 15
01 15 12 050 45 2024 4 13 3 30 15
01 18 43 134 44 2024 4 13 3 30 15
01 23 62 043 48 2024 4 13 3 30 15
01 24 32 076 42 2024 4 13 3 30 15
01 27 37 269 39 2024 4 13 3 30 15
01 32 48 217 47 2024 4 13 3 30 15
08 08 21 306 42 2024 4 13 3 30 15
08 10 61 313 43 2024 4 13 3 30 15
08 18 43 134 41 2024 4 13 3 30 15
08 23 62 043 41 2024 4 13 3 30 15
08 24 32 076 40 2024 4 13 3 30 15
08 27 37 269 48 2024 4 13 3 30 15
08 32 48 217 40 2024 4 13 3 30 15
02 66 12 045 43 2024 4 13 3 30 15
02 67 59 015 46 2024 4 13 3 30 15
02 68 53 261 51 2024 4 13 3 30 15
02 69 08 238 40 2024 4 13 3 30 15
02 76 07 051 40 2024 4 13 3 30 15
02 81 18 159 47 2024 4 13 3 30 15
02 82 66 176 49 2024 4 13 3 30 15
06 11 54 291 45 2024 4 13 3 30 15
06 12 50 187 46 2024 4 13 3 30 15
06 14 15 251 41 2024 4 13 3 30 15
10 22 28 056 47 2024 4 13 3 30 15
10 34 61 242 45 2024 4 13 3 30 15
10 36 08 060 39 2024 4 13 3 30 15
10 42 40 258 43 2024 4 13 3 30 15
10 43 33 308 41 2024 4 13 3 30 15
10 44 28 172 43 2024 4 13 3 30 15
10 45 09 109 44 2024 4 13 3 30 15
11 22 28 056 39 2024 4 13 3 30 15
11 34 61 242 38 2024 4 13 3 30 15
11 36 08 060 37 2024 4 13 3 30 15
11 42 40 258 46 2024 4 13 3 30 15
11 43 33 308 41 2024 4 13 3 30 15
11 44 28 172 39 2024 4 13 3 30 15
11 45 09 109 37 2024 4 13 3 30 15
07 04 32 217 41 2024 4 13 3 30 15
07 10 51 316 40 2024 4 13 3 30 15
07 11 23 315 36 2024 4 13 3 30 15
07 12 78 319 35 2024 4 13 3 30 15
07 19 82 097 38 2024 4 13 3 30 15
07 33 44 133 40 2024 4 13 3 30 15
12 04 32 217 38 2024 4 13 3 30 15
12 10 51 316 42 2024 4 13 3 30 15
12 11 23 315 36 2024 4 13 3 30 15
12 12 78 319 33 2024 4 13 3 30 15
12 19 82 097 36 2024 4 13 3 30 15
12 33 44 133 38 2024 4 13 3 30 15
01 08 21 306 40 2024 4 13 3 30 16
01 10 61 313 48 2024 4 13 3 30 16
01 15 12 050 45 2024 4 13 3 30 16
01 18 43 134 44 2024 4 13 3 30 16
01 23 62 043 47 2024 4 13 3 30 16
01 24 32 076 41 2024 4 13 3 30 16
01 27 37 269 40 2024 4 13 3 30 16
01 32 48 217 47 2024 4 13 3 30 16
08 08 21 306 42 2024 4 13 3 30 16
08 10 61 313 43 2024 4 13 3 30 16
08 18 43 134 41 2024 4 13 3 30 16
08 23 62 043 41 2024 4 13 3 30 16
08 24 32 076 40 2024 4 13 3 30 16
08 27 37 269 48 2024 4 13 3 30 16
08 32 48 217 40 2024 4 13 3 30 16
02 66 12 045 43 2024 4 13 3 30 16
02 67 59 015 46 2024 4 13 3 30 16
02 68 53 261 51 2024 4 13 3 30 16
02 69 08 238 40 2024 4 13 3 30 16
02 76 07 051 40 2024 4 13 3 30 16
02 81 18 159 47 2024 4 13 3 30 16
02 82 66 176 49 2024 4 13 3 30 16
06 11 54 291 45 2024 4 13 3 30 16
06 12 50 187 46 2024 4 13 3 30 16
06 14 15 251 41 2024 4 13 3 30 16
10 22 28 056 47 2024 4 13 3 30 16
10 34 61 242 45 2024 4 13 3 30 16
10 36 08 060 39 2024 4 13 3 30 16
10 42 40 258 43 2024 4 13 3 30 16
10 43 33 308 41 2024 4 13 3 30 16
10 44 28 172 43 2024 4 13 3 30 16
10 45 09 109 43 2024 4 13 3 30 16
11 22 28 056 39 2024 4 13 3 30 16
11 34 61 242 38 2024 4 13 3 30 16
11 36 08 060 37 2024 4 13 3 30 16
11 42 40 258 46 2024 4 13 3 30 16
11 43 33 308 41 2024 4 13 3 30 16
11 44 28 172 39 2024 4 13 3 30 16
11 45 09 109 37 2024 4 13 3 30 16
07 04 32 217 41 2024 4 13 3 30 16
07 10 51 316 40 2024 4 13 3 30 16
07 11 23 315 36 2024 4 13 3 30 16
07 12 78 319 35 2024 4 13 3 30 16
07 19 82 097 38 2024 4 13 3 30 16
07 33 44 133 40 2024 4 13 3 30 16
12 04 32 217 38 2024 4 13 3 30 16
12 10 51 316 42 2024 4 13 3 30 16
12 11 23 315 37 2024 4 13 3 30 16
12 12 78 319 33 2024 4 13 3 30 16
12 19 82 097 36 2024 4 13 3 30 16
12 33 44 133 39 2024 4 13 3 30 16
01 08 21 306 40 2024 4 13 3 30 17
01 10 61 313 48 2024 4 13 3 30 17
01 15 12 050 45 2024 4 13 3 30 17
01 18 43 134 44 2024 4 13 3 30 17
01 23 62 043 48 2024 4 13 3 30 17
01 24 32 076 42 2024 4 13 3 30 17
01 27 37 269 40 2024 4 13 3 30 17
01 32 48 217 47 2024 4 13 3 30 17
08 08 21 306 42 2024 4 13 3 30 17
08 10 61 313 43 2024 4 13 3 30 17
08 18 43 134 41 2024 4 13 3 30 17
08 23 62 043 41 2024 4 13 3 30 17
08 24 32 076 40 2024 4 13 3 30 17
08 27 37 269 47 2024 4 13 3 30 17
08 32 48 217 40 2024 4 13 3 30 17
02 66 12 045 43 2024 4 13 3 30 17
02 67 59 015 46 2024 4 13 3 30 17
02 68 53 261 51 2024 4 13 3 30 17
02 69 08 238 40 2024 4 13 3 30 17
02 76 07 051 40 2024 4 13 3 30 17
02 81 18 159 46 2024 4 13 3 30 17
02 82 66 176 49 2024 4 13 3 30 17
06 11 54 291 45 2024 4 13 3 30 17
06 12 50 187 46 2024 4 13 3 30 17
06 14 15 251 41 2024 4 13 3 30 17
10 22 28 056 47 2024 4 13 3 30 17
10 34 61 242 45 2024 4 13 3 30 17
10 36 08 060 39 2024 4 13 3 30 17
10 42 40 258 43 2024 4 13 3 30 17
10 43 33 308 41 2024 4 13 3 30 17
10 44 28 172 43 2024 4 13 3 30 17
10 45 09 109 44 2024 4 13 3 30 17
11 22 28 056 39 2024 4 13 3 30 17
11 34 61 242 38 2024 4 13 3 30 17
11 36 08 060 37 2024 4 13 3 30 17
11 42 40 258 46 2024 4 13 3 30 17
11 43 33 308 41 2024 4 13 3 30 17
11 44 28 172 39 2024 4 13 3 30 17
11 45 09 109 37 2024 4 13 3 30 17
07 04 32 217 41 2024 4 13 3 30 17
07 10 51 316 40 2024 4 13 3 30 17
07 11 23 315 36 2024 4 13 3 30 17
07 12 78 319 35 2024 4 13 3 30 17
07 19 82 097 38 2024 4 13 3 30 17
07 33 44 133 40 2024 4 13 3 30 17
12 04 32 217 38 2024 4 13 3 30 17
12 10 51 316 42 2024 4 13 3 30 17
12 11 23 315 36 2024 4 13 3 30 17
12 12 78 319 33 2024 4 13 3 30 17
12 19 82 097 36 2024 4 13 3 30 17
12 33 44 133 39 2024 4 13 3 30 17
01 08 21 306 40 2024 4 13 3 30 18
01 10 61 313 48 2024 4 13 3 30 18
01 15 12 050 46 2024 4 13 3 30 18
01 18 43 134 44 2024 4 13 3 30 18
01 23 62 043 48 2024 4 13 3 30 18
01 24 32 076 42 2024 4 13 3 30 18
01 27 37 269 40 2024 4 13 3 30 18
01 32 48 217 47 2024 4 13 3 30 18
08 08 21 306 42 2024 4 13 3 30 18
08 10 61 313 43 2024 4 13 3 30 18
08 18 43 134 41 2024 4 13 3 30 18
08 23 62 043 42 2024 4 13 3 30 18
08 24 32 076 40 2024 4 13 3 30 18
08 27 37 269 48 2024 4 13 3 30 18
08 32 48 217 40 2024 4 13 3 30 18
02 66 12 045 43 2024 4 13 3 30 18
02 67 59 015 46 2024 4 13 3 30 18
02 68 53 261 51 2024 4 13 3 30 18
02 69 08 238 40 2024 4 13 3 30 18
02 76 07 051 40 2024 4 13 3 30 18
02 81 18 159 46 2024 4 13 3 30 18
02 82 66 176 49 2024 4 13 3 30 18
06 11 54 291 45 2024 4 13 3 30 18
06 12 50 187 45 2024 4 13 3 30 18
06 14 15 251 41 2024 4 13 3 30 18
10 22 28 056 47 2024 4 13 3 30 18
10 34 61 242 45 2024 4 13 3 30 18
10 36 08 060 39 2024 4 13 3 30 18
10 42 40 258 43 2024 4 13 3 30 18
10 43 33 308 41 2024 4 13 3 30 18
10 44 28 172 43 2024 4 13 3 30 18
10 45 09 109 44 2024 4 13 3 30 18
11 22 28 056 39 2024 4 13 3 30 18
11 34 61 242 38 2024 4 13 3 30 18
11 36 08 060 37 2024 4 13 3 30 18
11 42 40 258 46 2024 4 13 3 30 18
11 43 33 308 41 2024 4 13 3 30 18
11 44 28 172 38 2024 4 13 3 30 18
11 45 09 109 37 2024 4 13 3 30 18
07 04 32 217 41 2024 4 13 3 30 18
07 10 51 316 40 2024 4 13 3 30 18
07 11 23 315 36 2024 4 13 3 30 18
07 12 78 319 35 2024 4 13 3 30 18
07 19 82 097 38 2024 4 13 3 30 18
07 33 44 133 40 2024 4 13 3 30 18
12 04 32 217 38 2024 4 13 3 30 18
12 10 51 316 42 2024 4 13 3 30 18
12 11 23 315 36 2024 4 13 3 30 18
12 12 78 319 33 2024 4 13 3 30 18
12 19 82 097 36 2024 4 13 3 30 18
12 33 44 133 39 2024 4 13 3 30 18
01 08 21 306 39 2024 4 13 3 30 19
01 10 61 313 48 2024 4 13 3 30 19
01 15 12 050 45 2024 4 13 3 30 19
01 18 43 134 44 2024 4 13 3 30 19
01 23 62 043 48 2024 4 13 3 30 19
01 24 32 076 42 2024 4 13 3 30 19
01 27 37 269 39 2024 4 13 3 30 19
01 32 48 217 47 2024 4 13 3 30 19
08 08 21 306 42 2024 4 13 3 30 19
08 10 61 313 43 2024 4 13 3 30 19
08 18 43 134 41 2024 4 13 3 30 19
08 23 62 043 42 2024 4 13 3 30 19
08 24 32 076 40 2024 4 13 3 30 19
08 27 37 269 47 2024 4 13 3 30 19
08 32 48 217 39 2024 4 13 3 30 19
02 66 12 045 43 2024 4 13 3 30 19
02 67 59 015 46 2024 4 13 3 30 19
02 68 53 261 51 2024 4 13 3 30 19
02 69 08 238 40 2024 4 13 3 30 19
02 76 07 051 39 2024 4 13 3 30 19
02 81 18 159 46 2024 4 13 3 30 19
02 82 66 176 49 2024 4 13 3 30 19
06 11 54 291 45 2024 4 13 3 30 19
06 12 50 187 45 2024 4 13 3 30 19
06 14 15 251 42 2024 4 13 3 30 19
10 22 28 056 47 2024 4 13 3 30 19
10 34 61 242 45 2024 4 13 3 30 19
10 36 08 060 40 2024 4 13 3 30 19
10 42 40 258 43 2024 4 13 3 30 19
10 43 33 308 41 2024 4 13 3 30 19
10 44 28 172 43 2024 4 13 3 30 19
10 45 09 109 43 2024 4 13 3 30 19
11 22 28 056 39 2024 4 13 3 30 19
11 34 61 242 38 2024 4 13 3 30 19
11 36 08 060 37 2024 4 13 3 30 19
11 42 40 258 46 2024 4 13 3 30 19
11 43 33 308 41 2024 4 13 3 30 19
11 44 28 172 39 2024 4 13 3 30 19
11 45 09 109 37 2024 4 13 3 30 19
07 04 32 217 41 2024 4 13 3 30 19
07 10 51 316 40 2024 4 13 3 30 19
07 11 23 315 36 2024 4 13 3 30 19
07 12 78 319 35 2024 4 13 3 30 19
07 19 82 097 38 2024 4 13 3 30 19
07 33 44 133 41 2024 4 13 3 30 19
12 04 32 217 38 2024 4 13 3 30 19
12 10 51 316 42 2024 4 13 3 30 19
12 11 23 315 35 2024 4 13 3 30 19
12 12 78 319 33 2024 4 13 3 30 19
12 19 82 097 36 2024 4 13 3 30 19
12 33 44 133 39 2024 4 13 3 30 19
01 08 21 306 38 2024 4 13 3 30 20
01 10 61 313 48 2024 4 13 3 30 20
01 15 12 050 45 2024 4 13 3 30 20
01 18 43 134 44 2024 4 13 3 30 20
01 23 62 043 48 2024 4 13 3 30 20
01 24 32 076 41 2024 4 13 3 30 20
01 27 37 269 39 2024 4 13 3 30 20
01 32 48 217 47 2024 4 13 3 30 20
08 08 21 306 42 2024 4 13 3 30 20
08 10 61 313 43 2024 4 13 3 30 20
08 18 43 134 41 2024 4 13 3 30 20
08 23 62 043 42 2024 4 13 3 30 20
08 24 32 076 40 2024 4 13 3 30 20
08 27 37 269 47 2024 4 13 3 30 20
08 32 48 217 40 2024 4 13 3 30 20
02 66 12 045 43 2024 4 13 3 30 20
02 67 59 015 46 2024 4 13 3 30 20
02 68 53 261 51 2024 4 13 3 30 20
02 69 08 238 40 2024 4 13 3 30 20
02 76 07 051 39 2024 4 13 3 30 20
02 81 18 159 46 2024 4 13 3 30 20
02 82 66 176 49 2024 4 13 3 30 20
06 11 54 291 45 2024 4 13 3 30 20
06 12 50 187 46 2024 4 13 3 30 20
06 14 15 251 41 2024 4 13 3 30 20
10 22 28 056 47 2024 4 13 3 30 20
10 34 61 242 45 2024 4 13 3 30 20
10 36 08 060 40 2024 4 13 3 30 20
10 42 40 258 43 2024 4 13 3 30 20
10 43 33 308 40 2024 4 13 3 30 20
10 44 28 172 43 2024 4 13 3 30 20
10 45 09 109 44 2024 4 13 3 30 20
11 22 28 056 39 2024 4 13 3 30 20
11 34 61 242 38 2024 4 13 3 30 20
11 36 08 060 37 2024 4 13 3 30 20
11 42 40 258 46 2024 4 13 3 30 20
11 43 33 308 41 2024 4 13 3 30 20
11 44 28 172 39 2024 4 13 3 30 20
11 45 09 109 37 2024 4 13 3 30 20
07 04 32 217 41 2024 4 13 3 30 20
07 10 51 316 40 2024 4 13 3 30 20
07 11 23 315 36 2024 4 13 3 30 20
07 12 78 319 35 2024 4 13 3 30 20
07 19 82 097 38 2024 4 13 3 30 20
07 33 44 133 40 2024 4 13 3 30 20
12 04 32 217 38 2024 4 13 3 30 20
12 10 51 316 42 2024 4 13 3 30 20
12 11 23 315 36 2024 4 13 3 30 20
12 12 78 319 33 2024 4 13 3 30 20
12 19 82 097 36 2024 4 13 3 30 20
12 33 44 133 39 2024 4 13 3 30 20
01 08 21 306 39 2024 4 13 3 30 21
01 10 61 313 48 2024 4 13 3 30 21
01 15 12 050 45 2024 4 13 3 30 21
01 18 43 134 44 2024 4 13 3 30 21
01 23 62 043 48 2024 4 13 3 30 21
01 24 32 076 41 2024 4 13 3 30 21
01 27 37 269 39 2024 4 13 3 30 21
01 32 48 217 47 2024 4 13 3 30 21
08 08 21 306 42 2024 4 13 3 30 21
08 10 61 313 43 2024 4 13 3 30 21
08 18 43 134 41 2024 4 13 3 30 21
08 23 62 043 41 2024 4 13 3 30 21
08 24 32 076 40 2024 4 13 3 30 21
08 27 37 269 48 2024 4 13 3 30 21
08 32 48 217 40 2024 4 13 3 30 21
02 66 12 045 43 2024 4 13 3 30 21
02 67 59 015 46 2024 4 13 3 30 21
02 68 53 261 52 2024 4 13 3 30 21
02 69 08 238 39 2024 4 13 3 30 21
02 76 07 051 40 2024 4 13 3 30 21
02 81 18 159 46 2024 4 13 3 30 21
02 82 66 176 48 2024 4 13 3 30 21
06 11 54 291 45 2024 4 13 3 30 21
06 12 50 187 46 2024 4 13 3 30 21
06 14 15 251 41 2024 4 13 3 30 21
10 22 28 056 47 2024 4 13 3 30 21
10 34 61 242 45 2024 4 13 3 30 21
10 36 08 060 40 2024 4 13 3 30 21
10 42 40 258 43 2024 4 13 3 30 21
10 43 33 308 40 2024 4 13 3 30 21
10 44 28 172 43 2024 4 13 3 30 21
10 45 09 109 44 2024 4 13 3 30 21
11 22 28 056 39 2024 4 13 3 30 21
11 34 61 242 38 2024 4 13 3 30 21
11 36 08 060 37 2024 4 13 3 30 21
11 42 40 258 46 2024 4 13 3 30 21
11 43 33 308 41 2024 4 13 3 30 21
11 44 28 172 39 2024 4 13 3 30 21
11 45 09 109 37 2024 4 13 3 30 21
07 04 32 217 41 2024 4 13 3 30 21
07 10 51 316 40 2024 4 13 3 30 21
07 11 23 315 35 2024 4 13 3 30 21
07 12 78 319 35 2024 4 13 3 30 21
07 19 82 097 37 2024 4 13 3 30 21
07 33 44 133 41 2024 4 13 3 30 21
12 04 32 217 38 2024 4 13 3 30 21
12 10 51 316 42 2024 4 13 3 30 21
12 11 23 315 35 2024 4 13 3 30 21
12 12 78 319 33 2024 4 13 3 30 21
12 19 82 097 36 2024 4 13 3 30 21
12 33 44 133 38 2024 4 13 3 30 21
01 08 21 306 39 2024 4 13 3 30 22
01 10 61 313 48 2024 4 13 3 30 22
01 15 12 050 46 2024 4 13 3 30 22
01 18 43 134 44 2024 4 13 3 30 22
01 23 62 043 48 2024 4 13 3 30 22
01 24 32 076 41 2024 4 13 3 30 22
01 27 37 269 40 2024 4 13 3 30 22
01 32 48 217 46 2024 4 13 3 30 22
08 08 21 306 42 2024 4 13 3 30 22
08 10 61 313 43 2024 4 13 3 30 22
08 18 43 134 41 2024 4 13 3 30 22
08 23 62 043 42 2024 4 13 3 30 22
08 24 32 076 40 2024 4 13 3 30 22
08 27 37 269 48 2024 4 13 3 30 22
08 32 48 217 40 2024 4 13 3 30 22
02 66 12 045 43 2024 4 13 3 30 22
02 67 59 015 46 2024 4 13 3 30 22
02 68 53 262 52 2024 4 13 3 30 22
02 69 08 238 38 2024 4 13 3 30 22
02 76 07 051 40 2024 4 13 3 30 22
02 81 18 159 46 2024 4 13 3 30 22
02 82 66 176 48 2024 4 13 3 30 22
06 11 54 291 45 2024 4 13 3 30 22
06 12 50 187 46 2024 4 13 3 30 22
06 14 15 251 41 2024 4 13 3 30 22
10 22 28 056 47 2024 4 13 3 30 22
10 34 61 242 45 2024 4 13 3 30 22
10 36 08 060 40 2024 4 13 3 30 22
10 42 40 258 43 2024 4 13 3 30 22
10 43 33 308 40 2024 4 13 3 30 22
10 44 28 172 43 2024 4 13 3 30 22
10 45 09 109 44 2024 4 13 3 30 22
11 22 28 056 39 2024 4 13 3 30 22
11 34 61 242 38 2024 4 13 3 30 22
11 36 08 060 37 2024 4 13 3 30 22
11 42 40 258 46 2024 4 13 3 30 22
11 43 33 308 41 2024 4 13 3 30 22
11 44 28 172 38 2024 4 13 3 30 22
11 45 09 109 37 2024 4 13 3 30 22
07 04 32 217 41 2024 4 13 3 30 22
07 10 51 316 40 2024 4 13 3 30 22
07 11 23 315 35 2024 4 13 3 30 22
07 12 78 319 35 2024 4 13 3 30 22
07 19 82 097 38 2024 4 13 3 30 22
07 33 44 133 40 2024 4 13 3 30 22
12 04 32 217 38 2024 4 13 3 30 22
12 10 51 316 42 2024 4 13 3 30 22
12 11 23 315 36 2024 4 13 3 30 22
12 12 78 319 33 2024 4 13 3 30 22
12 19 82 097 36 2024 4 13 3 30 22
12 33 44 133 39 2024 4 13 3 30 22
01 08 21 306 38 2024 4 13 3 30 23
01 10 61 313 48 2024 4 13 3 30 23
01 15 12 050 46 2024 4 13 3 30 23
01 18 43 134 44 2024 4 13 3 30 23
01 23 62 043 48 2024 4 13 3 30 23
01 24 32 076 41 2024 4 13 3 30 23
01 27 37 269 40 2024 4 13 3 30 23
01 32 48 217 46 2024 4 13 3 30 23
08 08 21 306 42 2024 4 13 3 30 23
08 10 61 313 43 2024 4 13 3 30 23
08 18 43 134 41 2024 4 13 3 30 23
08 23 62 043 42 2024 4 13 3 30 23
08 24 32 076 40 2024 4 13 3 30 23
08 27 37 269 48 2024 4 13 3 30 23
08 32 48 217 40 2024 4 13 3 30 23
02 66 12 045 43 2024 4 13 3 30 23
02 67 59 015 46 2024 4 13 3 30 23
02 68 53 262 52 2024 4 13 3 30 23
02 69 08 238 38 2024 4 13 3 30 23
02 76 07 051 40 2024 4 13 3 30 23
02 81 18 159 46 2024 4 13 3 30 23
02 82 66 176 48 2024 4 13 3 30 23
06 11 54 291 45 2024 4 13 3 30 23
06 12 49 187 46 2024 4 13 3 30 23
06 14 15 251 41 2024 4 13 3 30 23
10 22 28 056 47 2024 4 13 3 30 23
10 34 61 242 45 2024 4 13 3 30 23
10 36 08 060 39 2024 4 13 3 30 23
10 42 40 258 43 2024 4 13 3 30 23
10 43 33 308 40 2024 4 13 3 30 23
10 44 28 172 43 2024 4 13 3 30 23
10 45 09 109 44 2024 4 13 3 30 23
11 22 28 056 39 2024 4 13 3 30 23
11 34 61 242 38 2024 4 13 3 30 23
11 36 08 060 37 2024 4 13 3 30 23
11 42 40 258 46 2024 4 13 3 30 23
11 43 33 308 41 2024 4 13 3 30 23
11 44 28 172 38 2024 4 13 3 30 23
11 45 09 109 37 2024 4 13 3 30 23
07 04 32 217 41 2024 4 13 3 30 23
07 10 51 316 40 2024 4 13 3 30 23
07 11 23 315 35 2024 4 13 3 30 23
07 12 78 319 35 2024 4 13 3 30 23
07 19 82 097 38 2024 4 13 3 30 23
07 33 44 133 41 2024 4 13 3 30 23
12 04 32 217 38 2024 4 13 3 30 23
12 10 51 316 43 2024 4 13 3 30 23
12 11 23 315 36 2024 4 13 3 30 23
12 12 78 319 33 2024 4 13 3 30 23
12 19 82 097 36 2024 4 13 3 30 23
12 33 44 133 39 2024 4 13 3 30 23
01 08 21 306 38 2024 4 13 3 30 24
01 10 61 313 48 2024 4 13 3 30 24
01 15 12 050 46 2024 4 13 3 30 24
01 18 43 134 44 2024 4 13 3 30 24
01 23 62 043 48 2024 4 13 3 30 24
01 24 32 076 41 2024 4 13 3 30 24
01 27 37 269 40 2024 4 13 3 30 24
01 32 48 217 47 2024 4 13 3 30 24
08 08 21 306 42 2024 4 13 3 30 24
08 10 61 313 43 2024 4 13 3 30 24
08 18 43 134 41 2024 4 13 3 30 24
08 23 62 043 41 2024 4 13 3 30 24
08 24 32 076 40 2024 4 13 3 30 24
08 27 37 269 48 2024 4 13 3 30 24
08 32 48 217 40 2024 4 13 3 30 24
02 66 12 045 43 2024 4 13 3 30 24
02 67 59 015 47 2024 4 13 3 30 24
02 68 53 262 52 2024 4 13 3 30 24
02 69 08 238 38 2024 4 13 3 30 24
02 76 07 051 41 2024 4 13 3 30 24
02 81 18 159 46 2024 4 13 3 30 24
02 82 66 176 48 2024 4 13 3 30 24
06 11 54 291 45 2024 4 13 3 30 24
06 12 49 187 46 2024 4 13 3 30 24
06 14 15 251 41 2024 4 13 3 30 24
10 22 28 056 47 2024 4 13 3 30 24
10 34 61 242 45 2024 4 13 3 30 24
10 36 08 060 39 2024 4 13 3 30 24
10 42 40 258 42 2024 4 13 3 30 24
10 43 33 308 40 2024 4 13 3 30 24
10 44 28 172 43 2024 4 13 3 30 24
10 45 09 109 44 2024 4 13 3 30 24
11 22 28 056 39 2024 4 13 3 30 24
11 34 61 242 38 2024 4 13 3 30 24
11 36 08 060 37 2024 4 13 3 30 24
11 42 40 259 46 2024 4 13 3 30 24
11 43 33 308 41 2024 4 13 3 30 24
11 44 28 172 38 2024 4 13 3 30 24
11 45 09 109 37 2024 4 13 3 30 24
07 04 32 217 41 2024 4 13 3 30 24
07 10 51 316 40 2024 4 13 3 30 24
07 11 23 315 35 2024 4 13 3 30 24
07 12 78 319 35 2024 4 13 3 30 24
07 19 82 097 38 2024 4 13 3 30 24
07 33 44 133 41 2024 4 13 3 30 24
12 04 32 217 38 2024 4 13 3 30 24
12 10 51 316 42 2024 4 13 3 30 24
12 11 23 315 35 2024 4 13 3 30 24
12 12 78 319 33 2024 4 13 3 30 24
12 19 82 097 36 2024 4 13 3 30 24
12 33 44 133 38 2024 4 13 3 30 24
01 08 21 306 38 2024 4 13 3 30 25
01 10 61 313 48 2024 4 13 3 30 25
01 15 12 050 46 2024 4 13 3 30 25
01 18 43 134 44 2024 4 13 3 30 25
01 23 62 043 48 2024 4 13 3 30 25
01 24 32 076 41 2024 4 13 3 30 25
01 27 37 269 41 2024 4 13 3 30 25
01 32 48 217 46 2024 4 13 3 30 25
08 08 21 306 42 2024 4 13 3 30 25
08 10 61 313 43 2024 4 13 3 30 25
08 18 43 134 41 2024 4 13 3 30 25
08 23 62 043 42 2024 4 13 3 30 25
08 24 32 076 40 2024 4 13 3 30 25
08 27 37 269 48 2024 4 13 3 30 25
08 32 48 217 40 2024 4 13 3 30 25
02 66 12 045 43 2024 4 13 3 30 25
02 67 59 015 47 2024 4 13 3 30 25
02 68 53 262 52 2024 4 13 3 30 25
02 69 08 238 38 2024 4 13 3 30 25
02 76 07 051 40 2024 4 13 3 30 25
02 81 18 159 46 2024 4 13 3 30 25
02 82 66 176 48 2024 4 13 3 30 25
06 11 54 291 45 2024 4 13 3 30 25
06 12 49 187 46 2024 4 13 3 30 25
06 14 15 251 42 2024 4 13 3 30 25
10 22 28 056 47 2024 4 13 3 30 25
10 34 61 242 45 2024 4 13 3 30 25
10 36 08 060 40 2024 4 13 3 30 25
10 42 40 259 42 2024 4 13 3 30 25
10 43 33 308 40 2024 4 13 3 30 25
10 44 28 172 43 2024 4 13 3 30 25
10 45 10 109 44 2024 4 13 3 30 25
11 22 28 056 39 2024 4 13 3 30 25
11 34 61 242 38 2024 4 13 3 30 25
11 36 08 060 37 2024 4 13 3 30 25
11 42 40 259 46 2024 4 13 3 30 25
11 43 33 308 41 2024 4 13 3 30 25
11 44 28 172 38 2024 4 13 3 30 25
11 45 10 109 37 2024 4 13 3 30 25
07 04 32 217 41 2024 4 13 3 30 25
07 10 51 316 40 2024 4 13 3 30 25
07 11 23 315 35 2024 4 13 3 30 25
07 12 78 319 35 2024 4 13 3 30 25
07 19 82 097 38 2024 4 13 3 30 25
07 33 44 133 41 2024 4 13 3 30 25
12 04 32 217 38 2024 4 13 3 30 25
12 10 51 316 42 2024 4 13 3 30 25
12 11 23 315 35 2024 4 13 3 30 25
12 12 78 319 33 2024 4 13 3 30 25
12 19 82 097 36 2024 4 13 3 30 25
12 33 44 133 38 2024 4 13 3 30 25
01 08 21 306 38 2024 4 13 3 30 26
01 10 61 313 48 2024 4 13 3 30 26
01 15 12 050 45 2024 4 13 3 30 26
01 18 43 134 44 2024 4 13 3 30 26
01 23 62 043 48 2024 4 13 3 30 26
01 24 32 076 41 2024 4 13 3 30 26
01 27 37 269 40 2024 4 13 3 30 26
01 32 48 217 46 2024 4 13 3 30 26
08 08 21 306 42 2024 4 13 3 30 26
08 10 61 313 43 2024 4 13 3 30 26
08 18 43 134 41 2024 4 13 3 30 26
08 23 62 043 41 2024 4 13 3 30 26
08 24 32 076 40 2024 4 13 3 30 26
08 27 37 269 48 2024 4 13 3 30 26
08 32 48 217 40 2024 4 13 3 30 26
02 66 12 045 43 2024 4 13 3 30 26
02 67 59 015 47 2024 4 13 3 30 26
02 68 53 262 52 2024 4 13 3 30 26
02 69 08 238 38 2024 4 13 3 30 26
02 76 07 051 40 2024 4 13 3 30 26
02 81 18 159 46 2024 4 13 3 30 26
02 82 66 176 48 2024 4 13 3 30 26
06 11 54 291 45 2024 4 13 3 30 26
06 12 49 187 46 2024 4 13 3 30 26
06 14 15 251 42 2024 4 13 3 30 26
10 22 28 056 47 2024 4 13 3 30 26
10 34 61 242 44 2024 4 13 3 30 26
10 36 08 060 40 2024 4 13 3 30 26
10 42 40 259 42 2024 4 13 3 30 26
10 43 33 308 40 2024 4 13 3 30 26
10 44 28 172 43 2024 4 13 3 30 26
10 45 10 109 44 2024 4 13 3 30 26
11 22 28 056 39 2024 4 13 3 30 26
11 34 61 242 38 2024 4 13 3 30 26
11 36 08 060 37 2024 4 13 3 30 26
11 42 40 259 46 2024 4 13 3 30 26
11 43 33 308 41 2024 4 13 3 30 26
11 44 28 172 38 2024 4 13 3 30 26
11 45 10 109 37 2024 4 13 3 30 26
07 04 32 217 41 2024 4 13 3 30 26
07 10 51 316 40 2024 4 13 3 30 26
07 11 23 315 35 2024 4 13 3 30 26
07 12 78 319 35 2024 4 13 3 30 26
07 19 82 096 38 2024 4 13 3 30 26
07 33 44 133 41 2024 4 13 3 30 26
12 04 32 217 38 2024 4 13 3 30 26
12 10 51 316 42 2024 4 13 3 30 26
12 11 23 315 36 2024 4 13 3 30 26
12 12 78 319 33 2024 4 13 3 30 26
12 19 82 096 36 2024 4 13 3 30 26
12 33 44 133 38 2024 4 13 3 30 26
01 08 21 306 38 2024 4 13 3 30 27
01 10 61 313 48 2024 4 13 3 30 27
01 15 12 050 46 2024 4 13 3 30 27
01 18 43 134 44 2024 4 13 3 30 27
01 23 62 043 48 2024 4 13 3 30 27
01 24 32 076 41 2024 4 13 3 30 27
01 27 37 269 40 2024 4 13 3 30 27
01 32 48 217 46 2024 4 13 3 30 27
08 08 21 306 42 2024 4 13 3 30 27
08 10 61 313 43 2024 4 13 3 30 27
08 18 43 134 41 2024 4 13 3 30 27
08 23 62 043 42 2024 4 13 3 30 27
08 24 32 076 40 2024 4 13 3 30 27
08 27 37 269 48 2024 4 13 3 30 27
08 32 48 217 40 2024 4 13 3 30 27
02 66 12 045 43 2024 4 13 3 30 27
02 67 59 015 47 2024 4 13 3 30 27
02 68 53 262 52 2024 4 13 3 30 27
02 69 08 238 38 2024 4 13 3 30 27
02 76 07 051 41 2024 4 13 3 30 27
02 81 18 159 46 2024 4 13 3 30 27
02 82 66 176 48 2024 4 13 3 30 27
06 11 54 291 45 2024 4 13 3 30 27
06 12 49 187 46 2024 4 13 3 30 27
06 14 15 251 42 2024 4 13 3 30 27
10 22 28 056 47 2024 4 13 3 30 27
10 34 61 242 45 2024 4 13 3 30 27
10 36 08 060 40 2024 4 13 3 30 27
10 42 40 259 43 2024 4 13 3 30 27
10 43 33 308 40 2024 4 13 3 30 27
10 44 28 172 43 2024 4 13 3 30 27
10 45 10 109 44 2024 4 13 3 30 27
11 22 28 056 39 2024 4 13 3 30 27
11 34 61 242 38 2024 4 13 3 30 27
11 36 08 060 37 2024 4 13 3 30 27
11 42 40 259 46 2024 4 13 3 30 27
11 43 33 308 41 2024 4 13 3 30 27
11 44 28 172 38 2024 4 13 3 30 27
11 45 10 109 37 2024 4 13 3 30 27
07 04 32 217 41 2024 4 13 3 30 27
07 10 51 316 40 2024 4 13 3 30 27
07 11 23 315 35 2024 4 13 3 30 27
07 12 78 319 35 2024 4 13 3 30 27
07 19 82 096 38 2024 4 13 3 30 27
07 33 44 133 41 2024 4 13 3 30 27
12 04 32 217 38 2024 4 13 3 30 27
12 10 51 316 42 2024 4 13 3 30 27
12 11 23 315 36 2024 4 13 3 30 27
12 12 78 319 33 2024 4 13 3 30 27
12 19 82 096 36 2024 4 13 3 30 27
12 33 44 133 39 2024 4 13 3 30 27
01 08 21 306 38 2024 4 13 3 30 28
01 10 61 313 49 2024 4 13 3 30 28
01 15 12 050 46 2024 4 13 3 30 28
01 18 43 134 44 2024 4 13 3 30 28
01 23 62 043 48 2024 4 13 3 30 28
01 24 32 076 42 2024 4 13 3 30 28
01 27 37 269 40 2024 4 13 3 30 28
01 32 48 217 46 2024 4 13 3 30 28
08 08 21 306 42 2024 4 13 3 30 28
08 10 61 313 43 2024 4 13 3 30 28
08 18 43 134 41 2024 4 13 3 30 28
08 23 62 043 42 2024 4 13 3 30 28
08 24 32 076 40 2024 4 13 3 30 28
08 27 37 269 48 2024 4 13 3 30 28
08 32 48 217 40 2024 4 13 3 30 28
02 66 12 045 43 2024 4 13 3 30 28
02 67 59 015 47 2024 4 13 3 30 28
02 68 53 262 52 2024 4 13 3 30 28
02 69 08 238 38 2024 4 13 3 30 28
02 76 07 051 41 2024 4 13 3 30 28
02 81 18 159 46 2024 4 13 3 30 28
02 82 66 176 48 2024 4 13 3 30 28
06 11 54 291 45 2024 4 13 3 30 28
06 12 49 187 46 2024 4 13 3 30 28
06 14 15 251 42 2024 4 13 3 30 28
10 22 28 056 47 2024 4 13 3 30 28
10 34 61 242 44 2024 4 13 3 30 28
10 36 08 060 40 2024 4 13 3 30 28
10 42 40 259 42 2024 4 13 3 30 28
10 43 33 308 40 2024 4 13 3 30 28
10 44 28 172 43 2024 4 13 3 30 28
10 45 10 109 44 2024 4 13 3 30 28
11 22 28 056 39 2024 4 13 3 30 28
11 34 61 242 38 2024 4 13 3 30 28
11 36 08 060 37 2024 4 13 3 30 28
11 42 40 259 46 2024 4 13 3 30 28
11 43 33 308 41 2024 4 13 3 30 28
11 44 28 172 38 2024 4 13 3 30 28
11 45 10 109 37 2024 4 13 3 30 28
07 04 32 217 41 2024 4 13 3 30 28
07 10 51 316 39 2024 4 13 3 30 28
07 11 23 315 35 2024 4 13 3 30 28
07 12 78 319 35 2024 4 13 3 30 28
07 19 82 096 38 2024 4 13 3 30 28
07 33 44 133 41 2024 4 13 3 30 28
12 04 32 217 38 2024 4 13 3 30 28
12 10 51 316 42 2024 4 13 3 30 28
12 11 23 315 36 2024 4 13 3 30 28
12 12 78 319 33 2024 4 13 3 30 28
12 19 82 096 36 2024 4 13 3 30 28
12 33 44 133 39 2024 4 13 3 30 28
01 08 21 306 38 2024 4 13 3 30 29
01 10 61 313 48 2024 4 13 3 30 29
01 15 12 050 46 2024 4 13 3 30 29
01 18 43 134 44 2024 4 13 3 30 29
01 23 62 043 48 2024 4 13 3 30 29
01 24 32 076 42 2024 4 13 3 30 29
01 27 37 269 40 2024 4 13 3 30 29
01 32 48 217 46 2024 4 13 3 30 29
08 08 21 306 42 2024 4 13 3 30 29
08 10 61 313 43 2024 4 13 3 30 29
08 18 43 134 41 2024 4 13 3 30 29
08 23 62 043 42 2024 4 13 3 30 29
08 24 32 076 40 2024 4 13 3 30 29
08 27 37 269 48 2024 4 13 3 30 29
08 32 48 217 40 2024 4 13 3 30 29
02 66 12 045 43 2024 4 13 3 30 29
02 67 59 015 47 2024 4 13 3 30 29
02 68 53 262 52 2024 4 13 3 30 29
02 69 08 238 37 2024 4 13 3 30 29
02 76 07 051 41 2024 4 13 3 30 29
02 81 18 159 46 2024 4 13 3 30 29
02 82 66 176 47 2024 4 13 3 30 29
06 11 54 291 45 2024 4 13 3 30 29
06 12 49 187 46 2024 4 13 3 30 29
06 14 15 251 42 2024 4 13 3 30 29
10 22 28 056 47 2024 4 13 3 30 29
10 34 61 242 44 2024 4 13 3 30 29
10 36 08 060 39 2024 4 13 3 30 29
10 42 40 259 42 2024 4 13 3 30 29
10 43 33 308 40 2024 4 13 3 30 29
10 44 28 172 43 2024 4 13 3 30 29
10 45 10 109 44 2024 4 13 3 30 29
11 22 28 056 39 2024 4 13 3 30 29
11 34 61 242 38 2024 4 13 3 30 29
11 36 08 060 37 2024 4 13 3 30 29
11 42 40 259 46 2024 4 13 3 30 29
11 43 33 308 41 2024 4 13 3 30 29
11 44 28 172 38 2024 4 13 3 30 29
11 45 10 109 37 2024 4 13 3 30 29
07 04 32 217 41 2024 4 13 3 30 29
07 10 51 316 39 2024 4 13 3 30 29
07 11 23 315 34 2024 4 13 3 30 29
07 12 78 319 35 2024 4 13 3 30 29
07 19 82 096 38 2024 4 13 3 30 29
07 33 44 133 41 2024 4 13 3 30 29
12 04 32 217 38 2024 4 13 3 30 29
12 10 51 316 42 2024 4 13 3 30 29
12 11 23 315 36 2024 4 13 3 30 29
12 12 78 319 33 2024 4 13 3 30 29
12 19 82 096 36 2024 4 13 3 30 29
12 33 44 133 39 2024 4 13 3 30 29
01 08 21 306 38 2024 4 13 3 30 30
01 10 61 313 48 2024 4 13 3 30 30
01 15 12 050 46 2024 4 13 3 30 30
01 18 43 134 44 2024 4 13 3 30 30
01 23 62 043 48 2024 4 13 3 30 30
01 24 32 076 42 2024 4 13 3 30 30
01 27 37 269 40 2024 4 13 3 30 30
01 32 48 217 46 2024 4 13 3 30 30
08 08 21 306 42 2024 4 13 3 30 30
08 10 61 313 43 2024 4 13 3 30 30
08 18 43 134 41 2024 4 13 3 30 30
08 23 62 043 42 2024 4 13 3 30 30
08 24 32 076 40 2024 4 13 3 30 30
08 27 37 269 48 2024 4 13 3 30 30
08 32 48 217 40 2024 4 13 3 30 30
02 66 12 045 43 2024 4 13 3 30 30
02 67 59 015 47 2024 4 13 3 30 30
02 68 53 262 52 2024 4 13 3 30 30
02 69 08 238 37 2024 4 13 3 30 30
02 76 07 051 41 2024 4 13 3 30 30
02 81 18 159 46 2024 4 13 3 30 30
02 82 66 176 47 2024 4 13 3 30 30
06 11 54 291 45 2024 4 13 3 30 30
06 12 49 187 46 2024 4 13 3 30 30
06 14 15 251 41 2024 4 13 3 30 30
10 22 28 056 47 2024 4 13 3 30 30
10 34 61 242 44 2024 4 13 3 30 30
10 36 08 060 39 2024 4 13 3 30 30
10 42 40 259 42 2024 4 13 3 30 30
10 43 33 308 40 2024 4 13 3 30 30
10 44 28 172 43 2024 4 13 3 30 30
10 45 10 109 44 2024 4 13 3 30 30
11 22 28 056 38 2024 4 13 3 30 30
11 34 61 242 38 2024 4 13 3 30 30
11 36 08 060 37 2024 4 13 3 30 30
11 42 40 259 46 2024 4 13 3 30 30
11 43 33 308 41 2024 4 13 3 30 30
11 44 28 172 38 2024 4 13 3 30 30
11 45 10 109 37 2024 4 13 3 30 30
07 04 32 217 41 2024 4 13 3 30 30
07 10 51 316 39 2024 4 13 3 30 30
07 11 23 315 34 2024 4 13 3 30 30
07 12 78 319 35 2024 4 13 3 30 30
07 19 82 096 38 2024 4 13 3 30 30
07 33 44 133 41 2024 4 13 3 30 30
12 04 32 217 38 2024 4 13 3 30 30
12 10 51 316 42 2024 4 13 3 30 30
12 11 23 315 36 2024 4 13 3 30 30
12 12 78 319 33 2024 4 13 3 30 30
12 19 82 096 36 2024 4 13 3 30 30
12 33 44 133 39 2024 4 13 3 30 30
01 08 21 306 38 2024 4 13 3 30 31
01 10 61 313 48 2024 4 13 3 30 31
01 15 12 050 45 2024 4 13 3 30 31
01 18 43 134 44 2024 4 13 3 30 31
01 23 62 043 48 2024 4 13 3 30 31
01 24 32 076 42 2024 4 13 3 30 31
01 27 37 269 40 2024 4 13 3 30 31
01 32 48 217 46 2024 4 13 3 30 31
08 08 21 306 42 2024 4 13 3 30 31
08 10 61 313 43 2024 4 13 3 30 31
08 18 43 134 41 2024 4 13 3 30 31
08 23 62 043 42 2024 4 13 3 30 31
08 24 32 076 40 2024 4 13 3 30 31
08 27 37 269 48 2024 4 13 3 30 31
08 32 48 217 40 2024 4 13 3 30 31
02 66 12 045 44 2024 4 13 3 30 31
02 67 59 015 47 2024 4 13 3 30 31
02 68 53 262 52 2024 4 13 3 30 31
02 69 08 238 37 2024 4 13 3 30 31
02 76 07 051 42 2024 4 13 3 30 31
02 81 18 159 45 2024 4 13 3 30 31
02 82 66 176 47 2024 4 13 3 30 31
06 11 54 291 45 2024 4 13 3 30 31
06 12 49 187 46 2024 4 13 3 30 31
06 14 15 251 42 2024 4 13 3 30 31
10 22 28 056 47 2024 4 13 3 30 31
10 34 61 242 44 2024 4 13 3 30 31
10 36 08 060 39 2024 4 13 3 30 31
10 42 40 259 42 2024 4 13 3 30 31
10 43 33 308 40 2024 4 13 3 30 31
10 44 28 172 43 2024 4 13 3 30 31
10 45 10 109 44 2024 4 13 3 30 31
11 22 28 056 39 2024 4 13 3 30 31
11 34 61 242 38 2024 4 13 3 30 31
11 36 08 060 37 2024 4 13 3 30 31
11 42 40 259 46 2024 4 13 3 30 31
11 43 33 308 41 2024 4 13 3 30 31
11 44 28 172 38 2024 4 13 3 30 31
11 45 10 109 37 2024 4 13 3 30 31
07 04 32 217 41 2024 4 13 3 30 31
07 10 51 316 39 2024 4 13 3 30 31
07 11 23 315 35 2024 4 13 3 30 31
07 12 78 319 35 2024 4 13 3 30 31
07 19 82 096 38 2024 4 13 3 30 31
07 33 44 133 41 2024 4 13 3 30 31
12 04 32 217 38 2024 4 13 3 30 31
12 10 51 316 42 2024 4 13 3 30 31
12 11 23 315 36 2024 4 13 3 30 31
12 12 78 319 33 2024 4 13 3 30 31
12 19 82 096 36 2024 4 13 3 30 31
12 33 44 133 39 2024 4 13 3 30 31
01 08 21 306 38 2024 4 13 3 30 32
01 10 61 313 48 2024 4 13 3 30 32
01 15 12 050 45 2024 4 13 3 30 32
01 18 43 134 44 2024 4 13 3 30 32
01 23 62 043 47 2024 4 13 3 30 32
01 24 32 076 42 2024 4 13 3 30 32
01 27 37 269 40 2024 4 13 3 30 32
01 32 48 217 46 2024 4 13 3 30 32
08 08 21 306 42 2024 4 13 3 30 32
08 10 61 313 43 2024 4 13 3 30 32
08 18 43 134 41 2024 4 13 3 30 32
08 23 62 043 42 2024 4 13 3 30 32
08 24 32 076 40 2024 4 13 3 30 32
08 27 37 269 47 2024 4 13 3 30 32
08 32 48 217 39 2024 4 13 3 30 32
02 66 12 045 44 2024 4 13 3 30 32
02 67 59 015 47 2024 4 13 3 30 32
02 68 53 262 52 2024 4 13 3 30 32
02 69 08 238 37 2024 4 13 3 30 32
02 76 07 051 42 2024 4 13 3 30 32
02 81 18 159 45 2024 4 13 3 30 32
02 82 66 176 48 2024 4 13 3 30 32
06 11 54 291 45 2024 4 13 3 30 32
06 12 49 187 45 2024 4 13 3 30 32
06 14 15 251 42 2024 4 13 3 30 32
10 22 28 056 47 2024 4 13 3 30 32
10 34 61 242 45 2024 4 13 3 30 32
10 36 08 060 39 2024 4 13 3 30 32
10 42 40 259 42 2024 4 13 3 30 32
10 43 33 308 41 2024 4 13 3 30 32
10 44 28 172 43 2024 4 13 3 30 32
10 45 10 109 44 2024 4 13 3 30 32
11 22 28 056 39 2024 4 13 3 30 32
11 34 61 242 38 2024 4 13 3 30 32
11 36 08 060 37 2024 4 13 3 30 32
11 42 40 259 46 2024 4 13 3 30 32
11 43 33 308 41 2024 4 13 3 30 32
11 44 28 172 38 2024 4 13 3 30 32
11 45 10 109 37 2024 4 13 3 30 32
07 04 32 217 41 2024 4 13 3 30 32
07 10 51 316 39 2024 4 13 3 30 32
07 11 23 315 35 2024 4 13 3 30 32
07 12 78 319 35 2024 4 13 3 30 32
07 19 82 096 38 2024 4 13 3 30 32
07 33 44 133 41 2024 4 13 3 30 32
12 04 32 217 38 2024 4 13 3 30 32
12 10 51 316 43 2024 4 13 3 30 32
12 11 23 315 36 2024 4 13 3 30 32
12 12 78 319 33 2024 4 13 3 30 32
12 19 82 096 36 2024 4 13 3 30 32
12 33 44 133 39 2024 4 13 3 30 32
01 08 21 306 38 2024 4 13 3 30 33
01 10 61 313 48 2024 4 13 3 30 33
01 15 12 050 45 2024 4 13 3 30 33
01 18 43 134 44 2024 4 13 3 30 33
01 23 62 043 47 2024 4 13 3 30 33
01 24 32 076 42 2024 4 13 3 30 33
01 27 37 269 40 2024 4 13 3 30 33
01 32 48 217 46 2024 4 13 3 30 33
08 08 21 306 42 2024 4 13 3 30 33
08 10 61 313 43 2024 4 13 3 30 33
08 18 43 134 41 2024 4 13 3 30 33
08 23 62 043 41 2024 4 13 3 30 33
08 24 32 076 40 2024 4 13 3 30 33
08 27 37 269 47 2024 4 13 3 30 33
08 32 48 217 39 2024 4 13 3 30 33
02 66 12 045 44 2024 4 13 3 30 33
02 67 59 015 47 2024 4 13 3 30 33
02 68 53 262 52 2024 4 13 3 30 33
02 69 08 238 37 2024 4 13 3 30 33
02 76 07 051 42 2024 4 13 3 30 33
02 81 18 159 45 2024 4 13 3 30 33
02 82 66 176 48 2024 4 13 3 30 33
06 11 54 291 45 2024 4 13 3 30 33
06 12 49 187 46 2024 4 13 3 30 33
06 14 15 251 41 2024 4 13 3 30 33
10 22 28 056 47 2024 4 13 3 30 33
10 34 61 242 45 2024 4 13 3 30 33
10 36 08 060 39 2024 4 13 3 30 33
10 42 40 259 42 2024 4 13 3 30 33
10 43 33 308 40 2024 4 13 3 30 33
10 44 28 172 43 2024 4 13 3 30 33
10 45 10 109 44 2024 4 13 3 30 33
11 22 28 056 39 2024 4 13 3 30 33
11 34 61 242 38 2024 4 13 3 30 33
11 36 08 060 37 2024 4 13 3 30 33
11 42 40 259 46 2024 4 13 3 30 33
11 43 33 308 41 2024 4 13 3 30 33
11 44 28 172 38 2024 4 13 3 30 33
11 45 10 109 38 2024 4 13 3 30 33
07 04 32 217 41 2024 4 13 3 30 33
07 10 51 316 39 2024 4 13 3 30 33
07 11 23 315 35 2024 4 13 3 30 33
07 12 78 319 35 2024 4 13 3 30 33
07 19 82 096 38 2024 4 13 3 30 33
07 33 44 133 41 2024 4 13 3 30 33
12 04 32 217 38 2024 4 13 3 30 33
12 10 51 316 42 2024 4 13 3 30 33
12 11 23 315 36 2024 4 13 3 30 33
12 12 78 319 33 2024 4 13 3 30 33
12 19 82 096 36 2024 4 13 3 30 33
12 33 44 133 39 2024 4 13 3 30 33
01 08 21 306 37 2024 4 13 3 30 34
01 10 61 313 49 2024 4 13 3 30 34
01 15 12 050 45 2024 4 13 3 30 34
01 18 43 134 44 2024 4 13 3 30 34
01 23 62 043 48 2024 4 13 3 30 34
01 24 32 076 42 2024 4 13 3 30 34
01 27 37 269 40 2024 4 13 3 30 34
01 32 48 217 46 2024 4 13 3 30 34
08 08 21 306 42 2024 4 13 3 30 34
08 10 61 313 43 2024 4 13 3 30 34
08 18 43 134 41 2024 4 13 3 30 34
08 23 62 043 41 2024 4 13 3 30 34
08 24 32 076 40 2024 4 13 3 30 34
08 27 37 269 48 2024 4 13 3 30 34
08 32 48 217 40 2024 4 13 3 30 34
02 66 12 045 44 2024 4 13 3 30 34
02 67 59 015 47 2024 4 13 3 30 34
02 68 53 262 52 2024 4 13 3 30 34
02 69 08 238 36 2024 4 13 3 30 34
02 76 07 051 42 2024 4 13 3 30 34
02 81 18 159 45 2024 4 13 3 30 34
02 82 66 176 48 2024 4 13 3 30 34
06 11 54 291 46 2024 4 13 3 30 34
06 12 49 187 46 2024 4 13 3 30 34
06 14 15 251 41 2024 4 13 3 30 34
10 22 28 056 47 2024 4 13 3 30 34
10 34 61 242 45 2024 4 13 3 30 34
10 36 08 060 39 2024 4 13 3 30 34
10 42 40 259 42 2024 4 13 3 30 34
10 43 33 308 41 2024 4 13 3 30 34
10 44 28 172 43 2024 4 13 3 30 34
10 45 10 109 44 2024 4 13 3 30 34
11 22 28 056 39 2024 4 13 3 30 34
11 34 61 242 38 2024 4 13 3 30 34
11 36 08 060 37 2024 4 13 3 30 34
11 42 40 259 46 2024 4 13 3 30 34
11 43 33 308 41 2024 4 13 3 30 34
11 44 28 172 38 2024 4 13 3 30 34
11 45 10 109 38 2024 4 13 3 30 34
07 04 32 217 41 2024 4 13 3 30 34
07 10 51 316 39 2024 4 13 3 30 34
07 11 23 315 35 2024 4 13 3 30 34
07 12 78 319 35 2024 4 13 3 30 34
07 19 82 096 38 2024 4 13 3 30 34
07 33 44 133 41 2024 4 13 3 30 34
12 04 32 217 38 2024 4 13 3 30 34
12 10 51 316 42 2024 4 13 3 30 34
12 11 23 315 37 2024 4 13 3 30 34
12 12 78 319 33 2024 4 13 3 30 34
12 19 82 096 36 2024 4 13 3 30 34
12 33 44 133 39 2024 4 13 3 30 34
01 08 21 306 38 2024 4 13 3 30 35
01 10 61 313 48 2024 4 13 3 30 35
01 15 12 050 45 2024 4 13 3 30 35
01 18 43 134 45 2024 4 13 3 30 35
01 23 62 043 48 2024 4 13 3 30 35
01 24 32 076 41 2024 4 13 3 30 35
01 27 37 269 40 2024 4 13 3 30 35
01 32 48 217 46 2024 4 13 3 30 35
08 08 21 306 42 2024 4 13 3 30 35
08 10 61 313 43 2024 4 13 3 30 35
08 18 43 134 41 2024 4 13 3 30 35
08 23 62 043 41 2024 4 13 3 30 35
08 24 32 076 40 2024 4 13 3 30 35
08 27 37 269 48 2024 4 13 3 30 35
08 32 48 217 40 2024 4 13 3 30 35
02 66 12 045 44 2024 4 13 3 30 35
02 67 59 015 47 2024 4 13 3 30 35
02 68 54 262 52 2024 4 13 3 30 35
02 69 08 238 36 2024 4 13 3 30 35
02 76 07 051 42 2024 4 13 3 30 35
02 81 18 159 45 2024 4 13 3 30 35
02 82 66 176 48 2024 4 13 3 30 35
06 11 54 291 45 2024 4 13 3 30 35
06 12 49 187 46 2024 4 13 3 30 35
06 14 15 251 41 2024 4 13 3 30 35
10 22 28 056 47 2024 4 13 3 30 35
10 34 61 242 45 2024 4 13 3 30 35
10 36 08 060 39 2024 4 13 3 30 35
10 42 40 259 42 2024 4 13 3 30 35
10 43 33 308 41 2024 4 13 3 30 35
10 44 28 172 43 2024 4 13 3 30 35
10 45 10 109 44 2024 4 13 3 30 35
11 22 28 056 39 2024 4 13 3 30 35
11 34 61 242 38 2024 4 13 3 30 35
11 36 08 060 37 2024 4 13 3 30 35
11 42 40 259 46 2024 4 13 3 30 35
11 43 33 308 41 2024 4 13 3 30 35
11 44 28 172 38 2024 4 13 3 30 35
11 45 10 109 38 2024 4 13 3 30 35
07 04 32 217 41 2024 4 13 3 30 35
07 10 51 316 39 2024 4 13 3 30 35
07 11 23 315 35 2024 4 13 3 30 35
07 12 78 319 35 2024 4 13 3 30 35
07 19 82 096 38 2024 4 13 3 30 35
07 33 44 133 41 2024 4 13 3 30 35
12 04 32 217 38 2024 4 13 3 30 35
12 10 51 316 43 2024 4 13 3 30 35
12 11 23 315 36 2024 4 13 3 30 35
12 12 78 319 33 2024 4 13 3 30 35
12 19 82 096 36 2024 4 13 3 30 35
12 33 44 133 39 2024 4 13 3 30 35
01 08 21 306 38 2024 4 13 3 30 36
01 10 61 313 48 2024 4 13 3 30 36
01 15 12 050 45 2024 4 13 3 30 36
01 18 43 134 45 2024 4 13 3 30 36
01 23 62 043 48 2024 4 13 3 30 36
01 24 32 076 42 2024 4 13 3 30 36
01 27 37 269 41 2024 4 13 3 30 36
01 32 48 217 46 2024 4 13 3 30 36
08 08 21 306 42 2024 4 13 3 30 36
08 10 61 313 43 2024 4 13 3 30 36
08 18 43 134 41 2024 4 13 3 30 36
08 23 62 043 42 2024 4 13 3 30 36
08 24 32 076 40 2024 4 13 3 30 36
08 27 37 269 48 2024 4 13 3 30 36
08 32 48 217 39 2024 4 13 3 30 36
02 66 12 045 44 2024 4 13 3 30 36
02 67 59 015 48 2024 4 13 3 30 36
02 68 54 262 52 2024 4 13 3 30 36
02 69 08 238 36 2024 4 13 3 30 36
02 76 07 051 41 2024 4 13 3 30 36
02 81 18 159 45 2024 4 13 3 30 36
02 82 66 176 48 2024 4 13 3 30 36
06 11 54 291 45 2024 4 13 3 30 36
06 12 49 187 46 2024 4 13 3 30 36
06 14 15 251 41 2024 4 13 3 30 36
10 22 28 056 47 2024 4 13 3 30 36
10 34 61 242 45 2024 4 13 3 30 36
10 36 08 060 39 2024 4 13 3 30 36
10 42 40 259 42 2024 4 13 3 30 36
10 43 33 308 41 2024 4 13 3 30 36
10 44 28 172 43 2024 4 13 3 30 36
10 45 10 109 44 2024 4 13 3 30 36
11 22 28 056 39 2024 4 13 3 30 36
11 34 61 242 38 2024 4 13 3 30 36
11 36 08 060 37 2024 4 13 3 30 36
11 42 40 259 46 2024 4 13 3 30 36
11 43 33 308 41 2024 4 13 3 30 36
11 44 28 172 38 2024 4 13 3 30 36
11 45 10 109 38 2024 4 13 3 30 36
07 04 32 217 41 2024 4 13 3 30 36
07 10 51 316 39 2024 4 13 3 30 36
07 11 23 315 35 2024 4 13 3 30 36
07 12 78 319 35 2024 4 13 3 30 36
07 19 82 096 38 2024 4 13 3 30 36
07 33 44 133 41 2024 4 13 3 30 36
12 04 32 217 38 2024 4 13 3 30 36
12 10 51 316 42 2024 4 13 3 30 36
12 11 23 315 37 2024 4 13 3 30 36
12 12 78 319 33 2024 4 13 3 30 36
12 19 82 096 36 2024 4 13 3 30 36
12 33 44 133 39 2024 4 13 3 30 36
01 08 21 306 38 2024 4 13 3 30 37
01 10 61 313 48 2024 4 13 3 30 37
01 15 12 050 44 2024 4 13 3 30 37
01 18 43 134 44 2024 4 13 3 30 37
01 23 62 043 48 2024 4 13 3 30 37
01 24 32 076 42 2024 4 13 3 30 37
01 27 37 269 41 2024 4 13 3 30 37
01 32 48 217 47 2024 4 13 3 30 37
08 08 21 306 42 2024 4 13 3 30 37
08 10 61 313 43 2024 4 13 3 30 37
08 18 43 134 41 2024 4 13 3 30 37
08 23 62 043 42 2024 4 13 3 30 37
08 24 32 076 40 2024 4 13 3 30 37
08 27 37 269 48 2024 4 13 3 30 37
08 32 48 217 39 2024 4 13 3 30 37
02 66 12 045 43 2024 4 13 3 30 37
02 67 59 015 48 2024 4 13 3 30 37
02 68 54 262 51 2024 4 13 3 30 37
02 69 08 238 37 2024 4 13 3 30 37
02 76 07 051 41 2024 4 13 3 30 37
02 81 18 159 45 2024 4 13 3 30 37
02 82 66 176 48 2024 4 13 3 30 37
06 11 54 291 45 2024 4 13 3 30 37
06 12 49 187 45 2024 4 13 3 30 37
06 14 15 251 41 2024 4 13 3 30 37
10 21 74 001 45 2024 4 13 3 30 37
10 22 28 056 47 2024 4 13 3 30 37
10 34 61 242 45 2024 4 13 3 30 37
10 36 08 060 39 2024 4 13 3 30 37
10 42 40 259 42 2024 4 13 3 30 37
10 43 33 308 41 2024 4 13 3 30 37
10 44 28 172 43 2024 4 13 3 30 37
10 45 10 109 44 2024 4 13 3 30 37
11 21 74 001 39 2024 4 13 3 30 37
11 22 28 056 39 2024 4 13 3 30 37
11 34 61 242 38 2024 4 13 3 30 37
11 36 08 060 37 2024 4 13 3 30 37
11 42 40 259 46 2024 4 13 3 30 37
11 43 33 308 41 2024 4 13 3 30 37
11 44 28 172 38 2024 4 13 3 30 37
11 45 10 109 38 2024 4 13 3 30 37
07 04 32 217 41 2024 4 13 3 30 37
07 10 51 316 39 2024 4 13 3 30 37
07 11 23 315 35 2024 4 13 3 30 37
07 12 78 319 35 2024 4 13 3 30 37
07 19 82 096 38 2024 4 13 3 30 37
07 33 44 133 41 2024 4 13 3 30 37
12 04 32 217 38 2024 4 13 3 30 37
12 10 51 316 43 2024 4 13 3 30 37
12 11 23 315 37 2024 4 13 3 30 37
12 12 78 319 33 2024 4 13 3 30 37
12 19 82 096 36 2024 4 13 3 30 37
12 33 44 133 39 2024 4 13 3 30 37
01 08 21 306 38 2024 4 13 3 30 38
01 10 61 313 48 2024 4 13 3 30 38
01 15 12 050 45 2024 4 13 3 30 38
01 18 43 134 45 2024 4 13 3 30 38
01 23 62 043 48 2024 4 13 3 30 38
01 24 32 076 42 2024 4 13 3 30 38
01 27 37 269 41 2024 4 13 3 30 38
01 32 48 217 47 2024 4 13 3 30 38
08 08 21 306 42 2024 4 13 3 30 38
08 10 61 313 43 2024 4 13 3 30 38
08 18 43 134 41 2024 4 13 3 30 38
08 23 62 043 41 2024 4 13 3 30 38
08 24 32 076 40 2024 4 13 3 30 38
08 27 37 269 48 2024 4 13 3 30 38
08 32 48 217 39 2024 4 13 3 30 38
02 66 12 045 43 2024 4 13 3 30 38
02 67 59 015 48 2024 4 13 3 30 38
02 68 54 262 51 2024 4 13 3 30 38
02 69 08 238 38 2024 4 13 3 30 38
02 76 07 051 40 2024 4 13 3 30 38
02 81 18 159 45 2024 4 13 3 30 38
02 82 66 176 48 2024 4 13 3 30 38
06 11 54 291 45 2024 4 13 3 30 38
06 12 49 187 46 2024 4 13 3 30 38
06 14 15 251 41 2024 4 13 3 30 38
10 21 74 001 45 2024 4 13 3 30 38
10 22 28 056 47 2024 4 13 3 30 38
10 34 61 241 45 2024 4 13 3 30 38
10 36 08 060 39 2024 4 13 3 30 38
10 42 40 259 42 2024 4 13 3 30 38
10 43 33 308 41 2024 4 13 3 30 38
10 44 28 172 43 2024 4 13 3 30 38
10 45 10 108 44 2024 4 13 3 30 38
11 21 74 001 39 2024 4 13 3 30 38
11 22 28 056 38 2024 4 13 3 30 38
11 34 61 241 38 2024 4 13 3 30 38
11 36 08 060 37 2024 4 13 3 30 38
11 42 40 259 46 2024 4 13 3 30 38
11 43 33 308 41 2024 4 13 3 30 38
11 44 28 172 38 2024 4 13 3 30 38
11 45 10 108 38 2024 4 13 3 30 38
07 04 32 217 41 2024 4 13 3 30 38
07 10 51 316 39 2024 4 13 3 30 38
07 11 23 315 35 2024 4 13 3 30 38
07 12 78 319 35 2024 4 13 3 30 38
07 19 82 096 38 2024 4 13 3 30 38
07 33 44 133 41 2024 4 13 3 30 38
12 04 32 217 38 2024 4 13 3 30 38
12 10 51 316 43 2024 4 13 3 30 38
12 11 23 315 37 2024 4 13 3 30 38
12 12 78 319 33 2024 4 13 3 30 38
12 19 82 096 36 2024 4 13 3 30 38
12 33 44 133 38 2024 4 13 3 30 38
01 08 21 306 38 2024 4 13 3 30 39
01 10 61 313 48 2024 4 13 3 30 39
01 15 12 050 45 2024 4 13 3 30 39
01 18 43 134 45 2024 4 13 3 30 39
01 23 62 043 48 2024 4 13 3 30 39
01 24 32 076 42 2024 4 13 3 30 39
01 27 37 269 41 2024 4 13 3 30 39
01 32 48 217 46 2024 4 13 3 30 39
08 08 21 306 42 2024 4 13 3 30 39
08 10 61 313 43 2024 4 13 3 30 39
08 18 43 134 41 2024 4 13 3 30 39
08 23 62 043 41 2024 4 13 3 30 39
08 24 32 076 40 2024 4 13 3 30 39
08 27 37 269 48 2024 4 13 3 30 39
08 32 48 217 40 2024 4 13 3 30 39
02 66 12 045 43 2024 4 13 3 30 39
02 67 59 015 48 2024 4 13 3 30 39
02 68 54 262 51 2024 4 13 3 30 39
02 69 08 238 38 2024 4 13 3 30 39
02 76 07 051 40 2024 4 13 3 30 39
02 81 18 159 45 2024 4 13 3 30 39
02 82 66 176 48 2024 4 13 3 30 39
06 11 54 291 45 2024 4 13 3 30 39
06 12 49 187 46 2024 4 13 3 30 39
06 14 15 251 41 2024 4 13 3 30 39
10 21 74 001 45 2024 4 13 3 30 39
10 22 28 056 47 2024 4 13 3 30 39
10 34 61 241 45 2024 4 13 3 30 39
10 36 08 060 39 2024 4 13 3 30 39
10 42 40 259 42 2024 4 13 3 30 39
10 43 33 308 41 2024 4 13 3 30 39
10 44 28 172 43 2024 4 13 3 30 39
10 45 10 108 44 2024 4 13 3 30 39
11 21 74 001 39 2024 4 13 3 30 39
11 22 28 056 38 2024 4 13 3 30 39
11 34 61 241 38 2024 4 13 3 30 39
11 36 08 060 36 2024 4 13 3 30 39
11 42 40 259 46 2024 4 13 3 30 39
11 43 33 308 41 2024 4 13 3 30 39
11 44 28 172 38 2024 4 13 3 30 39
11 45 10 108 38 2024 4 13 3 30 39
07 04 32 218 41 2024 4 13 3 30 39
07 10 51 316 39 2024 4 13 3 30 39
07 11 23 315 35 2024 4 13 3 30 39
07 12 78 319 35 2024 4 13 3 30 39
07 19 82 096 38 2024 4 13 3 30 39
07 33 44 133 41 2024 4 13 3 30 39
12 04 32 218 38 2024 4 13 3 30 39
12 10 51 316 43 2024 4 13 3 30 39
12 11 23 315 37 2024 4 13 3 30 39
12 12 78 319 33 2024 4 13 3 30 39
12 19 82 096 36 2024 4 13 3 30 39
12 33 44 133 39 2024 4 13 3 30 39
01 08 21 306 38 2024 4 13 3 30 40
01 10 61 313 47 2024 4 13 3 30 40
01 15 12 050 44 2024 4 13 3 30 40
01 18 43 134 44 2024 4 13 3 30 40
01 23 62 043 48 2024 4 13 3 30 40
01 24 32 076 42 2024 4 13 3 30 40
01 27 37 269 40 2024 4 13 3 30 40
01 32 48 217 47 2024 4 13 3 30 40
08 08 21 306 42 2024 4 13 3 30 40
08 10 61 313 43 2024 4 13 3 30 40
08 18 43 134 40 2024 4 13 3 30 40
08 23 62 043 41 2024 4 13 3 30 40
08 24 32 076 40 2024 4 13 3 30 40
08 27 37 269 48 2024 4 13 3 30 40
08 32 48 217 40 2024 4 13 3 30 40
02 66 12 045 43 2024 4 13 3 30 40
02 67 59 015 48 2024 4 13 3 30 40
02 68 54 262 51 2024 4 13 3 30 40
02 69 08 238 38 2024 4 13 3 30 40
02 76 07 051 40 2024 4 13 3 30 40
02 81 18 159 45 2024 4 13 3 30 40
02 82 66 176 48 2024 4 13 3 30 40
06 11 54 291 45 2024 4 13 3 30 40
06 12 49 187 46 2024 4 13 3 30 40
06 14 15 251 41 2024 4 13 3 30 40
10 21 74 001 45 2024 4 13 3 30 40
10 22 28 056 47 2024 4 13 3 30 40
10 34 61 241 45 2024 4 13 3 30 40
10 36 08 060 39 2024 4 13 3 30 40
10 42 40 259 42 2024 4 13 3 30 40
10 43 33 308 41 2024 4 13 3 30 40
10 44 28 172 43 2024 4 13 3 30 40
10 45 10 108 44 2024 4 13 3 30 40
11 21 74 001 39 2024 4 13 3 30 40
11 22 28 056 38 2024 4 13 3 30 40
11 34 61 241 38 2024 4 13 3 30 40
11 36 08 060 36 2024 4 13 3 30 40
11 42 40 259 46 2024 4 13 3 30 40
11 43 33 308 41 2024 4 13 3 30 40
11 44 28 172 38 2024 4 13 3 30 40
11 45 10 108 38 2024 4 13 3 30 40
07 04 32 218 41 2024 4 13 3 30 40
07 10 51 316 39 2024 4 13 3 30 40
07 11 23 315 35 2024 4 13 3 30 40
07 12 78 318 35 2024 4 13 3 30 40
07 19 82 096 38 2024 4 13 3 30 40
07 33 44 133 41 2024 4 13 3 30 40
12 04 32 218 38 2024 4 13 3 30 40
12 10 51 316 43 2024 4 13 3 30 40
12 11 23 315 37 2024 4 13 3 30 40
12 12 78 318 33 2024 4 13 3 30 40
12 19 82 096 36 2024 4 13 3 30 40
12 33 44 133 39 2024 4 13 3 30 40
01 08 21 306 39 2024 4 13 3 30 41
01 10 61 313 48 2024 4 13 3 30 41
01 15 12 050 44 2024 4 13 3 30 41
01 18 43 134 44 2024 4 13 3 30 41
01 23 62 043 48 2024 4 13 3 30 41
01 24 32 076 42 2024 4 13 3 30 41
01 27 37 269 40 2024 4 13 3 30 41
01 32 48 217 47 2024 4 13 3 30 41
08 08 21 306 42 2024 4 13 3 30 41
08 10 61 313 43 2024 4 13 3 30 41
08 18 43 134 41 2024 4 13 3 30 41
08 23 62 043 41 2024 4 13 3 30 41
08 24 32 076 40 2024 4 13 3 30 41
08 27 37 269 48 2024 4 13 3 30 41
08 32 48 217 39 2024 4 13 3 30 41
02 66 12 045 43 2024 4 13 3 30 41
02 67 59 015 48 2024 4 13 3 30 41
02 68 54 262 51 2024 4 13 3 30 41
02 69 08 238 39 2024 4 13 3 30 41
02 76 07 051 40 2024 4 13 3 30 41
02 81 18 159 45 2024 4 13 3 30 41
02 82 66 176 48 2024 4 13 3 30 41
06 11 54 291 45 2024 4 13 3 30 41
06 12 49 187 46 2024 4 13 3 30 41
06 14 15 251 41 2024 4 13 3 30 41
10 21 74 001 45 2024 4 13 3 30 41
10 22 28 056 47 2024 4 13 3 30 41
10 34 61 241 46 2024 4 13 3 30 41
10 36 08 060 38 2024 4 13 3 30 41
10 42 40 259 42 2024 4 13 3 30 41
10 43 33 308 41 2024 4 13 3 30 41
10 44 28 172 43 2024 4 13 3 30 41
10 45 10 108 44 2024 4 13 3 30 41
11 21 74 001 39 2024 4 13 3 30 41
11 22 28 056 38 2024 4 13 3 30 41
11 34 61 241 38 2024 4 13 3 30 41
11 36 08 060 36 2024 4 13 3 30 41
11 42 40 259 46 2024 4 13 3 30 41
11 43 33 308 41 2024 4 13 3 30 41
11 44 28 172 38 2024 4 13 3 30 41
11 45 10 108 38 2024 4 13 3 30 41
07 04 32 218 41 2024 4 13 3 30 41
07 10 51 316 39 2024 4 13 3 30 41
07 11 23 315 36 2024 4 13 3 30 41
07 12 78 318 35 2024 4 13 3 30 41
07 19 82 096 38 2024 4 13 3 30 41
07 33 43 133 41 2024 4 13 3 30 41
12 04 32 218 38 2024 4 13 3 30 41
12 10 51 316 43 2024 4 13 3 30 41
12 11 23 315 37 2024 4 13 3 30 41
12 12 78 318 33 2024 4 13 3 30 41
12 19 82 096 36 2024 4 13 3 30 41
12 33 43 133 39 2024 4 13 3 30 41
01 08 21 306 38 2024 4 13 3 30 42
01 10 61 313 48 2024 4 13 3 30 42
01 15 12 050 44 2024 4 13 3 30 42
01 18 43 134 44 2024 4 13 3 30 42
01 23 62 043 48 2024 4 13 3 30 42
01 24 32 076 41 2024 4 13 3 30 42
01 27 37 269 40 2024 4 13 3 30 42
01 32 48 217 47 2024 4 13 3 30 42
08 08 21 306 42 2024 4 13 3 30 42
08 10 61 313 43 2024 4 13 3 30 42
08 18 43 134 41 2024 4 13 3 30 42
08 23 62 043 42 2024 4 13 3 30 42
08 24 32 076 40 2024 4 13 3 30 42
08 27 37 269 48 2024 4 13 3 30 42
08 32 48 217 39 2024 4 13 3 30 42
02 66 12 045 42 2024 4 13 3 30 42
02 67 59 015 48 2024 4 13 3 30 42
02 68 54 262 51 2024 4 13 3 30 42
02 69 08 238 39 2024 4 13 3 30 42
02 76 07 051 40 2024 4 13 3 30 42
02 81 18 159 45 2024 4 13 3 30 42
02 82 66 176 48 2024 4 13 3 30 42
06 11 54 291 45 2024 4 13 3 30 42
06 12 49 187 46 2024 4 13 3 30 42
06 14 15 251 42 2024 4 13 3 30 42
10 21 74 001 45 2024 4 13 3 30 42
10 22 28 056 47 2024 4 13 3 30 42
10 34 61 241 46 2024 4 13 3 30 42
10 36 08 060 38 2024 4 13 3 30 42
10 42 40 259 42 2024 4 13 3 30 42
10 43 33 308 41 2024 4 13 3 30 42
10 44 28 172 43 2024 4 13 3 30 42
10 45 10 108 44 2024 4 13 3 30 42
11 21 74 001 39 2024 4 13 3 30 42
11 22 28 056 38 2024 4 13 3 30 42
11 34 61 241 38 2024 4 13 3 30 42
11 36 08 060 37 2024 4 13 3 30 42
11 42 40 259 46 2024 4 13 3 30 42
11 43 33 308 41 2024 4 13 3 30 42
11 44 28 172 38 2024 4 13 3 30 42
11 45 10 108 38 2024 4 13 3 30 42
07 04 32 218 41 2024 4 13 3 30 42
07 10 51 316 39 2024 4 13 3 30 42
07 11 23 315 36 2024 4 13 3 30 42
07 12 78 318 35 2024 4 13 3 30 42
07 19 82 096 38 2024 4 13 3 30 42
07 33 43 133 41 2024 4 13 3 30 42
12 04 32 218 38 2024 4 13 3 30 42
12 10 51 316 43 2024 4 13 3 30 42
12 11 23 315 37 2024 4 13 3 30 42
12 12 78 318 33 2024 4 13 3 30 42
12 19 82 096 36 2024 4 13 3 30 42
12 33 43 133 39 2024 4 13 3 30 42
01 08 21 306 38 2024 4 13 3 30 43
01 10 61 313 48 2024 4 13 3 30 43
01 15 12 050 44 2024 4 13 3 30 43
01 18 43 134 44 2024 4 13 3 30 43
01 23 62 043 48 2024 4 13 3 30 43
01 24 32 076 41 2024 4 13 3 30 43
01 27 37 269 40 2024 4 13 3 30 43
01 32 48 217 47 2024 4 13 3 30 43
08 08 21 306 42 2024 4 13 3 30 43
08 10 61 313 43 2024 4 13 3 30 43
08 18 43 134 41 2024 4 13 3 30 43
08 23 62 043 41 2024 4 13 3 30 43
08 24 32 076 40 2024 4 13 3 30 43
08 27 37 269 48 2024 4 13 3 30 43
08 32 48 217 39 2024 4 13 3 30 43
02 66 12 045 43 2024 4 13 3 30 43
02 67 59 015 48 2024 4 13 3 30 43
02 68 54 262 51 2024 4 13 3 30 43
02 69 08 238 39 2024 4 13 3 30 43
02 76 07 051 40 2024 4 13 3 30 43
02 81 18 159 45 2024 4 13 3 30 43
02 82 66 176 48 2024 4 13 3 30 43
06 11 54 291 45 2024 4 13 3 30 43
06 12 49 187 46 2024 4 13 3 30 43
06 14 15 251 41 2024 4 13 3 30 43
10 21 74 001 45 2024 4 13 3 30 43
10 22 28 056 47 2024 4 13 3 30 43
10 34 61 241 46 2024 4 13 3 30 43
10 36 08 060 38 2024 4 13 3 30 43
10 42 40 259 42 2024 4 13 3 30 43
10 43 33 308 41 2024 4 13 3 30 43
10 44 28 172 43 2024 4 13 3 30 43
10 45 10 108 44 2024 4 13 3 30 43
11 21 74 001 39 2024 4 13 3 30 43
11 22 28 056 38 2024 4 13 3 30 43
11 34 61 241 38 2024 4 13 3 30 43
11 36 08 060 37 2024 4 13 3 30 43
11 42 40 259 46 2024 4 13 3 30 43
11 43 33 308 41 2024 4 13 3 30 43
11 44 28 172 38 2024 4 13 3 30 43
11 45 10 108 38 2024 4 13 3 30 43
07 04 32 218 41 2024 4 13 3 30 43
07 10 51 316 39 2024 4 13 3 30 43
07 11 23 315 36 2024 4 13 3 30 43
07 12 78 318 35 2024 4 13 3 30 43
07 19 82 096 38 2024 4 13 3 30 43
07 33 43 133 41 2024 4 13 3 30 43
12 04 32 218 38 2024 4 13 3 30 43
12 10 51 316 43 2024 4 13 3 30 43
12 11 23 315 37 2024 4 13 3 30 43
12 12 78 318 33 2024 4 13 3 30 43
12 19 82 096 36 2024 4 13 3 30 43
12 33 43 133 39 2024 4 13 3 30 43
01 08 21 306 38 2024 4 13 3 30 44
01 10 61 313 48 2024 4 13 3 30 44
01 15 12 050 44 2024 4 13 3 30 44
01 18 43 134 45 2024 4 13 3 30 44
01 23 62 043 48 2024 4 13 3 30 44
01 24 32 076 41 2024 4 13 3 30 44
01 27 37 269 40 2024 4 13 3 30 44
01 32 48 217 47 2024 4 13 3 30 44
08 08 21 306 42 2024 4 13 3 30 44
08 10 61 313 43 2024 4 13 3 30 44
08 18 43 134 41 2024 4 13 3 30 44
08 23 62 043 42 2024 4 13 3 30 44
08 24 32 076 40 2024 4 13 3 30 44
08 27 37 269 48 2024 4 13 3 30 44
08 32 48 217 39 2024 4 13 3 30 44
02 66 12 045 43 2024 4 13 3 30 44
02 67 59 015 48 2024 4 13 3 30 44
02 68 54 262 51 2024 4 13 3 30 44
02 69 08 238 38 2024 4 13 3 30 44
02 76 07 051 40 2024 4 13 3 30 44
02 81 18 159 45 2024 4 13 3 30 44
02 82 66 176 48 2024 4 13 3 30 44
06 11 54 291 45 2024 4 13 3 30 44
06 12 49 187 46 2024 4 13 3 30 44
06 14 15 251 41 2024 4 13 3 30 44
10 21 74 001 45 2024 4 13 3 30 44
10 22 28 056 47 2024 4 13 3 30 44
10 34 61 241 46 2024 4 13 3 30 44
10 36 08 060 38 2024 4 13 3 30 44
10 42 40 259 42 2024 4 13 3 30 44
10 43 33 308 41 2024 4 13 3 30 44
10 44 28 172 43 2024 4 13 3 30 44
10 45 10 108 44 2024 4 13 3 30 44
11 21 74 001 39 2024 4 13 3 30 44
11 22 28 056 38 2024 4 13 3 30 44
11 34 61 241 38 2024 4 13 3 30 44
11 36 08 060 36 2024 4 13 3 30 44
11 42 40 259 46 2024 4 13 3 30 44
11 43 33 308 41 2024 4 13 3 30 44
11 44 28 172 38 2024 4 13 3 30 44
11 45 10 108 38 2024 4 13 3 30 44
07 04 32 218 41 2024 4 13 3 30 44
07 10 51 316 39 2024 4 13 3 30 44
07 11 23 315 36 2024 4 13 3 30 44
07 12 78 318 35 2024 4 13 3 30 44
07 19 82 096 38 2024 4 13 3 30 44
07 33 43 133 41 2024 4 13 3 30 44
