01 05 36 176 37 2024 4 17 20 50 55
01 06 27 051 37 2024 4 17 20 50 55
01 11 66 037 42 2024 4 17 20 50 55
01 12 71 226 43 2024 4 17 20 50 55
01 19 12 097 40 2024 4 17 20 50 55
01 20 63 138 42 2024 4 17 20 50 55
01 25 53 292 43 2024 4 17 20 50 55
01 28 07 313 28 2024 4 17 20 50 55
01 29 22 295 38 2024 4 17 20 50 55
02 68 22 051 39 2024 4 17 20 50 55
02 69 24 105 40 2024 4 17 20 50 55
02 73 12 184 45 2024 4 17 20 50 55
02 74 45 217 40 2024 4 17 20 50 55
02 75 44 303 42 2024 4 17 20 50 55
02 83 07 062 19 2024 4 17 20 50 55
02 84 55 012 33 2024 4 17 20 50 55
02 85 37 283 43 2024 4 17 20 50 55
06 21 26 134 38 2024 4 17 20 50 55
06 22 29 075 38 2024 4 17 20 50 55
06 23 19 312 39 2024 4 17 20 50 55
06 24 22 197 40 2024 4 17 20 50 55
06 25 39 258 38 2024 4 17 20 50 55
06 34 64 312 37 2024 4 17 20 50 55
06 43 21 277 39 2024 4 17 20 50 55
06 44 46 065 39 2024 4 17 20 50 55
01 05 36 176 46 2024 4 17 20 51 0
01 06 27 051 44 2024 4 17 20 51 0
01 11 66 037 47 2024 4 17 20 51 0
01 12 71 226 47 2024 4 17 20 51 0
01 19 12 097 41 2024 4 17 20 51 0
01 20 63 138 46 2024 4 17 20 51 0
01 25 53 292 46 2024 4 17 20 51 0
01 28 07 313 35 2024 4 17 20 51 0
01 29 22 295 40 2024 4 17 20 51 0
08 06 27 051 38 2024 4 17 20 51 0
08 25 53 292 42 2024 4 17 20 51 0
02 68 22 051 41 2024 4 17 20 51 0
02 69 24 105 45 2024 4 17 20 51 0
02 73 12 184 44 2024 4 17 20 51 0
02 74 45 217 40 2024 4 17 20 51 0
02 75 44 303 43 2024 4 17 20 51 0
02 83 07 062 23 2024 4 17 20 51 0
02 84 55 012 34 2024 4 17 20 51 0
02 85 37 283 47 2024 4 17 20 51 0
06 43 21 277 44 2024 4 17 20 51 0
11 21 26 134 32 2024 4 17 20 51 0
11 22 29 075 38 2024 4 17 20 51 0
11 23 19 312 40 2024 4 17 20 51 0
11 24 22 197 35 2024 4 17 20 51 0
11 25 39 258 43 2024 4 17 20 51 0
11 34 64 312 37 2024 4 17 20 51 0
11 43 21 277 42 2024 4 17 20 51 0
11 44 46 065 41 2024 4 17 20 51 0
07 02 61 288 45 2024 4 17 20 51 0
07 10 22 052 40 2024 4 17 20 51 0
07 11 49 044 41 2024 4 17 20 51 0
07 25 52 175 42 2024 4 17 20 51 0
07 30 14 320 39 2024 4 17 20 51 0
07 34 21 243 38 2024 4 17 20 51 0
07 36 72 274 37 2024 4 17 20 51 0
12 02 61 288 35 2024 4 17 20 51 0
12 11 49 044 32 2024 4 17 20 51 0
12 30 14 320 31 2024 4 17 20 51 0
01 05 36 176 46 2024 4 17 20 51 5
01 06 27 051 44 2024 4 17 20 51 5
01 11 66 037 46 2024 4 17 20 51 5
01 12 71 226 47 2024 4 17 20 51 5
01 19 12 097 41 2024 4 17 20 51 5
01 20 63 138 45 2024 4 17 20 51 5
01 25 53 292 45 2024 4 17 20 51 5
01 28 07 313 34 2024 4 17 20 51 5
01 29 22 295 40 2024 4 17 20 51 5
08 06 27 051 38 2024 4 17 20 51 5
08 25 53 292 43 2024 4 17 20 51 5
02 68 22 051 41 2024 4 17 20 51 5
02 69 24 105 44 2024 4 17 20 51 5
02 73 12 184 44 2024 4 17 20 51 5
02 74 45 217 40 2024 4 17 20 51 5
02 75 44 303 43 2024 4 17 20 51 5
02 83 07 062 24 2024 4 17 20 51 5
02 84 55 012 33 2024 4 17 20 51 5
02 85 37 283 46 2024 4 17 20 51 5
06 43 21 277 45 2024 4 17 20 51 5
11 21 26 134 33 2024 4 17 20 51 5
11 22 29 075 38 2024 4 17 20 51 5
11 23 19 312 40 2024 4 17 20 51 5
11 24 22 197 36 2024 4 17 20 51 5
11 25 39 258 43 2024 4 17 20 51 5
11 34 64 312 36 2024 4 17 20 51 5
11 43 21 277 42 2024 4 17 20 51 5
11 44 46 065 41 2024 4 17 20 51 5
07 02 61 287 44 2024 4 17 20 51 5
07 10 22 052 40 2024 4 17 20 51 5
07 11 49 044 40 2024 4 17 20 51 5
07 25 52 175 44 2024 4 17 20 51 5
07 30 14 320 39 2024 4 17 20 51 5
07 34 21 243 40 2024 4 17 20 51 5
07 36 72 274 38 2024 4 17 20 51 5
12 02 61 287 42 2024 4 17 20 51 5
12 10 22 052 40 2024 4 17 20 51 5
12 11 49 044 35 2024 4 17 20 51 5
12 25 52 175 40 2024 4 17 20 51 5
12 30 14 320 36 2024 4 17 20 51 5
12 34 21 243 41 2024 4 17 20 51 5
12 36 72 274 40 2024 4 17 20 51 5
01 05 36 176 46 2024 4 17 20 51 10
01 06 27 051 44 2024 4 17 20 51 10
01 11 66 037 46 2024 4 17 20 51 10
01 12 71 226 47 2024 4 17 20 51 10
01 19 12 097 40 2024 4 17 20 51 10
01 20 63 138 46 2024 4 17 20 51 10
01 25 53 292 46 2024 4 17 20 51 10
01 28 07 313 34 2024 4 17 20 51 10
01 29 22 295 40 2024 4 17 20 51 10
08 06 27 051 38 2024 4 17 20 51 10
08 25 53 292 43 2024 4 17 20 51 10
02 68 22 051 41 2024 4 17 20 51 10
02 69 24 105 43 2024 4 17 20 51 10
02 73 12 184 44 2024 4 17 20 51 10
02 74 45 217 39 2024 4 17 20 51 10
02 75 44 303 43 2024 4 17 20 51 10
02 83 07 062 24 2024 4 17 20 51 10
02 84 55 012 33 2024 4 17 20 51 10
02 85 37 283 46 2024 4 17 20 51 10
06 43 21 277 45 2024 4 17 20 51 10
10 22 29 075 39 2024 4 17 20 51 10
10 34 64 312 37 2024 4 17 20 51 10
10 43 21 277 34 2024 4 17 20 51 10
11 21 26 134 33 2024 4 17 20 51 10
11 22 29 075 38 2024 4 17 20 51 10
11 23 19 312 40 2024 4 17 20 51 10
11 24 22 197 36 2024 4 17 20 51 10
11 25 39 258 43 2024 4 17 20 51 10
11 34 64 312 36 2024 4 17 20 51 10
11 43 21 277 42 2024 4 17 20 51 10
11 44 46 065 41 2024 4 17 20 51 10
07 02 61 287 44 2024 4 17 20 51 10
07 10 22 052 41 2024 4 17 20 51 10
07 11 49 044 41 2024 4 17 20 51 10
07 25 52 175 44 2024 4 17 20 51 10
07 30 14 320 39 2024 4 17 20 51 10
07 34 21 243 39 2024 4 17 20 51 10
07 36 72 275 39 2024 4 17 20 51 10
12 02 61 287 42 2024 4 17 20 51 10
12 10 22 052 40 2024 4 17 20 51 10
12 11 49 044 35 2024 4 17 20 51 10
12 25 52 175 40 2024 4 17 20 51 10
12 30 14 320 36 2024 4 17 20 51 10
12 34 21 243 42 2024 4 17 20 51 10
12 36 72 275 40 2024 4 17 20 51 10
01 05 36 176 46 2024 4 17 20 51 15
01 06 27 051 44 2024 4 17 20 51 15
01 11 66 037 46 2024 4 17 20 51 15
01 12 71 226 47 2024 4 17 20 51 15
01 19 12 097 41 2024 4 17 20 51 15
01 20 63 138 46 2024 4 17 20 51 15
01 25 53 292 46 2024 4 17 20 51 15
01 28 07 313 34 2024 4 17 20 51 15
01 29 22 295 41 2024 4 17 20 51 15
08 06 27 051 38 2024 4 17 20 51 15
08 25 53 292 43 2024 4 17 20 51 15
02 68 22 051 41 2024 4 17 20 51 15
02 69 24 105 43 2024 4 17 20 51 15
02 73 12 183 44 2024 4 17 20 51 15
02 74 45 217 39 2024 4 17 20 51 15
02 75 44 303 43 2024 4 17 20 51 15
02 83 07 062 25 2024 4 17 20 51 15
02 84 55 012 33 2024 4 17 20 51 15
02 85 37 283 46 2024 4 17 20 51 15
06 43 21 277 45 2024 4 17 20 51 15
10 22 29 075 39 2024 4 17 20 51 15
10 34 64 312 40 2024 4 17 20 51 15
10 43 21 277 36 2024 4 17 20 51 15
11 21 26 134 32 2024 4 17 20 51 15
11 22 29 075 38 2024 4 17 20 51 15
11 23 19 312 40 2024 4 17 20 51 15
11 24 22 197 35 2024 4 17 20 51 15
11 25 39 258 43 2024 4 17 20 51 15
11 34 64 312 37 2024 4 17 20 51 15
11 43 21 277 42 2024 4 17 20 51 15
11 44 46 065 40 2024 4 17 20 51 15
07 02 61 287 44 2024 4 17 20 51 15
07 10 22 052 41 2024 4 17 20 51 15
07 11 49 044 40 2024 4 17 20 51 15
07 25 52 175 44 2024 4 17 20 51 15
07 30 14 320 39 2024 4 17 20 51 15
07 34 21 243 40 2024 4 17 20 51 15
07 36 72 275 39 2024 4 17 20 51 15
12 02 61 287 42 2024 4 17 20 51 15
12 10 22 052 40 2024 4 17 20 51 15
12 11 49 044 36 2024 4 17 20 51 15
12 25 52 175 40 2024 4 17 20 51 15
12 30 14 320 37 2024 4 17 20 51 15
12 34 21 243 42 2024 4 17 20 51 15
12 36 72 275 40 2024 4 17 20 51 15
01 05 36 176 46 2024 4 17 20 51 20
01 06 27 051 43 2024 4 17 20 51 20
01 11 66 037 46 2024 4 17 20 51 20
01 12 71 226 46 2024 4 17 20 51 20
01 19 12 097 40 2024 4 17 20 51 20
01 20 63 138 46 2024 4 17 20 51 20
01 25 53 292 46 2024 4 17 20 51 20
01 28 07 313 32 2024 4 17 20 51 20
01 29 22 295 40 2024 4 17 20 51 20
08 06 27 051 38 2024 4 17 20 51 20
08 25 53 292 42 2024 4 17 20 51 20
02 68 22 051 41 2024 4 17 20 51 20
02 69 24 105 43 2024 4 17 20 51 20
02 73 12 183 43 2024 4 17 20 51 20
02 74 45 217 38 2024 4 17 20 51 20
02 75 44 303 43 2024 4 17 20 51 20
02 83 07 062 25 2024 4 17 20 51 20
02 84 55 012 32 2024 4 17 20 51 20
02 85 37 283 46 2024 4 17 20 51 20
06 43 21 277 45 2024 4 17 20 51 20
10 22 29 075 40 2024 4 17 20 51 20
10 34 64 312 40 2024 4 17 20 51 20
10 43 21 277 35 2024 4 17 20 51 20
11 21 26 134 33 2024 4 17 20 51 20
11 22 29 075 38 2024 4 17 20 51 20
11 23 19 312 40 2024 4 17 20 51 20
11 24 22 197 35 2024 4 17 20 51 20
11 25 39 258 43 2024 4 17 20 51 20
11 34 64 312 36 2024 4 17 20 51 20
11 43 21 277 41 2024 4 17 20 51 20
11 44 46 065 40 2024 4 17 20 51 20
07 02 61 287 44 2024 4 17 20 51 20
07 10 22 052 41 2024 4 17 20 51 20
07 11 49 044 40 2024 4 17 20 51 20
07 25 52 175 44 2024 4 17 20 51 20
07 30 14 320 40 2024 4 17 20 51 20
07 34 21 243 40 2024 4 17 20 51 20
07 36 72 275 39 2024 4 17 20 51 20
12 02 61 287 42 2024 4 17 20 51 20
12 10 22 052 40 2024 4 17 20 51 20
12 11 49 044 36 2024 4 17 20 51 20
12 25 52 175 40 2024 4 17 20 51 20
12 30 14 320 38 2024 4 17 20 51 20
12 34 21 243 41 2024 4 17 20 51 20
12 36 72 275 40 2024 4 17 20 51 20
01 05 36 176 46 2024 4 17 20 51 25
01 06 27 051 44 2024 4 17 20 51 25
01 11 66 037 46 2024 4 17 20 51 25
01 12 71 226 46 2024 4 17 20 51 25
01 19 12 097 40 2024 4 17 20 51 25
01 20 63 138 45 2024 4 17 20 51 25
01 25 53 292 46 2024 4 17 20 51 25
01 28 07 313 33 2024 4 17 20 51 25
01 29 22 295 41 2024 4 17 20 51 25
08 06 27 051 38 2024 4 17 20 51 25
08 25 53 292 43 2024 4 17 20 51 25
02 68 22 051 41 2024 4 17 20 51 25
02 69 24 105 43 2024 4 17 20 51 25
02 73 12 183 43 2024 4 17 20 51 25
02 74 45 217 38 2024 4 17 20 51 25
02 75 44 303 43 2024 4 17 20 51 25
02 83 07 062 27 2024 4 17 20 51 25
02 84 55 012 32 2024 4 17 20 51 25
02 85 37 283 46 2024 4 17 20 51 25
06 43 21 277 45 2024 4 17 20 51 25
10 22 29 075 40 2024 4 17 20 51 25
10 34 64 312 40 2024 4 17 20 51 25
10 43 21 277 34 2024 4 17 20 51 25
11 21 26 134 33 2024 4 17 20 51 25
11 22 29 075 38 2024 4 17 20 51 25
11 23 19 312 40 2024 4 17 20 51 25
11 24 22 197 35 2024 4 17 20 51 25
11 25 39 258 43 2024 4 17 20 51 25
11 34 64 312 36 2024 4 17 20 51 25
11 43 21 277 41 2024 4 17 20 51 25
11 44 46 065 40 2024 4 17 20 51 25
07 02 61 287 44 2024 4 17 20 51 25
07 10 22 052 41 2024 4 17 20 51 25
07 11 49 044 40 2024 4 17 20 51 25
07 25 52 175 44 2024 4 17 20 51 25
07 30 14 320 40 2024 4 17 20 51 25
07 34 21 244 40 2024 4 17 20 51 25
07 36 72 275 39 2024 4 17 20 51 25
12 02 61 287 42 2024 4 17 20 51 25
12 10 22 052 40 2024 4 17 20 51 25
12 11 49 044 35 2024 4 17 20 51 25
12 25 52 175 40 2024 4 17 20 51 25
12 30 14 320 39 2024 4 17 20 51 25
12 34 21 244 42 2024 4 17 20 51 25
12 36 72 275 40 2024 4 17 20 51 25
01 05 36 176 46 2024 4 17 20 51 30
01 06 27 051 44 2024 4 17 20 51 30
01 11 66 037 46 2024 4 17 20 51 30
01 12 71 225 47 2024 4 17 20 51 30
01 19 12 097 40 2024 4 17 20 51 30
01 20 63 138 46 2024 4 17 20 51 30
01 25 53 292 46 2024 4 17 20 51 30
01 28 07 313 34 2024 4 17 20 51 30
01 29 22 295 41 2024 4 17 20 51 30
08 06 27 051 38 2024 4 17 20 51 30
08 25 53 292 42 2024 4 17 20 51 30
02 68 22 051 41 2024 4 17 20 51 30
02 69 24 105 44 2024 4 17 20 51 30
02 73 12 183 43 2024 4 17 20 51 30
02 74 45 217 37 2024 4 17 20 51 30
02 75 44 302 43 2024 4 17 20 51 30
02 83 07 062 25 2024 4 17 20 51 30
02 84 55 012 32 2024 4 17 20 51 30
02 85 37 284 45 2024 4 17 20 51 30
06 43 21 277 45 2024 4 17 20 51 30
10 22 29 075 41 2024 4 17 20 51 30
10 34 64 312 40 2024 4 17 20 51 30
10 43 21 277 36 2024 4 17 20 51 30
11 21 26 134 33 2024 4 17 20 51 30
11 22 29 075 38 2024 4 17 20 51 30
11 23 19 312 40 2024 4 17 20 51 30
11 24 22 197 35 2024 4 17 20 51 30
11 25 39 258 43 2024 4 17 20 51 30
11 34 64 312 36 2024 4 17 20 51 30
11 43 21 277 41 2024 4 17 20 51 30
11 44 46 065 40 2024 4 17 20 51 30
07 02 61 287 44 2024 4 17 20 51 30
07 10 22 052 41 2024 4 17 20 51 30
07 11 49 044 40 2024 4 17 20 51 30
07 25 52 175 44 2024 4 17 20 51 30
07 30 14 320 40 2024 4 17 20 51 30
07 34 21 244 41 2024 4 17 20 51 30
07 36 72 275 38 2024 4 17 20 51 30
12 02 61 287 42 2024 4 17 20 51 30
12 10 22 052 41 2024 4 17 20 51 30
12 11 49 044 35 2024 4 17 20 51 30
12 25 52 175 40 2024 4 17 20 51 30
12 30 14 320 39 2024 4 17 20 51 30
12 34 21 244 42 2024 4 17 20 51 30
12 36 72 275 40 2024 4 17 20 51 30
01 05 36 176 46 2024 4 17 20 51 35
01 06 27 051 43 2024 4 17 20 51 35
01 11 66 037 46 2024 4 17 20 51 35
01 12 71 225 48 2024 4 17 20 51 35
01 19 12 097 41 2024 4 17 20 51 35
01 20 63 138 46 2024 4 17 20 51 35
01 25 53 292 46 2024 4 17 20 51 35
01 28 07 313 35 2024 4 17 20 51 35
01 29 22 295 42 2024 4 17 20 51 35
08 06 27 051 38 2024 4 17 20 51 35
08 25 53 292 42 2024 4 17 20 51 35
02 68 22 051 42 2024 4 17 20 51 35
02 69 24 105 44 2024 4 17 20 51 35
02 73 12 183 43 2024 4 17 20 51 35
02 74 45 217 37 2024 4 17 20 51 35
02 75 44 302 43 2024 4 17 20 51 35
02 83 07 062 24 2024 4 17 20 51 35
02 84 55 012 32 2024 4 17 20 51 35
02 85 37 284 46 2024 4 17 20 51 35
06 43 21 277 45 2024 4 17 20 51 35
10 22 29 075 45 2024 4 17 20 51 35
10 34 64 312 45 2024 4 17 20 51 35
10 43 21 277 42 2024 4 17 20 51 35
11 21 26 134 33 2024 4 17 20 51 35
11 22 29 075 38 2024 4 17 20 51 35
11 23 20 312 40 2024 4 17 20 51 35
11 24 22 197 35 2024 4 17 20 51 35
11 25 39 257 43 2024 4 17 20 51 35
11 34 64 312 36 2024 4 17 20 51 35
11 43 21 277 41 2024 4 17 20 51 35
11 44 46 065 41 2024 4 17 20 51 35
07 02 61 287 44 2024 4 17 20 51 35
07 10 22 052 40 2024 4 17 20 51 35
07 11 49 044 40 2024 4 17 20 51 35
07 25 51 175 44 2024 4 17 20 51 35
07 30 14 320 40 2024 4 17 20 51 35
07 34 21 244 41 2024 4 17 20 51 35
07 36 72 275 39 2024 4 17 20 51 35
12 02 61 287 41 2024 4 17 20 51 35
12 10 22 052 41 2024 4 17 20 51 35
12 11 49 044 36 2024 4 17 20 51 35
12 25 51 175 40 2024 4 17 20 51 35
12 30 14 320 39 2024 4 17 20 51 35
12 34 21 244 42 2024 4 17 20 51 35
12 36 72 275 40 2024 4 17 20 51 35
01 05 36 176 45 2024 4 17 20 51 40
01 06 27 051 44 2024 4 17 20 51 40
01 11 66 037 45 2024 4 17 20 51 40
01 12 71 225 46 2024 4 17 20 51 40
01 19 12 097 42 2024 4 17 20 51 40
01 20 63 138 45 2024 4 17 20 51 40
01 25 53 292 44 2024 4 17 20 51 40
01 28 07 313 34 2024 4 17 20 51 40
01 29 22 295 41 2024 4 17 20 51 40
08 06 27 051 38 2024 4 17 20 51 40
08 25 53 292 42 2024 4 17 20 51 40
02 68 22 051 42 2024 4 17 20 51 40
02 69 24 105 43 2024 4 17 20 51 40
02 73 12 183 42 2024 4 17 20 51 40
02 74 45 217 35 2024 4 17 20 51 40
02 75 44 302 42 2024 4 17 20 51 40
02 83 07 062 22 2024 4 17 20 51 40
02 84 55 012 33 2024 4 17 20 51 40
02 85 37 284 46 2024 4 17 20 51 40
06 43 21 277 44 2024 4 17 20 51 40
10 21 26 134 37 2024 4 17 20 51 40
10 22 29 075 44 2024 4 17 20 51 40
10 25 39 257 35 2024 4 17 20 51 40
10 34 64 312 45 2024 4 17 20 51 40
10 43 21 277 41 2024 4 17 20 51 40
10 44 46 065 37 2024 4 17 20 51 40
11 21 26 134 34 2024 4 17 20 51 40
11 22 29 075 37 2024 4 17 20 51 40
11 23 20 312 41 2024 4 17 20 51 40
11 24 22 197 35 2024 4 17 20 51 40
11 25 39 257 43 2024 4 17 20 51 40
11 34 64 312 37 2024 4 17 20 51 40
11 43 21 277 41 2024 4 17 20 51 40
11 44 46 065 41 2024 4 17 20 51 40
07 02 61 287 44 2024 4 17 20 51 40
07 10 22 052 41 2024 4 17 20 51 40
07 11 49 044 40 2024 4 17 20 51 40
07 25 51 175 44 2024 4 17 20 51 40
07 30 14 320 38 2024 4 17 20 51 40
07 34 21 244 40 2024 4 17 20 51 40
07 36 72 275 38 2024 4 17 20 51 40
12 02 61 287 42 2024 4 17 20 51 40
12 10 22 052 41 2024 4 17 20 51 40
12 11 49 044 35 2024 4 17 20 51 40
12 25 51 175 40 2024 4 17 20 51 40
12 30 14 320 39 2024 4 17 20 51 40
12 34 21 244 42 2024 4 17 20 51 40
12 36 72 275 40 2024 4 17 20 51 40
01 05 36 176 45 2024 4 17 20 51 45
01 06 27 051 43 2024 4 17 20 51 45
01 11 65 037 45 2024 4 17 20 51 45
01 12 71 225 47 2024 4 17 20 51 45
01 19 12 097 41 2024 4 17 20 51 45
01 20 63 138 45 2024 4 17 20 51 45
01 25 53 292 45 2024 4 17 20 51 45
01 28 07 313 32 2024 4 17 20 51 45
01 29 22 295 41 2024 4 17 20 51 45
08 06 27 051 38 2024 4 17 20 51 45
08 25 53 292 43 2024 4 17 20 51 45
02 68 22 051 41 2024 4 17 20 51 45
02 69 24 105 42 2024 4 17 20 51 45
02 73 11 183 42 2024 4 17 20 51 45
02 74 45 216 34 2024 4 17 20 51 45
02 75 44 302 43 2024 4 17 20 51 45
02 83 07 062 23 2024 4 17 20 51 45
02 84 54 012 32 2024 4 17 20 51 45
02 85 37 284 45 2024 4 17 20 51 45
06 43 21 277 44 2024 4 17 20 51 45
10 21 26 134 37 2024 4 17 20 51 45
10 22 29 075 44 2024 4 17 20 51 45
10 25 39 257 38 2024 4 17 20 51 45
10 34 64 312 44 2024 4 17 20 51 45
10 43 21 277 40 2024 4 17 20 51 45
10 44 46 065 40 2024 4 17 20 51 45
11 21 26 134 34 2024 4 17 20 51 45
11 22 29 075 37 2024 4 17 20 51 45
11 23 20 312 41 2024 4 17 20 51 45
11 24 22 197 35 2024 4 17 20 51 45
11 25 39 257 43 2024 4 17 20 51 45
11 34 64 312 37 2024 4 17 20 51 45
11 43 21 277 41 2024 4 17 20 51 45
11 44 46 065 40 2024 4 17 20 51 45
07 02 61 287 43 2024 4 17 20 51 45
07 10 22 052 41 2024 4 17 20 51 45
07 11 49 044 40 2024 4 17 20 51 45
07 25 51 175 44 2024 4 17 20 51 45
07 30 14 320 37 2024 4 17 20 51 45
07 34 21 244 40 2024 4 17 20 51 45
07 36 72 275 38 2024 4 17 20 51 45
12 02 61 287 42 2024 4 17 20 51 45
12 10 22 052 40 2024 4 17 20 51 45
12 11 49 044 36 2024 4 17 20 51 45
12 25 51 175 40 2024 4 17 20 51 45
12 30 14 320 39 2024 4 17 20 51 45
12 34 21 244 42 2024 4 17 20 51 45
12 36 72 275 40 2024 4 17 20 51 45
01 05 36 176 45 2024 4 17 20 51 50
01 06 27 051 44 2024 4 17 20 51 50
01 11 65 037 46 2024 4 17 20 51 50
01 12 71 225 47 2024 4 17 20 51 50
01 19 12 097 42 2024 4 17 20 51 50
01 20 63 138 46 2024 4 17 20 51 50
01 25 53 292 45 2024 4 17 20 51 50
01 28 07 313 33 2024 4 17 20 51 50
01 29 22 295 41 2024 4 17 20 51 50
08 06 27 051 39 2024 4 17 20 51 50
08 25 53 292 43 2024 4 17 20 51 50
02 68 22 051 40 2024 4 17 20 51 50
02 69 24 105 43 2024 4 17 20 51 50
02 73 11 183 41 2024 4 17 20 51 50
02 74 45 216 33 2024 4 17 20 51 50
02 75 44 302 44 2024 4 17 20 51 50
02 83 07 062 18 2024 4 17 20 51 50
02 84 54 012 31 2024 4 17 20 51 50
02 85 37 284 45 2024 4 17 20 51 50
06 43 21 277 44 2024 4 17 20 51 50
10 21 27 134 38 2024 4 17 20 51 50
10 22 29 075 44 2024 4 17 20 51 50
10 25 39 257 36 2024 4 17 20 51 50
10 34 64 312 45 2024 4 17 20 51 50
10 43 21 277 40 2024 4 17 20 51 50
10 44 46 065 40 2024 4 17 20 51 50
11 21 27 134 34 2024 4 17 20 51 50
11 22 29 075 38 2024 4 17 20 51 50
11 23 20 311 41 2024 4 17 20 51 50
11 24 22 197 35 2024 4 17 20 51 50
11 25 39 257 43 2024 4 17 20 51 50
11 34 64 312 37 2024 4 17 20 51 50
11 43 21 277 41 2024 4 17 20 51 50
11 44 46 065 40 2024 4 17 20 51 50
07 02 61 287 43 2024 4 17 20 51 50
07 10 22 052 42 2024 4 17 20 51 50
07 11 49 044 40 2024 4 17 20 51 50
07 25 51 175 44 2024 4 17 20 51 50
07 30 14 320 37 2024 4 17 20 51 50
07 34 21 244 40 2024 4 17 20 51 50
07 36 72 275 38 2024 4 17 20 51 50
12 02 61 287 42 2024 4 17 20 51 50
12 10 22 052 40 2024 4 17 20 51 50
12 11 49 044 36 2024 4 17 20 51 50
12 25 51 175 40 2024 4 17 20 51 50
12 30 14 320 39 2024 4 17 20 51 50
12 34 21 244 42 2024 4 17 20 51 50
12 36 72 275 40 2024 4 17 20 51 50
01 05 36 176 45 2024 4 17 20 51 55
01 06 27 051 43 2024 4 17 20 51 55
01 11 65 037 45 2024 4 17 20 51 55
01 12 71 225 46 2024 4 17 20 51 55
01 19 12 097 42 2024 4 17 20 51 55
01 20 63 138 45 2024 4 17 20 51 55
01 25 53 292 46 2024 4 17 20 51 55
01 28 07 313 34 2024 4 17 20 51 55
01 29 22 295 42 2024 4 17 20 51 55
08 06 27 051 38 2024 4 17 20 51 55
08 25 53 292 43 2024 4 17 20 51 55
02 68 22 051 38 2024 4 17 20 51 55
02 69 24 105 43 2024 4 17 20 51 55
02 73 11 183 40 2024 4 17 20 51 55
02 74 45 216 33 2024 4 17 20 51 55
02 75 44 302 44 2024 4 17 20 51 55
02 83 07 062 19 2024 4 17 20 51 55
02 84 54 012 32 2024 4 17 20 51 55
02 85 37 284 45 2024 4 17 20 51 55
06 43 21 277 43 2024 4 17 20 51 55
10 21 27 134 37 2024 4 17 20 51 55
10 22 29 075 44 2024 4 17 20 51 55
10 25 39 257 37 2024 4 17 20 51 55
10 34 64 312 45 2024 4 17 20 51 55
10 43 21 277 40 2024 4 17 20 51 55
10 44 46 065 40 2024 4 17 20 51 55
11 21 27 134 34 2024 4 17 20 51 55
11 22 29 075 37 2024 4 17 20 51 55
11 23 20 311 41 2024 4 17 20 51 55
11 24 22 197 35 2024 4 17 20 51 55
11 25 39 257 43 2024 4 17 20 51 55
11 34 64 312 37 2024 4 17 20 51 55
11 43 21 277 41 2024 4 17 20 51 55
11 44 46 065 41 2024 4 17 20 51 55
07 02 61 287 43 2024 4 17 20 51 55
07 10 22 052 42 2024 4 17 20 51 55
07 11 49 044 40 2024 4 17 20 51 55
07 25 51 175 44 2024 4 17 20 51 55
07 30 14 320 38 2024 4 17 20 51 55
07 34 22 244 41 2024 4 17 20 51 55
07 36 72 276 38 2024 4 17 20 51 55
12 02 61 287 42 2024 4 17 20 51 55
12 10 22 052 40 2024 4 17 20 51 55
12 11 49 044 36 2024 4 17 20 51 55
12 25 51 175 40 2024 4 17 20 51 55
12 30 14 320 39 2024 4 17 20 51 55
12 34 22 244 42 2024 4 17 20 51 55
12 36 72 276 40 2024 4 17 20 51 55
01 05 36 176 45 2024 4 17 20 52 0
01 06 27 051 42 2024 4 17 20 52 0
01 11 65 037 46 2024 4 17 20 52 0
01 12 71 225 46 2024 4 17 20 52 0
01 19 12 097 43 2024 4 17 20 52 0
01 20 63 137 46 2024 4 17 20 52 0
01 25 54 291 45 2024 4 17 20 52 0
01 28 07 313 34 2024 4 17 20 52 0
01 29 22 296 43 2024 4 17 20 52 0
08 06 27 051 39 2024 4 17 20 52 0
08 25 54 291 43 2024 4 17 20 52 0
02 68 22 051 40 2024 4 17 20 52 0
02 69 24 104 43 2024 4 17 20 52 0
02 73 11 183 40 2024 4 17 20 52 0
02 74 45 216 33 2024 4 17 20 52 0
02 75 44 302 44 2024 4 17 20 52 0
02 83 07 062 26 2024 4 17 20 52 0
02 84 54 013 32 2024 4 17 20 52 0
02 85 37 284 46 2024 4 17 20 52 0
06 43 21 277 44 2024 4 17 20 52 0
10 21 27 134 37 2024 4 17 20 52 0
10 22 29 075 45 2024 4 17 20 52 0
10 25 39 257 37 2024 4 17 20 52 0
10 34 64 312 45 2024 4 17 20 52 0
10 43 21 277 40 2024 4 17 20 52 0
10 44 46 065 41 2024 4 17 20 52 0
11 21 27 134 35 2024 4 17 20 52 0
11 22 29 075 37 2024 4 17 20 52 0
11 23 20 311 41 2024 4 17 20 52 0
11 24 22 197 35 2024 4 17 20 52 0
11 25 39 257 43 2024 4 17 20 52 0
11 34 64 312 37 2024 4 17 20 52 0
11 43 21 277 42 2024 4 17 20 52 0
11 44 46 065 41 2024 4 17 20 52 0
07 02 61 287 43 2024 4 17 20 52 0
07 10 22 052 40 2024 4 17 20 52 0
07 11 49 044 40 2024 4 17 20 52 0
07 25 51 175 44 2024 4 17 20 52 0
07 30 14 320 39 2024 4 17 20 52 0
07 34 22 244 41 2024 4 17 20 52 0
07 36 72 276 38 2024 4 17 20 52 0
12 02 61 287 42 2024 4 17 20 52 0
12 10 22 052 39 2024 4 17 20 52 0
12 11 49 044 37 2024 4 17 20 52 0
12 25 51 175 40 2024 4 17 20 52 0
12 30 14 320 39 2024 4 17 20 52 0
12 34 22 244 42 2024 4 17 20 52 0
12 36 72 276 40 2024 4 17 20 52 0
01 05 36 176 46 2024 4 17 20 52 5
01 06 27 051 43 2024 4 17 20 52 5
01 11 65 037 46 2024 4 17 20 52 5
01 12 71 225 46 2024 4 17 20 52 5
01 19 12 097 43 2024 4 17 20 52 5
01 20 63 137 46 2024 4 17 20 52 5
01 25 54 291 45 2024 4 17 20 52 5
01 28 07 313 30 2024 4 17 20 52 5
01 29 22 296 42 2024 4 17 20 52 5
08 06 27 051 38 2024 4 17 20 52 5
08 25 54 291 43 2024 4 17 20 52 5
02 68 22 051 40 2024 4 17 20 52 5
02 69 24 104 43 2024 4 17 20 52 5
02 73 11 183 40 2024 4 17 20 52 5
02 74 45 216 32 2024 4 17 20 52 5
02 75 44 302 43 2024 4 17 20 52 5
02 83 07 062 27 2024 4 17 20 52 5
02 84 54 013 31 2024 4 17 20 52 5
02 85 37 284 46 2024 4 17 20 52 5
06 43 21 277 45 2024 4 17 20 52 5
10 21 27 134 36 2024 4 17 20 52 5
10 22 29 075 45 2024 4 17 20 52 5
10 25 39 257 36 2024 4 17 20 52 5
10 34 64 313 45 2024 4 17 20 52 5
10 43 21 277 41 2024 4 17 20 52 5
10 44 46 065 41 2024 4 17 20 52 5
11 21 27 134 35 2024 4 17 20 52 5
11 22 29 075 37 2024 4 17 20 52 5
11 23 20 311 41 2024 4 17 20 52 5
11 24 22 197 34 2024 4 17 20 52 5
11 25 39 257 43 2024 4 17 20 52 5
11 34 64 313 37 2024 4 17 20 52 5
11 43 21 277 41 2024 4 17 20 52 5
11 44 46 065 41 2024 4 17 20 52 5
07 02 61 287 44 2024 4 17 20 52 5
07 10 22 052 40 2024 4 17 20 52 5
07 11 49 044 40 2024 4 17 20 52 5
07 25 51 175 45 2024 4 17 20 52 5
07 30 14 319 40 2024 4 17 20 52 5
07 34 22 244 40 2024 4 17 20 52 5
07 36 72 276 38 2024 4 17 20 52 5
12 02 61 287 42 2024 4 17 20 52 5
12 10 22 052 39 2024 4 17 20 52 5
12 11 49 044 36 2024 4 17 20 52 5
12 25 51 175 40 2024 4 17 20 52 5
12 30 14 319 39 2024 4 17 20 52 5
12 34 22 244 42 2024 4 17 20 52 5
12 36 72 276 40 2024 4 17 20 52 5
01 05 36 176 45 2024 4 17 20 52 10
01 06 27 051 42 2024 4 17 20 52 10
01 11 65 037 45 2024 4 17 20 52 10
01 12 71 225 46 2024 4 17 20 52 10
01 19 12 097 43 2024 4 17 20 52 10
01 20 63 137 45 2024 4 17 20 52 10
01 25 54 291 45 2024 4 17 20 52 10
01 28 07 313 33 2024 4 17 20 52 10
01 29 22 296 42 2024 4 17 20 52 10
08 06 27 051 39 2024 4 17 20 52 10
08 25 54 291 43 2024 4 17 20 52 10
02 68 22 051 39 2024 4 17 20 52 10
02 69 24 104 43 2024 4 17 20 52 10
02 73 11 183 39 2024 4 17 20 52 10
02 74 45 216 30 2024 4 17 20 52 10
02 75 44 302 43 2024 4 17 20 52 10
02 83 07 062 29 2024 4 17 20 52 10
02 84 54 013 31 2024 4 17 20 52 10
02 85 37 284 46 2024 4 17 20 52 10
06 43 21 277 45 2024 4 17 20 52 10
10 21 27 134 41 2024 4 17 20 52 10
10 22 29 075 45 2024 4 17 20 52 10
10 25 39 257 41 2024 4 17 20 52 10
10 34 64 313 45 2024 4 17 20 52 10
10 43 21 277 40 2024 4 17 20 52 10
10 44 46 065 45 2024 4 17 20 52 10
11 21 27 134 35 2024 4 17 20 52 10
11 22 29 075 38 2024 4 17 20 52 10
11 23 20 311 40 2024 4 17 20 52 10
11 24 22 197 34 2024 4 17 20 52 10
11 25 39 257 43 2024 4 17 20 52 10
11 34 64 313 37 2024 4 17 20 52 10
11 43 21 277 41 2024 4 17 20 52 10
11 44 46 065 41 2024 4 17 20 52 10
07 02 61 287 44 2024 4 17 20 52 10
07 10 22 052 39 2024 4 17 20 52 10
07 11 49 044 40 2024 4 17 20 52 10
07 25 51 175 45 2024 4 17 20 52 10
07 30 14 319 40 2024 4 17 20 52 10
07 34 22 244 40 2024 4 17 20 52 10
07 36 72 276 38 2024 4 17 20 52 10
12 02 61 287 42 2024 4 17 20 52 10
12 10 22 052 40 2024 4 17 20 52 10
12 11 49 044 36 2024 4 17 20 52 10
12 25 51 175 41 2024 4 17 20 52 10
12 30 14 319 39 2024 4 17 20 52 10
12 34 22 244 42 2024 4 17 20 52 10
12 36 72 276 41 2024 4 17 20 52 10
01 05 36 176 44 2024 4 17 20 52 15
01 06 27 051 42 2024 4 17 20 52 15
01 11 65 037 45 2024 4 17 20 52 15
01 12 71 224 46 2024 4 17 20 52 15
01 19 12 097 43 2024 4 17 20 52 15
01 20 63 137 45 2024 4 17 20 52 15
01 25 54 291 45 2024 4 17 20 52 15
01 28 07 313 34 2024 4 17 20 52 15
01 29 22 296 40 2024 4 17 20 52 15
08 06 27 051 38 2024 4 17 20 52 15
08 25 54 291 43 2024 4 17 20 52 15
02 68 22 050 40 2024 4 17 20 52 15
02 69 24 104 43 2024 4 17 20 52 15
02 73 11 183 38 2024 4 17 20 52 15
02 74 44 216 29 2024 4 17 20 52 15
02 75 44 302 43 2024 4 17 20 52 15
02 83 06 062 26 2024 4 17 20 52 15
02 84 54 013 32 2024 4 17 20 52 15
02 85 37 284 46 2024 4 17 20 52 15
06 43 21 277 45 2024 4 17 20 52 15
10 21 27 134 41 2024 4 17 20 52 15
10 22 29 075 45 2024 4 17 20 52 15
10 25 39 257 42 2024 4 17 20 52 15
10 34 64 313 45 2024 4 17 20 52 15
10 43 21 277 41 2024 4 17 20 52 15
10 44 46 065 45 2024 4 17 20 52 15
11 21 27 134 36 2024 4 17 20 52 15
11 22 29 075 37 2024 4 17 20 52 15
11 23 20 311 40 2024 4 17 20 52 15
11 24 22 197 34 2024 4 17 20 52 15
11 25 39 257 43 2024 4 17 20 52 15
11 34 64 313 37 2024 4 17 20 52 15
11 43 21 277 41 2024 4 17 20 52 15
11 44 46 065 41 2024 4 17 20 52 15
07 02 61 287 43 2024 4 17 20 52 15
07 10 22 052 40 2024 4 17 20 52 15
07 11 49 044 41 2024 4 17 20 52 15
07 25 51 175 45 2024 4 17 20 52 15
07 30 14 319 40 2024 4 17 20 52 15
07 34 22 244 41 2024 4 17 20 52 15
07 36 72 276 38 2024 4 17 20 52 15
12 02 61 287 42 2024 4 17 20 52 15
12 10 22 052 41 2024 4 17 20 52 15
12 11 49 044 36 2024 4 17 20 52 15
12 25 51 175 41 2024 4 17 20 52 15
12 30 14 319 39 2024 4 17 20 52 15
12 34 22 244 41 2024 4 17 20 52 15
12 36 72 276 40 2024 4 17 20 52 15
01 05 36 176 45 2024 4 17 20 52 20
01 06 27 051 42 2024 4 17 20 52 20
01 11 65 037 46 2024 4 17 20 52 20
01 12 71 224 47 2024 4 17 20 52 20
01 19 12 097 44 2024 4 17 20 52 20
01 20 63 137 46 2024 4 17 20 52 20
01 25 54 291 46 2024 4 17 20 52 20
01 28 07 313 34 2024 4 17 20 52 20
01 29 22 296 41 2024 4 17 20 52 20
08 06 27 051 40 2024 4 17 20 52 20
08 25 54 291 43 2024 4 17 20 52 20
02 68 22 050 39 2024 4 17 20 52 20
02 69 24 104 43 2024 4 17 20 52 20
02 73 11 183 38 2024 4 17 20 52 20
02 74 44 216 30 2024 4 17 20 52 20
02 75 44 302 43 2024 4 17 20 52 20
02 83 06 062 26 2024 4 17 20 52 20
02 84 54 013 32 2024 4 17 20 52 20
02 85 37 284 46 2024 4 17 20 52 20
06 43 21 277 45 2024 4 17 20 52 20
10 21 27 134 41 2024 4 17 20 52 20
10 22 29 075 45 2024 4 17 20 52 20
10 25 39 257 42 2024 4 17 20 52 20
10 34 64 313 45 2024 4 17 20 52 20
10 43 21 277 41 2024 4 17 20 52 20
10 44 46 065 45 2024 4 17 20 52 20
11 21 27 134 36 2024 4 17 20 52 20
11 22 29 075 37 2024 4 17 20 52 20
11 23 20 311 41 2024 4 17 20 52 20
11 24 22 197 34 2024 4 17 20 52 20
11 25 39 257 43 2024 4 17 20 52 20
11 34 64 313 37 2024 4 17 20 52 20
11 43 21 277 41 2024 4 17 20 52 20
11 44 46 065 41 2024 4 17 20 52 20
07 02 61 287 43 2024 4 17 20 52 20
07 10 22 052 41 2024 4 17 20 52 20
07 11 49 044 40 2024 4 17 20 52 20
07 25 51 175 45 2024 4 17 20 52 20
07 30 14 319 40 2024 4 17 20 52 20
07 34 22 244 41 2024 4 17 20 52 20
07 36 72 276 38 2024 4 17 20 52 20
12 02 61 287 42 2024 4 17 20 52 20
12 10 22 052 41 2024 4 17 20 52 20
12 11 49 044 36 2024 4 17 20 52 20
12 25 51 175 41 2024 4 17 20 52 20
12 30 14 319 38 2024 4 17 20 52 20
12 34 22 244 42 2024 4 17 20 52 20
12 36 72 276 40 2024 4 17 20 52 20
01 05 36 176 45 2024 4 17 20 52 25
01 06 27 051 42 2024 4 17 20 52 25
01 11 65 037 46 2024 4 17 20 52 25
01 12 71 224 47 2024 4 17 20 52 25
01 19 12 097 43 2024 4 17 20 52 25
01 20 63 137 45 2024 4 17 20 52 25
01 25 54 291 45 2024 4 17 20 52 25
01 28 07 313 35 2024 4 17 20 52 25
01 29 22 296 40 2024 4 17 20 52 25
08 06 27 051 39 2024 4 17 20 52 25
08 25 54 291 42 2024 4 17 20 52 25
02 68 22 050 40 2024 4 17 20 52 25
02 69 24 104 44 2024 4 17 20 52 25
02 73 11 183 37 2024 4 17 20 52 25
02 74 44 216 31 2024 4 17 20 52 25
02 75 44 302 43 2024 4 17 20 52 25
02 83 06 062 27 2024 4 17 20 52 25
02 84 54 013 33 2024 4 17 20 52 25
02 85 37 284 46 2024 4 17 20 52 25
06 43 21 277 45 2024 4 17 20 52 25
10 21 27 134 40 2024 4 17 20 52 25
10 22 29 075 44 2024 4 17 20 52 25
10 25 39 257 42 2024 4 17 20 52 25
10 34 64 313 45 2024 4 17 20 52 25
10 43 21 277 41 2024 4 17 20 52 25
10 44 46 065 45 2024 4 17 20 52 25
11 21 27 134 35 2024 4 17 20 52 25
11 22 29 075 37 2024 4 17 20 52 25
11 23 20 311 40 2024 4 17 20 52 25
11 24 22 197 34 2024 4 17 20 52 25
11 25 39 257 42 2024 4 17 20 52 25
11 34 64 313 37 2024 4 17 20 52 25
11 43 21 277 41 2024 4 17 20 52 25
11 44 46 065 40 2024 4 17 20 52 25
07 02 61 287 43 2024 4 17 20 52 25
07 10 22 052 42 2024 4 17 20 52 25
07 11 49 044 40 2024 4 17 20 52 25
07 25 51 175 45 2024 4 17 20 52 25
07 30 14 319 41 2024 4 17 20 52 25
07 34 22 244 41 2024 4 17 20 52 25
07 36 72 276 38 2024 4 17 20 52 25
12 02 61 287 41 2024 4 17 20 52 25
12 10 22 052 41 2024 4 17 20 52 25
12 11 49 044 36 2024 4 17 20 52 25
12 25 51 175 40 2024 4 17 20 52 25
12 30 14 319 38 2024 4 17 20 52 25
12 34 22 244 41 2024 4 17 20 52 25
12 36 72 276 40 2024 4 17 20 52 25
01 05 36 176 45 2024 4 17 20 52 30
01 06 27 051 41 2024 4 17 20 52 30
01 11 65 037 46 2024 4 17 20 52 30
01 12 71 224 46 2024 4 17 20 52 30
01 19 12 097 43 2024 4 17 20 52 30
01 20 63 137 45 2024 4 17 20 52 30
01 25 54 291 44 2024 4 17 20 52 30
01 28 07 313 36 2024 4 17 20 52 30
01 29 22 296 40 2024 4 17 20 52 30
08 06 27 051 40 2024 4 17 20 52 30
08 25 54 291 43 2024 4 17 20 52 30
02 68 22 050 41 2024 4 17 20 52 30
02 69 24 104 43 2024 4 17 20 52 30
02 73 11 183 36 2024 4 17 20 52 30
02 74 44 216 29 2024 4 17 20 52 30
02 75 44 302 44 2024 4 17 20 52 30
02 83 06 062 27 2024 4 17 20 52 30
02 84 54 013 33 2024 4 17 20 52 30
02 85 37 284 46 2024 4 17 20 52 30
06 43 21 277 45 2024 4 17 20 52 30
10 21 27 134 41 2024 4 17 20 52 30
10 22 29 075 44 2024 4 17 20 52 30
10 25 39 257 42 2024 4 17 20 52 30
10 34 64 313 45 2024 4 17 20 52 30
10 43 21 277 41 2024 4 17 20 52 30
10 44 46 065 45 2024 4 17 20 52 30
11 21 27 134 36 2024 4 17 20 52 30
11 22 29 075 37 2024 4 17 20 52 30
11 23 20 311 41 2024 4 17 20 52 30
11 24 22 197 34 2024 4 17 20 52 30
11 25 39 257 43 2024 4 17 20 52 30
11 34 64 313 37 2024 4 17 20 52 30
11 43 21 277 41 2024 4 17 20 52 30
11 44 46 065 40 2024 4 17 20 52 30
07 02 61 287 43 2024 4 17 20 52 30
07 10 22 052 42 2024 4 17 20 52 30
07 11 49 044 41 2024 4 17 20 52 30
07 25 51 175 45 2024 4 17 20 52 30
07 30 14 319 40 2024 4 17 20 52 30
07 34 22 244 41 2024 4 17 20 52 30
07 36 72 276 38 2024 4 17 20 52 30
12 02 61 287 42 2024 4 17 20 52 30
12 10 22 052 41 2024 4 17 20 52 30
12 11 49 044 37 2024 4 17 20 52 30
12 25 51 175 41 2024 4 17 20 52 30
12 30 14 319 39 2024 4 17 20 52 30
12 34 22 244 42 2024 4 17 20 52 30
12 36 72 276 40 2024 4 17 20 52 30
01 05 36 176 44 2024 4 17 20 52 35
01 06 27 051 41 2024 4 17 20 52 35
01 11 65 037 46 2024 4 17 20 52 35
01 12 71 224 46 2024 4 17 20 52 35
01 19 12 097 43 2024 4 17 20 52 35
01 20 63 137 44 2024 4 17 20 52 35
01 25 54 291 43 2024 4 17 20 52 35
01 28 07 313 36 2024 4 17 20 52 35
01 29 22 296 38 2024 4 17 20 52 35
08 06 27 051 40 2024 4 17 20 52 35
08 25 54 291 43 2024 4 17 20 52 35
02 68 22 050 41 2024 4 17 20 52 35
02 69 24 104 43 2024 4 17 20 52 35
02 73 11 183 34 2024 4 17 20 52 35
02 74 44 216 29 2024 4 17 20 52 35
02 75 44 302 44 2024 4 17 20 52 35
02 83 06 062 28 2024 4 17 20 52 35
02 84 54 013 32 2024 4 17 20 52 35
02 85 37 284 46 2024 4 17 20 52 35
06 43 21 277 45 2024 4 17 20 52 35
10 21 27 134 40 2024 4 17 20 52 35
10 22 29 075 44 2024 4 17 20 52 35
10 25 39 257 41 2024 4 17 20 52 35
10 34 64 313 44 2024 4 17 20 52 35
10 43 21 277 41 2024 4 17 20 52 35
10 44 46 066 44 2024 4 17 20 52 35
11 21 27 134 36 2024 4 17 20 52 35
11 22 29 075 37 2024 4 17 20 52 35
11 23 20 311 41 2024 4 17 20 52 35
11 24 22 197 34 2024 4 17 20 52 35
11 25 39 257 43 2024 4 17 20 52 35
11 34 64 313 37 2024 4 17 20 52 35
11 43 21 277 41 2024 4 17 20 52 35
11 44 46 066 40 2024 4 17 20 52 35
07 02 61 286 43 2024 4 17 20 52 35
07 10 22 052 42 2024 4 17 20 52 35
07 11 49 044 41 2024 4 17 20 52 35
07 25 51 175 44 2024 4 17 20 52 35
07 30 14 319 40 2024 4 17 20 52 35
07 34 22 244 41 2024 4 17 20 52 35
07 36 72 276 39 2024 4 17 20 52 35
12 02 61 286 42 2024 4 17 20 52 35
12 10 22 052 40 2024 4 17 20 52 35
12 11 49 044 37 2024 4 17 20 52 35
12 25 51 175 41 2024 4 17 20 52 35
12 30 14 319 39 2024 4 17 20 52 35
12 34 22 244 42 2024 4 17 20 52 35
12 36 72 276 39 2024 4 17 20 52 35
01 05 36 176 44 2024 4 17 20 52 40
01 06 27 051 43 2024 4 17 20 52 40
01 11 65 037 46 2024 4 17 20 52 40
01 12 71 224 46 2024 4 17 20 52 40
01 19 12 097 43 2024 4 17 20 52 40
01 20 63 137 45 2024 4 17 20 52 40
01 25 54 291 44 2024 4 17 20 52 40
01 28 07 313 35 2024 4 17 20 52 40
01 29 22 296 38 2024 4 17 20 52 40
08 06 27 051 40 2024 4 17 20 52 40
08 25 54 291 43 2024 4 17 20 52 40
02 68 22 050 39 2024 4 17 20 52 40
02 69 24 104 43 2024 4 17 20 52 40
02 73 11 183 36 2024 4 17 20 52 40
02 74 44 216 27 2024 4 17 20 52 40
02 75 44 302 44 2024 4 17 20 52 40
02 83 06 062 27 2024 4 17 20 52 40
02 84 54 013 32 2024 4 17 20 52 40
02 85 37 284 47 2024 4 17 20 52 40
06 43 21 277 46 2024 4 17 20 52 40
10 21 27 134 40 2024 4 17 20 52 40
10 22 29 075 45 2024 4 17 20 52 40
10 25 39 257 42 2024 4 17 20 52 40
10 34 64 313 45 2024 4 17 20 52 40
10 43 21 277 42 2024 4 17 20 52 40
10 44 46 066 44 2024 4 17 20 52 40
11 21 27 134 36 2024 4 17 20 52 40
11 22 29 075 37 2024 4 17 20 52 40
11 23 20 311 42 2024 4 17 20 52 40
11 24 22 197 33 2024 4 17 20 52 40
11 25 39 257 43 2024 4 17 20 52 40
11 34 64 313 37 2024 4 17 20 52 40
11 43 21 277 41 2024 4 17 20 52 40
11 44 46 066 40 2024 4 17 20 52 40
07 02 61 286 43 2024 4 17 20 52 40
07 10 22 052 42 2024 4 17 20 52 40
07 11 49 044 41 2024 4 17 20 52 40
07 25 51 175 45 2024 4 17 20 52 40
07 30 14 319 39 2024 4 17 20 52 40
07 34 22 244 41 2024 4 17 20 52 40
07 36 72 276 39 2024 4 17 20 52 40
12 02 61 286 42 2024 4 17 20 52 40
12 10 22 052 39 2024 4 17 20 52 40
12 11 49 044 37 2024 4 17 20 52 40
12 25 51 175 41 2024 4 17 20 52 40
12 30 14 319 39 2024 4 17 20 52 40
12 34 22 244 42 2024 4 17 20 52 40
12 36 72 276 40 2024 4 17 20 52 40
01 05 36 176 44 2024 4 17 20 52 45
01 06 27 051 43 2024 4 17 20 52 45
01 11 65 037 46 2024 4 17 20 52 45
01 12 71 224 47 2024 4 17 20 52 45
01 19 12 098 44 2024 4 17 20 52 45
01 20 63 137 45 2024 4 17 20 52 45
01 25 54 291 44 2024 4 17 20 52 45
01 28 07 313 34 2024 4 17 20 52 45
01 29 22 296 39 2024 4 17 20 52 45
08 06 27 051 40 2024 4 17 20 52 45
08 25 54 291 43 2024 4 17 20 52 45
02 68 22 050 40 2024 4 17 20 52 45
02 69 24 104 43 2024 4 17 20 52 45
02 73 11 183 35 2024 4 17 20 52 45
02 74 44 216 27 2024 4 17 20 52 45
02 75 44 302 44 2024 4 17 20 52 45
02 83 06 062 27 2024 4 17 20 52 45
02 84 54 013 32 2024 4 17 20 52 45
02 85 37 284 46 2024 4 17 20 52 45
06 43 21 277 46 2024 4 17 20 52 45
10 21 27 134 41 2024 4 17 20 52 45
10 22 29 075 44 2024 4 17 20 52 45
10 25 39 257 42 2024 4 17 20 52 45
10 34 64 313 45 2024 4 17 20 52 45
10 43 21 277 41 2024 4 17 20 52 45
10 44 46 066 44 2024 4 17 20 52 45
11 21 27 134 36 2024 4 17 20 52 45
11 22 29 075 37 2024 4 17 20 52 45
11 23 20 311 43 2024 4 17 20 52 45
11 24 22 197 33 2024 4 17 20 52 45
11 25 39 257 43 2024 4 17 20 52 45
11 34 64 313 37 2024 4 17 20 52 45
11 43 21 277 41 2024 4 17 20 52 45
11 44 46 066 40 2024 4 17 20 52 45
07 02 61 286 42 2024 4 17 20 52 45
07 10 22 052 41 2024 4 17 20 52 45
07 11 49 044 41 2024 4 17 20 52 45
07 25 51 175 45 2024 4 17 20 52 45
07 30 14 319 39 2024 4 17 20 52 45
07 34 22 244 41 2024 4 17 20 52 45
07 36 72 276 40 2024 4 17 20 52 45
12 02 61 286 42 2024 4 17 20 52 45
12 10 22 052 39 2024 4 17 20 52 45
12 11 49 044 37 2024 4 17 20 52 45
12 25 51 175 41 2024 4 17 20 52 45
12 30 14 319 39 2024 4 17 20 52 45
12 34 22 244 42 2024 4 17 20 52 45
12 36 72 276 40 2024 4 17 20 52 45
01 05 36 176 44 2024 4 17 20 52 50
01 06 27 051 42 2024 4 17 20 52 50
01 11 65 037 46 2024 4 17 20 52 50
01 12 71 224 47 2024 4 17 20 52 50
01 19 12 098 44 2024 4 17 20 52 50
01 20 63 137 45 2024 4 17 20 52 50
01 25 54 291 44 2024 4 17 20 52 50
01 28 07 313 34 2024 4 17 20 52 50
01 29 22 296 39 2024 4 17 20 52 50
08 06 27 051 40 2024 4 17 20 52 50
08 25 54 291 43 2024 4 17 20 52 50
02 68 22 050 40 2024 4 17 20 52 50
02 69 24 104 43 2024 4 17 20 52 50
02 73 11 183 38 2024 4 17 20 52 50
02 74 44 216 29 2024 4 17 20 52 50
02 75 44 302 44 2024 4 17 20 52 50
02 83 06 062 28 2024 4 17 20 52 50
02 84 54 013 32 2024 4 17 20 52 50
02 85 37 284 47 2024 4 17 20 52 50
06 43 21 278 46 2024 4 17 20 52 50
10 21 27 134 40 2024 4 17 20 52 50
10 22 29 075 44 2024 4 17 20 52 50
10 25 39 257 43 2024 4 17 20 52 50
10 34 64 313 45 2024 4 17 20 52 50
10 43 21 278 41 2024 4 17 20 52 50
10 44 46 066 44 2024 4 17 20 52 50
11 21 27 134 36 2024 4 17 20 52 50
11 22 29 075 37 2024 4 17 20 52 50
11 23 20 311 43 2024 4 17 20 52 50
11 24 21 197 33 2024 4 17 20 52 50
11 25 39 257 43 2024 4 17 20 52 50
11 34 64 313 37 2024 4 17 20 52 50
11 43 21 278 41 2024 4 17 20 52 50
11 44 46 066 40 2024 4 17 20 52 50
07 02 61 286 42 2024 4 17 20 52 50
07 10 22 052 41 2024 4 17 20 52 50
07 11 49 044 42 2024 4 17 20 52 50
07 25 51 175 45 2024 4 17 20 52 50
07 30 14 319 40 2024 4 17 20 52 50
07 34 22 244 41 2024 4 17 20 52 50
07 36 72 276 40 2024 4 17 20 52 50
12 02 61 286 42 2024 4 17 20 52 50
12 10 22 052 39 2024 4 17 20 52 50
12 11 49 044 37 2024 4 17 20 52 50
12 25 51 175 41 2024 4 17 20 52 50
12 30 14 319 39 2024 4 17 20 52 50
12 34 22 244 42 2024 4 17 20 52 50
12 36 72 276 40 2024 4 17 20 52 50
01 05 36 176 44 2024 4 17 20 52 55
01 06 27 051 42 2024 4 17 20 52 55
01 11 65 037 46 2024 4 17 20 52 55
01 12 71 224 47 2024 4 17 20 52 55
01 19 12 098 43 2024 4 17 20 52 55
01 20 63 137 45 2024 4 17 20 52 55
01 25 54 291 44 2024 4 17 20 52 55
01 28 07 313 34 2024 4 17 20 52 55
01 29 22 296 39 2024 4 17 20 52 55
08 06 27 051 40 2024 4 17 20 52 55
08 25 54 291 43 2024 4 17 20 52 55
02 68 22 050 41 2024 4 17 20 52 55
02 69 24 104 44 2024 4 17 20 52 55
02 73 11 183 38 2024 4 17 20 52 55
02 74 44 216 30 2024 4 17 20 52 55
02 75 44 302 43 2024 4 17 20 52 55
02 83 06 062 28 2024 4 17 20 52 55
02 84 54 013 32 2024 4 17 20 52 55
02 85 37 284 47 2024 4 17 20 52 55
06 43 21 278 46 2024 4 17 20 52 55
10 21 27 134 40 2024 4 17 20 52 55
10 22 29 075 44 2024 4 17 20 52 55
10 25 39 257 42 2024 4 17 20 52 55
10 34 64 313 45 2024 4 17 20 52 55
10 43 21 278 42 2024 4 17 20 52 55
10 44 46 066 44 2024 4 17 20 52 55
11 21 27 134 36 2024 4 17 20 52 55
11 22 29 075 37 2024 4 17 20 52 55
11 23 20 311 43 2024 4 17 20 52 55
11 24 21 197 33 2024 4 17 20 52 55
11 25 39 257 43 2024 4 17 20 52 55
11 34 64 313 38 2024 4 17 20 52 55
11 43 21 278 41 2024 4 17 20 52 55
11 44 46 066 40 2024 4 17 20 52 55
07 02 61 286 42 2024 4 17 20 52 55
07 10 22 052 42 2024 4 17 20 52 55
07 11 49 044 42 2024 4 17 20 52 55
07 25 51 175 45 2024 4 17 20 52 55
07 30 14 319 40 2024 4 17 20 52 55
07 34 22 244 41 2024 4 17 20 52 55
07 36 72 277 40 2024 4 17 20 52 55
12 02 61 286 42 2024 4 17 20 52 55
12 10 22 052 40 2024 4 17 20 52 55
12 11 49 044 36 2024 4 17 20 52 55
12 25 51 175 41 2024 4 17 20 52 55
12 30 14 319 39 2024 4 17 20 52 55
12 34 22 244 42 2024 4 17 20 52 55
12 36 72 277 40 2024 4 17 20 52 55
01 05 37 176 44 2024 4 17 20 53 0
01 06 27 052 43 2024 4 17 20 53 0
01 11 65 038 46 2024 4 17 20 53 0
01 12 71 224 47 2024 4 17 20 53 0
01 19 12 098 43 2024 4 17 20 53 0
01 20 63 137 44 2024 4 17 20 53 0
01 25 54 291 44 2024 4 17 20 53 0
01 28 07 313 33 2024 4 17 20 53 0
01 29 22 296 39 2024 4 17 20 53 0
08 06 27 052 41 2024 4 17 20 53 0
08 25 54 291 43 2024 4 17 20 53 0
02 68 22 050 40 2024 4 17 20 53 0
02 69 24 104 43 2024 4 17 20 53 0
02 73 11 183 38 2024 4 17 20 53 0
02 74 44 216 32 2024 4 17 20 53 0
02 75 44 301 43 2024 4 17 20 53 0
02 83 06 063 28 2024 4 17 20 53 0
02 84 54 013 33 2024 4 17 20 53 0
02 85 37 284 47 2024 4 17 20 53 0
06 43 21 278 46 2024 4 17 20 53 0
10 21 27 134 41 2024 4 17 20 53 0
10 22 29 075 44 2024 4 17 20 53 0
10 25 39 257 42 2024 4 17 20 53 0
10 34 64 313 45 2024 4 17 20 53 0
10 43 21 278 42 2024 4 17 20 53 0
10 44 46 066 44 2024 4 17 20 53 0
11 21 27 134 36 2024 4 17 20 53 0
11 22 29 075 37 2024 4 17 20 53 0
11 23 20 311 43 2024 4 17 20 53 0
11 24 21 197 33 2024 4 17 20 53 0
11 25 39 257 43 2024 4 17 20 53 0
11 34 64 313 38 2024 4 17 20 53 0
11 43 21 278 41 2024 4 17 20 53 0
11 44 46 066 40 2024 4 17 20 53 0
07 02 61 286 42 2024 4 17 20 53 0
07 10 22 052 43 2024 4 17 20 53 0
07 11 49 044 42 2024 4 17 20 53 0
07 25 51 175 45 2024 4 17 20 53 0
07 30 14 319 40 2024 4 17 20 53 0
07 34 22 244 40 2024 4 17 20 53 0
07 36 72 277 40 2024 4 17 20 53 0
12 02 61 286 42 2024 4 17 20 53 0
12 10 22 052 40 2024 4 17 20 53 0
12 11 49 044 37 2024 4 17 20 53 0
12 25 51 175 41 2024 4 17 20 53 0
12 30 14 319 39 2024 4 17 20 53 0
12 34 22 244 42 2024 4 17 20 53 0
12 36 72 277 40 2024 4 17 20 53 0
01 05 37 176 43 2024 4 17 20 53 5
01 06 27 052 43 2024 4 17 20 53 5
01 11 65 038 45 2024 4 17 20 53 5
01 12 71 224 47 2024 4 17 20 53 5
01 19 12 098 44 2024 4 17 20 53 5
01 20 63 137 44 2024 4 17 20 53 5
01 25 54 291 44 2024 4 17 20 53 5
01 28 07 313 30 2024 4 17 20 53 5
01 29 22 296 40 2024 4 17 20 53 5
08 06 27 052 41 2024 4 17 20 53 5
08 25 54 291 43 2024 4 17 20 53 5
02 68 22 050 40 2024 4 17 20 53 5
02 69 24 104 43 2024 4 17 20 53 5
02 73 11 183 38 2024 4 17 20 53 5
02 74 44 216 33 2024 4 17 20 53 5
02 75 44 301 43 2024 4 17 20 53 5
02 83 06 063 28 2024 4 17 20 53 5
02 84 54 013 33 2024 4 17 20 53 5
02 85 37 284 47 2024 4 17 20 53 5
06 43 22 278 46 2024 4 17 20 53 5
10 21 27 134 41 2024 4 17 20 53 5
10 22 29 074 44 2024 4 17 20 53 5
10 25 39 257 43 2024 4 17 20 53 5
10 34 64 313 45 2024 4 17 20 53 5
10 43 22 278 41 2024 4 17 20 53 5
10 44 46 066 44 2024 4 17 20 53 5
11 21 27 134 37 2024 4 17 20 53 5
11 22 29 074 37 2024 4 17 20 53 5
11 23 20 311 42 2024 4 17 20 53 5
11 24 21 197 32 2024 4 17 20 53 5
11 25 39 257 43 2024 4 17 20 53 5
11 34 64 313 38 2024 4 17 20 53 5
11 43 22 278 41 2024 4 17 20 53 5
11 44 46 066 40 2024 4 17 20 53 5
07 02 61 286 42 2024 4 17 20 53 5
07 10 22 052 44 2024 4 17 20 53 5
07 11 48 044 42 2024 4 17 20 53 5
07 25 51 175 45 2024 4 17 20 53 5
07 30 14 319 39 2024 4 17 20 53 5
07 34 22 244 40 2024 4 17 20 53 5
07 36 72 277 39 2024 4 17 20 53 5
12 02 61 286 42 2024 4 17 20 53 5
12 10 22 052 41 2024 4 17 20 53 5
12 11 48 044 37 2024 4 17 20 53 5
12 25 51 175 41 2024 4 17 20 53 5
12 30 14 319 38 2024 4 17 20 53 5
12 34 22 244 42 2024 4 17 20 53 5
12 36 72 277 40 2024 4 17 20 53 5
01 05 37 176 44 2024 4 17 20 53 10
01 06 27 052 43 2024 4 17 20 53 10
01 11 65 038 46 2024 4 17 20 53 10
01 12 71 224 47 2024 4 17 20 53 10
01 19 12 098 44 2024 4 17 20 53 10
01 20 63 137 45 2024 4 17 20 53 10
01 25 54 291 43 2024 4 17 20 53 10
01 28 07 313 27 2024 4 17 20 53 10
01 29 22 296 42 2024 4 17 20 53 10
08 06 27 052 41 2024 4 17 20 53 10
08 25 54 291 43 2024 4 17 20 53 10
02 68 22 050 40 2024 4 17 20 53 10
02 69 24 104 44 2024 4 17 20 53 10
02 73 11 183 41 2024 4 17 20 53 10
02 74 44 216 34 2024 4 17 20 53 10
02 75 44 301 44 2024 4 17 20 53 10
02 83 06 063 29 2024 4 17 20 53 10
02 84 54 013 34 2024 4 17 20 53 10
02 85 37 284 47 2024 4 17 20 53 10
06 43 22 278 46 2024 4 17 20 53 10
10 21 27 134 41 2024 4 17 20 53 10
10 22 29 074 45 2024 4 17 20 53 10
10 25 39 257 42 2024 4 17 20 53 10
10 34 64 313 45 2024 4 17 20 53 10
10 43 22 278 41 2024 4 17 20 53 10
10 44 46 066 44 2024 4 17 20 53 10
11 21 27 134 37 2024 4 17 20 53 10
11 22 29 074 38 2024 4 17 20 53 10
11 23 20 311 42 2024 4 17 20 53 10
11 24 21 197 32 2024 4 17 20 53 10
11 25 39 257 43 2024 4 17 20 53 10
11 34 64 313 38 2024 4 17 20 53 10
11 43 22 278 40 2024 4 17 20 53 10
11 44 46 066 39 2024 4 17 20 53 10
07 02 61 286 42 2024 4 17 20 53 10
07 10 22 052 44 2024 4 17 20 53 10
07 11 48 044 42 2024 4 17 20 53 10
07 25 51 175 45 2024 4 17 20 53 10
07 30 14 319 39 2024 4 17 20 53 10
07 34 22 244 40 2024 4 17 20 53 10
07 36 72 277 39 2024 4 17 20 53 10
12 02 61 286 42 2024 4 17 20 53 10
12 10 22 052 40 2024 4 17 20 53 10
12 11 48 044 35 2024 4 17 20 53 10
12 25 51 175 41 2024 4 17 20 53 10
12 30 14 319 39 2024 4 17 20 53 10
12 34 22 244 42 2024 4 17 20 53 10
12 36 72 277 41 2024 4 17 20 53 10
01 05 37 176 44 2024 4 17 20 53 15
01 06 26 052 42 2024 4 17 20 53 15
01 11 65 038 45 2024 4 17 20 53 15
01 12 71 223 48 2024 4 17 20 53 15
01 19 12 098 43 2024 4 17 20 53 15
01 20 64 136 44 2024 4 17 20 53 15
01 25 54 291 43 2024 4 17 20 53 15
01 28 07 312 22 2024 4 17 20 53 15
01 29 22 296 43 2024 4 17 20 53 15
08 06 26 052 41 2024 4 17 20 53 15
08 25 54 291 43 2024 4 17 20 53 15
02 68 22 050 40 2024 4 17 20 53 15
02 69 24 104 44 2024 4 17 20 53 15
02 73 11 183 42 2024 4 17 20 53 15
02 74 44 216 36 2024 4 17 20 53 15
02 75 45 301 45 2024 4 17 20 53 15
02 83 06 063 29 2024 4 17 20 53 15
02 84 54 014 34 2024 4 17 20 53 15
02 85 37 285 48 2024 4 17 20 53 15
06 43 22 278 46 2024 4 17 20 53 15
10 21 27 134 41 2024 4 17 20 53 15
10 22 29 074 45 2024 4 17 20 53 15
10 25 39 257 43 2024 4 17 20 53 15
10 34 64 313 46 2024 4 17 20 53 15
10 43 22 278 41 2024 4 17 20 53 15
10 44 46 066 44 2024 4 17 20 53 15
11 21 27 134 37 2024 4 17 20 53 15
11 22 29 074 38 2024 4 17 20 53 15
11 23 20 311 42 2024 4 17 20 53 15
11 24 21 197 32 2024 4 17 20 53 15
11 25 39 257 43 2024 4 17 20 53 15
11 34 64 313 38 2024 4 17 20 53 15
11 43 22 278 41 2024 4 17 20 53 15
11 44 46 066 39 2024 4 17 20 53 15
07 02 61 286 42 2024 4 17 20 53 15
07 10 22 052 43 2024 4 17 20 53 15
07 11 48 044 42 2024 4 17 20 53 15
07 25 51 175 45 2024 4 17 20 53 15
07 30 14 319 39 2024 4 17 20 53 15
07 34 22 244 40 2024 4 17 20 53 15
07 36 72 277 39 2024 4 17 20 53 15
12 02 61 286 42 2024 4 17 20 53 15
12 10 22 052 40 2024 4 17 20 53 15
12 11 48 044 36 2024 4 17 20 53 15
12 25 51 175 42 2024 4 17 20 53 15
12 30 14 319 38 2024 4 17 20 53 15
12 34 22 244 42 2024 4 17 20 53 15
12 36 72 277 41 2024 4 17 20 53 15
01 05 37 176 44 2024 4 17 20 53 20
01 06 26 052 42 2024 4 17 20 53 20
01 11 65 038 45 2024 4 17 20 53 20
01 12 71 223 47 2024 4 17 20 53 20
01 19 12 098 43 2024 4 17 20 53 20
01 20 64 136 45 2024 4 17 20 53 20
01 25 54 291 43 2024 4 17 20 53 20
01 28 07 312 27 2024 4 17 20 53 20
01 29 22 296 43 2024 4 17 20 53 20
08 06 26 052 41 2024 4 17 20 53 20
08 25 54 291 43 2024 4 17 20 53 20
02 68 22 050 41 2024 4 17 20 53 20
02 69 24 104 44 2024 4 17 20 53 20
02 73 11 183 43 2024 4 17 20 53 20
02 74 44 216 36 2024 4 17 20 53 20
02 75 45 301 45 2024 4 17 20 53 20
02 83 06 063 28 2024 4 17 20 53 20
02 84 54 014 34 2024 4 17 20 53 20
02 85 37 285 47 2024 4 17 20 53 20
06 43 22 278 46 2024 4 17 20 53 20
10 21 27 134 40 2024 4 17 20 53 20
10 22 29 074 45 2024 4 17 20 53 20
10 25 39 257 42 2024 4 17 20 53 20
10 34 64 314 45 2024 4 17 20 53 20
10 43 22 278 41 2024 4 17 20 53 20
10 44 46 066 44 2024 4 17 20 53 20
11 21 27 134 37 2024 4 17 20 53 20
11 22 29 074 38 2024 4 17 20 53 20
11 23 20 311 42 2024 4 17 20 53 20
11 24 21 197 32 2024 4 17 20 53 20
11 25 39 257 42 2024 4 17 20 53 20
11 34 64 314 38 2024 4 17 20 53 20
11 43 22 278 40 2024 4 17 20 53 20
11 44 46 066 39 2024 4 17 20 53 20
07 02 61 286 42 2024 4 17 20 53 20
07 10 21 052 42 2024 4 17 20 53 20
07 11 48 044 42 2024 4 17 20 53 20
07 25 51 175 45 2024 4 17 20 53 20
07 30 15 319 39 2024 4 17 20 53 20
07 34 22 244 40 2024 4 17 20 53 20
07 36 72 277 38 2024 4 17 20 53 20
12 02 61 286 42 2024 4 17 20 53 20
12 10 21 052 39 2024 4 17 20 53 20
12 11 48 044 36 2024 4 17 20 53 20
12 25 51 175 41 2024 4 17 20 53 20
12 30 15 319 38 2024 4 17 20 53 20
12 34 22 244 42 2024 4 17 20 53 20
12 36 72 277 41 2024 4 17 20 53 20
01 05 37 176 43 2024 4 17 20 53 25
01 06 26 052 43 2024 4 17 20 53 25
01 11 65 038 44 2024 4 17 20 53 25
01 12 71 223 47 2024 4 17 20 53 25
01 19 12 098 44 2024 4 17 20 53 25
01 20 64 136 44 2024 4 17 20 53 25
01 25 54 291 43 2024 4 17 20 53 25
01 28 07 312 29 2024 4 17 20 53 25
01 29 22 296 41 2024 4 17 20 53 25
08 06 26 052 41 2024 4 17 20 53 25
08 25 54 291 43 2024 4 17 20 53 25
02 68 22 050 41 2024 4 17 20 53 25
02 69 24 104 44 2024 4 17 20 53 25
02 73 11 183 43 2024 4 17 20 53 25
02 74 44 216 37 2024 4 17 20 53 25
02 75 45 301 46 2024 4 17 20 53 25
02 83 06 063 27 2024 4 17 20 53 25
02 84 54 014 34 2024 4 17 20 53 25
02 85 37 285 48 2024 4 17 20 53 25
06 43 22 278 46 2024 4 17 20 53 25
10 21 27 134 40 2024 4 17 20 53 25
10 22 29 074 45 2024 4 17 20 53 25
10 25 39 257 42 2024 4 17 20 53 25
10 34 64 314 45 2024 4 17 20 53 25
10 43 22 278 40 2024 4 17 20 53 25
10 44 46 066 43 2024 4 17 20 53 25
11 21 27 134 37 2024 4 17 20 53 25
11 22 29 074 38 2024 4 17 20 53 25
11 23 20 311 42 2024 4 17 20 53 25
11 24 21 197 32 2024 4 17 20 53 25
11 25 39 257 42 2024 4 17 20 53 25
11 34 64 314 38 2024 4 17 20 53 25
11 43 22 278 40 2024 4 17 20 53 25
11 44 46 066 38 2024 4 17 20 53 25
07 02 61 286 42 2024 4 17 20 53 25
07 10 21 052 43 2024 4 17 20 53 25
07 11 48 044 42 2024 4 17 20 53 25
07 25 51 175 45 2024 4 17 20 53 25
07 30 15 319 39 2024 4 17 20 53 25
07 34 22 244 40 2024 4 17 20 53 25
07 36 72 277 38 2024 4 17 20 53 25
12 02 61 286 42 2024 4 17 20 53 25
12 10 21 052 39 2024 4 17 20 53 25
12 11 48 044 36 2024 4 17 20 53 25
12 25 51 175 41 2024 4 17 20 53 25
12 30 15 319 38 2024 4 17 20 53 25
12 34 22 244 41 2024 4 17 20 53 25
12 36 72 277 40 2024 4 17 20 53 25
01 05 37 176 44 2024 4 17 20 53 30
01 06 26 052 44 2024 4 17 20 53 30
01 11 65 038 46 2024 4 17 20 53 30
01 12 71 223 46 2024 4 17 20 53 30
01 19 12 098 43 2024 4 17 20 53 30
01 20 64 136 45 2024 4 17 20 53 30
01 25 54 290 43 2024 4 17 20 53 30
01 28 07 312 27 2024 4 17 20 53 30
01 29 23 296 41 2024 4 17 20 53 30
08 06 26 052 41 2024 4 17 20 53 30
08 25 54 290 43 2024 4 17 20 53 30
02 68 22 050 38 2024 4 17 20 53 30
02 69 25 104 44 2024 4 17 20 53 30
02 73 11 183 43 2024 4 17 20 53 30
02 74 44 216 38 2024 4 17 20 53 30
02 75 45 301 45 2024 4 17 20 53 30
02 83 06 063 26 2024 4 17 20 53 30
02 84 54 014 33 2024 4 17 20 53 30
02 85 37 285 47 2024 4 17 20 53 30
06 43 22 278 47 2024 4 17 20 53 30
10 21 27 134 40 2024 4 17 20 53 30
10 22 29 074 45 2024 4 17 20 53 30
10 25 39 257 42 2024 4 17 20 53 30
10 34 64 314 45 2024 4 17 20 53 30
10 43 22 278 41 2024 4 17 20 53 30
10 44 46 066 42 2024 4 17 20 53 30
11 21 27 134 37 2024 4 17 20 53 30
11 22 29 074 38 2024 4 17 20 53 30
11 23 20 311 42 2024 4 17 20 53 30
11 24 21 197 30 2024 4 17 20 53 30
11 25 39 257 42 2024 4 17 20 53 30
11 34 64 314 38 2024 4 17 20 53 30
11 43 22 278 40 2024 4 17 20 53 30
11 44 46 066 38 2024 4 17 20 53 30
07 02 61 286 42 2024 4 17 20 53 30
07 10 21 052 43 2024 4 17 20 53 30
07 11 48 044 42 2024 4 17 20 53 30
07 25 51 175 45 2024 4 17 20 53 30
07 30 15 319 39 2024 4 17 20 53 30
07 34 22 244 40 2024 4 17 20 53 30
07 36 72 277 39 2024 4 17 20 53 30
12 02 61 286 42 2024 4 17 20 53 30
12 10 21 052 38 2024 4 17 20 53 30
12 11 48 044 36 2024 4 17 20 53 30
12 25 51 175 41 2024 4 17 20 53 30
12 30 15 319 37 2024 4 17 20 53 30
12 34 22 244 42 2024 4 17 20 53 30
12 36 72 277 41 2024 4 17 20 53 30
01 05 37 176 44 2024 4 17 20 53 35
01 06 26 052 44 2024 4 17 20 53 35
01 11 65 038 45 2024 4 17 20 53 35
01 12 71 223 46 2024 4 17 20 53 35
01 19 12 098 43 2024 4 17 20 53 35
01 20 64 136 44 2024 4 17 20 53 35
01 25 54 290 42 2024 4 17 20 53 35
01 28 07 312 28 2024 4 17 20 53 35
01 29 23 296 41 2024 4 17 20 53 35
08 06 26 052 42 2024 4 17 20 53 35
08 25 54 290 43 2024 4 17 20 53 35
02 68 22 050 38 2024 4 17 20 53 35
02 69 25 104 45 2024 4 17 20 53 35
02 73 11 183 44 2024 4 17 20 53 35
02 74 44 216 39 2024 4 17 20 53 35
02 75 45 301 44 2024 4 17 20 53 35
02 83 06 063 28 2024 4 17 20 53 35
02 84 54 014 32 2024 4 17 20 53 35
02 85 37 285 48 2024 4 17 20 53 35
06 43 22 278 46 2024 4 17 20 53 35
10 21 27 134 41 2024 4 17 20 53 35
10 22 29 074 45 2024 4 17 20 53 35
10 25 39 256 42 2024 4 17 20 53 35
10 34 64 314 45 2024 4 17 20 53 35
10 43 22 278 41 2024 4 17 20 53 35
10 44 45 066 42 2024 4 17 20 53 35
11 21 27 134 37 2024 4 17 20 53 35
11 22 29 074 38 2024 4 17 20 53 35
11 23 20 311 43 2024 4 17 20 53 35
11 24 21 197 31 2024 4 17 20 53 35
11 25 39 256 42 2024 4 17 20 53 35
11 34 64 314 38 2024 4 17 20 53 35
11 43 22 278 40 2024 4 17 20 53 35
11 44 45 066 38 2024 4 17 20 53 35
07 02 62 286 42 2024 4 17 20 53 35
07 10 21 052 44 2024 4 17 20 53 35
07 11 48 044 42 2024 4 17 20 53 35
07 25 51 175 45 2024 4 17 20 53 35
07 30 15 319 38 2024 4 17 20 53 35
07 34 22 244 40 2024 4 17 20 53 35
07 36 72 278 39 2024 4 17 20 53 35
12 02 62 286 42 2024 4 17 20 53 35
12 10 21 052 38 2024 4 17 20 53 35
12 11 48 044 36 2024 4 17 20 53 35
12 25 51 175 42 2024 4 17 20 53 35
12 30 15 319 38 2024 4 17 20 53 35
12 34 22 244 42 2024 4 17 20 53 35
12 36 72 278 41 2024 4 17 20 53 35
01 05 37 176 45 2024 4 17 20 53 40
01 06 26 052 44 2024 4 17 20 53 40
01 11 65 038 45 2024 4 17 20 53 40
01 12 71 223 46 2024 4 17 20 53 40
01 19 12 098 43 2024 4 17 20 53 40
01 20 64 136 45 2024 4 17 20 53 40
01 25 54 290 42 2024 4 17 20 53 40
01 28 07 312 29 2024 4 17 20 53 40
01 29 23 296 41 2024 4 17 20 53 40
08 06 26 052 41 2024 4 17 20 53 40
08 25 54 290 42 2024 4 17 20 53 40
02 68 22 050 39 2024 4 17 20 53 40
02 69 25 104 45 2024 4 17 20 53 40
02 73 11 183 44 2024 4 17 20 53 40
02 74 44 216 40 2024 4 17 20 53 40
02 75 45 301 44 2024 4 17 20 53 40
02 83 06 063 28 2024 4 17 20 53 40
02 84 54 014 33 2024 4 17 20 53 40
02 85 37 285 47 2024 4 17 20 53 40
06 43 22 278 46 2024 4 17 20 53 40
10 21 27 134 41 2024 4 17 20 53 40
10 22 29 074 45 2024 4 17 20 53 40
10 25 39 256 42 2024 4 17 20 53 40
10 34 64 314 45 2024 4 17 20 53 40
10 43 22 278 41 2024 4 17 20 53 40
10 44 45 066 43 2024 4 17 20 53 40
11 21 27 134 37 2024 4 17 20 53 40
11 22 29 074 38 2024 4 17 20 53 40
11 23 20 311 43 2024 4 17 20 53 40
11 24 21 197 30 2024 4 17 20 53 40
11 25 39 256 42 2024 4 17 20 53 40
11 34 64 314 38 2024 4 17 20 53 40
11 43 22 278 40 2024 4 17 20 53 40
11 44 45 066 39 2024 4 17 20 53 40
07 02 62 286 42 2024 4 17 20 53 40
07 10 21 052 44 2024 4 17 20 53 40
07 11 48 044 42 2024 4 17 20 53 40
07 25 51 175 45 2024 4 17 20 53 40
07 30 15 319 39 2024 4 17 20 53 40
07 34 22 244 40 2024 4 17 20 53 40
07 36 72 278 39 2024 4 17 20 53 40
12 02 62 286 41 2024 4 17 20 53 40
12 10 21 052 38 2024 4 17 20 53 40
12 11 48 044 35 2024 4 17 20 53 40
12 25 51 175 42 2024 4 17 20 53 40
12 30 15 319 38 2024 4 17 20 53 40
12 34 22 244 42 2024 4 17 20 53 40
12 36 72 278 40 2024 4 17 20 53 40
01 05 37 176 45 2024 4 17 20 53 45
01 06 26 052 44 2024 4 17 20 53 45
01 11 65 038 44 2024 4 17 20 53 45
01 12 71 223 47 2024 4 17 20 53 45
01 19 12 098 42 2024 4 17 20 53 45
01 20 64 136 44 2024 4 17 20 53 45
01 25 54 290 43 2024 4 17 20 53 45
01 28 07 312 29 2024 4 17 20 53 45
01 29 23 296 41 2024 4 17 20 53 45
08 06 26 052 42 2024 4 17 20 53 45
08 25 54 290 43 2024 4 17 20 53 45
02 68 22 050 40 2024 4 17 20 53 45
02 69 25 104 46 2024 4 17 20 53 45
02 73 10 183 45 2024 4 17 20 53 45
02 74 44 216 41 2024 4 17 20 53 45
02 75 45 301 44 2024 4 17 20 53 45
02 83 06 063 27 2024 4 17 20 53 45
02 84 54 014 33 2024 4 17 20 53 45
02 85 37 285 48 2024 4 17 20 53 45
06 43 22 278 46 2024 4 17 20 53 45
10 21 27 133 41 2024 4 17 20 53 45
10 22 29 074 44 2024 4 17 20 53 45
10 25 39 256 42 2024 4 17 20 53 45
10 34 64 314 45 2024 4 17 20 53 45
10 43 22 278 41 2024 4 17 20 53 45
10 44 45 066 43 2024 4 17 20 53 45
11 21 27 133 37 2024 4 17 20 53 45
11 22 29 074 38 2024 4 17 20 53 45
11 23 20 311 44 2024 4 17 20 53 45
11 24 21 197 30 2024 4 17 20 53 45
11 25 39 256 42 2024 4 17 20 53 45
11 34 64 314 38 2024 4 17 20 53 45
11 43 22 278 40 2024 4 17 20 53 45
11 44 45 066 40 2024 4 17 20 53 45
07 02 62 286 42 2024 4 17 20 53 45
07 10 21 052 44 2024 4 17 20 53 45
07 11 48 044 42 2024 4 17 20 53 45
07 25 51 175 45 2024 4 17 20 53 45
07 30 15 319 38 2024 4 17 20 53 45
07 34 22 244 41 2024 4 17 20 53 45
07 36 72 278 40 2024 4 17 20 53 45
12 02 62 286 42 2024 4 17 20 53 45
12 10 21 052 38 2024 4 17 20 53 45
12 11 48 044 37 2024 4 17 20 53 45
12 25 51 175 42 2024 4 17 20 53 45
12 30 15 319 38 2024 4 17 20 53 45
12 34 22 244 42 2024 4 17 20 53 45
12 36 72 278 41 2024 4 17 20 53 45
01 05 37 176 45 2024 4 17 20 53 50
01 06 26 052 43 2024 4 17 20 53 50
01 11 65 038 44 2024 4 17 20 53 50
01 12 71 223 48 2024 4 17 20 53 50
01 19 12 098 44 2024 4 17 20 53 50
01 20 64 136 46 2024 4 17 20 53 50
01 25 54 290 43 2024 4 17 20 53 50
01 28 07 312 30 2024 4 17 20 53 50
01 29 23 296 41 2024 4 17 20 53 50
08 06 26 052 43 2024 4 17 20 53 50
08 25 54 290 43 2024 4 17 20 53 50
02 68 22 050 40 2024 4 17 20 53 50
02 69 25 104 45 2024 4 17 20 53 50
02 73 10 183 45 2024 4 17 20 53 50
02 74 44 216 40 2024 4 17 20 53 50
02 75 45 301 45 2024 4 17 20 53 50
02 83 06 063 28 2024 4 17 20 53 50
02 84 54 014 32 2024 4 17 20 53 50
02 85 37 285 47 2024 4 17 20 53 50
06 43 22 278 46 2024 4 17 20 53 50
10 21 27 133 42 2024 4 17 20 53 50
10 22 29 074 44 2024 4 17 20 53 50
10 25 39 256 42 2024 4 17 20 53 50
10 34 64 314 45 2024 4 17 20 53 50
10 43 22 278 41 2024 4 17 20 53 50
10 44 45 066 43 2024 4 17 20 53 50
11 21 27 133 37 2024 4 17 20 53 50
11 22 29 074 39 2024 4 17 20 53 50
11 23 20 311 44 2024 4 17 20 53 50
11 24 21 196 30 2024 4 17 20 53 50
11 25 39 256 42 2024 4 17 20 53 50
11 34 64 314 38 2024 4 17 20 53 50
11 43 22 278 40 2024 4 17 20 53 50
11 44 45 066 40 2024 4 17 20 53 50
07 02 62 285 42 2024 4 17 20 53 50
07 10 21 052 43 2024 4 17 20 53 50
07 11 48 044 42 2024 4 17 20 53 50
07 25 51 175 45 2024 4 17 20 53 50
07 30 15 319 38 2024 4 17 20 53 50
07 34 22 244 40 2024 4 17 20 53 50
07 36 72 278 40 2024 4 17 20 53 50
12 02 62 285 41 2024 4 17 20 53 50
12 04 05 085 28 2024 4 17 20 53 50
12 10 21 052 39 2024 4 17 20 53 50
12 11 48 044 38 2024 4 17 20 53 50
12 25 51 175 42 2024 4 17 20 53 50
12 30 15 319 38 2024 4 17 20 53 50
12 34 22 244 42 2024 4 17 20 53 50
12 36 72 278 41 2024 4 17 20 53 50
01 05 37 176 44 2024 4 17 20 53 55
01 06 26 052 43 2024 4 17 20 53 55
01 11 64 038 44 2024 4 17 20 53 55
01 12 70 222 46 2024 4 17 20 53 55
01 19 12 098 44 2024 4 17 20 53 55
01 20 64 136 46 2024 4 17 20 53 55
01 25 54 290 43 2024 4 17 20 53 55
01 28 07 312 24 2024 4 17 20 53 55
01 29 23 296 40 2024 4 17 20 53 55
08 06 26 052 43 2024 4 17 20 53 55
08 25 54 290 43 2024 4 17 20 53 55
02 68 22 050 39 2024 4 17 20 53 55
02 69 25 104 46 2024 4 17 20 53 55
02 73 10 183 44 2024 4 17 20 53 55
02 74 44 216 41 2024 4 17 20 53 55
02 75 45 301 46 2024 4 17 20 53 55
02 83 06 063 27 2024 4 17 20 53 55
02 84 54 014 31 2024 4 17 20 53 55
02 85 37 285 47 2024 4 17 20 53 55
06 43 22 278 46 2024 4 17 20 53 55
10 21 27 133 43 2024 4 17 20 53 55
10 22 29 074 44 2024 4 17 20 53 55
10 25 39 256 42 2024 4 17 20 53 55
10 34 64 314 45 2024 4 17 20 53 55
10 43 22 278 40 2024 4 17 20 53 55
10 44 45 066 43 2024 4 17 20 53 55
11 21 27 133 38 2024 4 17 20 53 55
11 22 29 074 39 2024 4 17 20 53 55
11 23 20 311 44 2024 4 17 20 53 55
11 24 21 196 29 2024 4 17 20 53 55
11 25 39 256 42 2024 4 17 20 53 55
11 34 64 314 38 2024 4 17 20 53 55
11 43 22 278 40 2024 4 17 20 53 55
11 44 45 066 40 2024 4 17 20 53 55
07 02 62 285 42 2024 4 17 20 53 55
07 10 21 052 42 2024 4 17 20 53 55
07 11 48 044 42 2024 4 17 20 53 55
07 25 51 175 45 2024 4 17 20 53 55
07 30 15 319 38 2024 4 17 20 53 55
07 34 22 244 40 2024 4 17 20 53 55
07 36 72 278 40 2024 4 17 20 53 55
12 02 62 285 42 2024 4 17 20 53 55
12 04 05 085 39 2024 4 17 20 53 55
12 10 21 052 39 2024 4 17 20 53 55
12 11 48 044 38 2024 4 17 20 53 55
12 25 51 175 42 2024 4 17 20 53 55
12 30 15 319 38 2024 4 17 20 53 55
12 34 22 244 42 2024 4 17 20 53 55
12 36 72 278 41 2024 4 17 20 53 55
01 05 37 176 46 2024 4 17 20 54 0
01 06 26 052 44 2024 4 17 20 54 0
01 11 64 038 44 2024 4 17 20 54 0
01 12 70 222 47 2024 4 17 20 54 0
01 19 11 098 43 2024 4 17 20 54 0
01 20 64 136 45 2024 4 17 20 54 0
01 25 54 290 42 2024 4 17 20 54 0
01 28 07 312 27 2024 4 17 20 54 0
01 29 23 296 41 2024 4 17 20 54 0
08 06 26 052 41 2024 4 17 20 54 0
08 25 54 290 43 2024 4 17 20 54 0
02 68 22 049 41 2024 4 17 20 54 0
02 69 25 104 45 2024 4 17 20 54 0
02 73 10 183 45 2024 4 17 20 54 0
02 74 44 216 40 2024 4 17 20 54 0
02 75 45 301 46 2024 4 17 20 54 0
02 83 06 063 30 2024 4 17 20 54 0
02 84 54 014 31 2024 4 17 20 54 0
02 85 37 285 47 2024 4 17 20 54 0
06 43 22 278 46 2024 4 17 20 54 0
10 21 27 133 42 2024 4 17 20 54 0
10 22 29 074 44 2024 4 17 20 54 0
10 25 39 256 41 2024 4 17 20 54 0
10 34 64 314 45 2024 4 17 20 54 0
10 43 22 278 40 2024 4 17 20 54 0
10 44 45 066 43 2024 4 17 20 54 0
11 21 27 133 38 2024 4 17 20 54 0
11 22 29 074 38 2024 4 17 20 54 0
11 23 20 311 44 2024 4 17 20 54 0
11 24 21 196 29 2024 4 17 20 54 0
11 25 39 256 42 2024 4 17 20 54 0
11 34 64 314 38 2024 4 17 20 54 0
11 43 22 278 40 2024 4 17 20 54 0
11 44 45 066 38 2024 4 17 20 54 0
07 02 62 285 43 2024 4 17 20 54 0
07 10 21 052 43 2024 4 17 20 54 0
07 11 48 044 42 2024 4 17 20 54 0
07 25 51 175 45 2024 4 17 20 54 0
07 30 15 319 38 2024 4 17 20 54 0
07 34 22 244 40 2024 4 17 20 54 0
07 36 72 278 40 2024 4 17 20 54 0
12 02 62 285 41 2024 4 17 20 54 0
12 04 05 085 39 2024 4 17 20 54 0
12 10 21 052 40 2024 4 17 20 54 0
12 11 48 044 37 2024 4 17 20 54 0
12 25 51 175 41 2024 4 17 20 54 0
12 30 15 319 38 2024 4 17 20 54 0
12 34 22 244 42 2024 4 17 20 54 0
12 36 72 278 40 2024 4 17 20 54 0
01 05 37 176 46 2024 4 17 20 54 5
01 06 26 052 44 2024 4 17 20 54 5
01 11 64 038 44 2024 4 17 20 54 5
01 12 70 222 46 2024 4 17 20 54 5
01 19 11 098 44 2024 4 17 20 54 5
01 20 64 136 45 2024 4 17 20 54 5
01 25 54 290 42 2024 4 17 20 54 5
01 28 07 312 26 2024 4 17 20 54 5
01 29 23 296 40 2024 4 17 20 54 5
08 06 26 052 43 2024 4 17 20 54 5
08 25 54 290 43 2024 4 17 20 54 5
02 68 22 049 40 2024 4 17 20 54 5
02 69 25 104 46 2024 4 17 20 54 5
02 73 10 183 45 2024 4 17 20 54 5
02 74 44 216 40 2024 4 17 20 54 5
02 75 45 301 46 2024 4 17 20 54 5
02 83 06 063 30 2024 4 17 20 54 5
02 84 54 014 30 2024 4 17 20 54 5
02 85 37 285 47 2024 4 17 20 54 5
06 43 22 278 46 2024 4 17 20 54 5
10 21 27 133 42 2024 4 17 20 54 5
10 22 29 074 44 2024 4 17 20 54 5
10 25 39 256 41 2024 4 17 20 54 5
10 34 64 314 45 2024 4 17 20 54 5
10 43 22 278 40 2024 4 17 20 54 5
10 44 45 066 43 2024 4 17 20 54 5
11 21 27 133 37 2024 4 17 20 54 5
11 22 29 074 38 2024 4 17 20 54 5
11 23 20 311 44 2024 4 17 20 54 5
11 24 21 196 29 2024 4 17 20 54 5
11 25 39 256 42 2024 4 17 20 54 5
11 34 64 314 38 2024 4 17 20 54 5
11 43 22 278 40 2024 4 17 20 54 5
11 44 45 066 38 2024 4 17 20 54 5
07 02 62 285 42 2024 4 17 20 54 5
07 10 21 052 44 2024 4 17 20 54 5
07 11 48 044 42 2024 4 17 20 54 5
07 25 50 175 45 2024 4 17 20 54 5
07 30 15 319 39 2024 4 17 20 54 5
07 34 22 244 40 2024 4 17 20 54 5
07 36 72 278 41 2024 4 17 20 54 5
12 02 62 285 42 2024 4 17 20 54 5
12 04 06 085 40 2024 4 17 20 54 5
12 10 21 052 39 2024 4 17 20 54 5
12 11 48 044 38 2024 4 17 20 54 5
12 25 50 175 42 2024 4 17 20 54 5
12 30 15 319 39 2024 4 17 20 54 5
12 34 22 244 42 2024 4 17 20 54 5
12 36 72 278 41 2024 4 17 20 54 5
01 05 37 176 46 2024 4 17 20 54 10
01 06 26 052 44 2024 4 17 20 54 10
01 11 64 038 44 2024 4 17 20 54 10
01 12 70 222 46 2024 4 17 20 54 10
01 19 11 098 43 2024 4 17 20 54 10
01 20 64 136 44 2024 4 17 20 54 10
01 25 54 290 42 2024 4 17 20 54 10
01 28 07 312 29 2024 4 17 20 54 10
01 29 23 296 41 2024 4 17 20 54 10
08 06 26 052 43 2024 4 17 20 54 10
08 25 54 290 43 2024 4 17 20 54 10
02 68 22 049 40 2024 4 17 20 54 10
02 69 25 104 46 2024 4 17 20 54 10
02 73 10 183 46 2024 4 17 20 54 10
02 74 44 216 40 2024 4 17 20 54 10
02 75 45 301 45 2024 4 17 20 54 10
02 83 06 063 29 2024 4 17 20 54 10
02 84 54 014 32 2024 4 17 20 54 10
02 85 37 285 47 2024 4 17 20 54 10
06 43 22 278 46 2024 4 17 20 54 10
10 21 27 133 42 2024 4 17 20 54 10
10 22 29 074 44 2024 4 17 20 54 10
10 25 39 256 41 2024 4 17 20 54 10
10 34 64 314 45 2024 4 17 20 54 10
10 43 22 278 41 2024 4 17 20 54 10
10 44 45 066 43 2024 4 17 20 54 10
11 21 27 133 38 2024 4 17 20 54 10
11 22 29 074 37 2024 4 17 20 54 10
11 23 20 311 44 2024 4 17 20 54 10
11 24 21 196 28 2024 4 17 20 54 10
11 25 39 256 42 2024 4 17 20 54 10
11 34 64 314 38 2024 4 17 20 54 10
11 43 22 278 40 2024 4 17 20 54 10
11 44 45 066 38 2024 4 17 20 54 10
07 02 62 285 43 2024 4 17 20 54 10
07 10 21 052 44 2024 4 17 20 54 10
07 11 48 044 42 2024 4 17 20 54 10
07 25 50 175 45 2024 4 17 20 54 10
07 30 15 319 39 2024 4 17 20 54 10
07 34 22 244 40 2024 4 17 20 54 10
07 36 72 278 40 2024 4 17 20 54 10
12 02 62 285 41 2024 4 17 20 54 10
12 04 06 085 39 2024 4 17 20 54 10
12 10 21 052 39 2024 4 17 20 54 10
12 11 48 044 37 2024 4 17 20 54 10
12 25 50 175 41 2024 4 17 20 54 10
12 30 15 319 39 2024 4 17 20 54 10
12 34 22 244 42 2024 4 17 20 54 10
12 36 72 278 40 2024 4 17 20 54 10
01 05 37 176 46 2024 4 17 20 54 15
01 06 26 052 44 2024 4 17 20 54 15
01 11 64 038 44 2024 4 17 20 54 15
01 12 70 222 46 2024 4 17 20 54 15
01 19 11 098 42 2024 4 17 20 54 15
01 20 64 136 46 2024 4 17 20 54 15
01 25 54 290 43 2024 4 17 20 54 15
01 28 07 312 32 2024 4 17 20 54 15
01 29 23 296 42 2024 4 17 20 54 15
08 06 26 052 44 2024 4 17 20 54 15
08 25 54 290 43 2024 4 17 20 54 15
02 68 22 049 40 2024 4 17 20 54 15
02 69 25 103 45 2024 4 17 20 54 15
02 73 10 183 45 2024 4 17 20 54 15
02 74 43 216 40 2024 4 17 20 54 15
02 75 45 301 45 2024 4 17 20 54 15
02 83 06 063 28 2024 4 17 20 54 15
02 84 54 014 31 2024 4 17 20 54 15
02 85 37 285 46 2024 4 17 20 54 15
06 43 22 278 46 2024 4 17 20 54 15
10 21 27 133 42 2024 4 17 20 54 15
10 22 29 074 44 2024 4 17 20 54 15
10 25 39 256 42 2024 4 17 20 54 15
10 34 64 314 45 2024 4 17 20 54 15
10 43 22 278 40 2024 4 17 20 54 15
10 44 45 066 43 2024 4 17 20 54 15
11 21 27 133 38 2024 4 17 20 54 15
11 22 29 074 38 2024 4 17 20 54 15
11 23 20 311 44 2024 4 17 20 54 15
11 24 21 196 30 2024 4 17 20 54 15
11 25 39 256 43 2024 4 17 20 54 15
11 34 64 314 38 2024 4 17 20 54 15
11 43 22 278 41 2024 4 17 20 54 15
11 44 45 066 39 2024 4 17 20 54 15
07 02 62 285 43 2024 4 17 20 54 15
07 10 21 052 44 2024 4 17 20 54 15
07 11 48 044 43 2024 4 17 20 54 15
07 25 50 175 44 2024 4 17 20 54 15
07 30 15 319 39 2024 4 17 20 54 15
07 34 22 244 40 2024 4 17 20 54 15
07 36 72 278 40 2024 4 17 20 54 15
12 02 62 285 41 2024 4 17 20 54 15
12 04 06 085 41 2024 4 17 20 54 15
12 10 21 052 39 2024 4 17 20 54 15
12 11 48 044 38 2024 4 17 20 54 15
12 25 50 175 43 2024 4 17 20 54 15
12 30 15 319 39 2024 4 17 20 54 15
12 34 22 244 42 2024 4 17 20 54 15
12 36 72 278 41 2024 4 17 20 54 15
01 05 37 176 45 2024 4 17 20 54 20
01 06 26 052 44 2024 4 17 20 54 20
01 11 64 038 44 2024 4 17 20 54 20
01 12 70 222 46 2024 4 17 20 54 20
01 19 11 098 42 2024 4 17 20 54 20
01 20 64 136 46 2024 4 17 20 54 20
01 25 54 290 42 2024 4 17 20 54 20
01 28 07 312 33 2024 4 17 20 54 20
01 29 23 296 41 2024 4 17 20 54 20
08 06 26 052 43 2024 4 17 20 54 20
08 25 54 290 43 2024 4 17 20 54 20
02 68 22 049 39 2024 4 17 20 54 20
02 69 25 103 46 2024 4 17 20 54 20
02 73 10 183 46 2024 4 17 20 54 20
02 74 43 216 40 2024 4 17 20 54 20
02 75 45 301 46 2024 4 17 20 54 20
02 83 06 063 30 2024 4 17 20 54 20
02 84 54 014 31 2024 4 17 20 54 20
02 85 37 285 46 2024 4 17 20 54 20
06 43 22 278 46 2024 4 17 20 54 20
10 21 27 133 41 2024 4 17 20 54 20
10 22 29 074 44 2024 4 17 20 54 20
10 25 39 256 42 2024 4 17 20 54 20
10 34 64 314 45 2024 4 17 20 54 20
10 43 22 278 41 2024 4 17 20 54 20
10 44 45 066 43 2024 4 17 20 54 20
11 21 27 133 37 2024 4 17 20 54 20
11 22 29 074 38 2024 4 17 20 54 20
11 23 20 311 44 2024 4 17 20 54 20
11 24 21 196 28 2024 4 17 20 54 20
11 25 39 256 42 2024 4 17 20 54 20
11 34 64 314 38 2024 4 17 20 54 20
11 43 22 278 40 2024 4 17 20 54 20
11 44 45 066 38 2024 4 17 20 54 20
07 02 62 285 42 2024 4 17 20 54 20
07 10 21 052 44 2024 4 17 20 54 20
07 11 48 044 43 2024 4 17 20 54 20
07 25 50 175 45 2024 4 17 20 54 20
07 30 15 319 38 2024 4 17 20 54 20
07 34 22 244 40 2024 4 17 20 54 20
07 36 72 278 40 2024 4 17 20 54 20
12 02 62 285 41 2024 4 17 20 54 20
12 04 06 085 40 2024 4 17 20 54 20
12 10 21 052 38 2024 4 17 20 54 20
12 11 48 044 38 2024 4 17 20 54 20
12 25 50 175 42 2024 4 17 20 54 20
12 30 15 319 38 2024 4 17 20 54 20
12 34 22 244 42 2024 4 17 20 54 20
12 36 72 278 40 2024 4 17 20 54 20
01 05 37 176 46 2024 4 17 20 54 25
01 06 26 052 44 2024 4 17 20 54 25
01 11 64 038 43 2024 4 17 20 54 25
01 12 70 222 47 2024 4 17 20 54 25
01 19 11 098 43 2024 4 17 20 54 25
01 20 64 135 46 2024 4 17 20 54 25
01 25 54 290 43 2024 4 17 20 54 25
01 28 07 312 33 2024 4 17 20 54 25
01 29 23 296 42 2024 4 17 20 54 25
08 06 26 052 43 2024 4 17 20 54 25
08 25 54 290 43 2024 4 17 20 54 25
02 68 22 049 40 2024 4 17 20 54 25
02 69 25 103 47 2024 4 17 20 54 25
02 73 10 183 47 2024 4 17 20 54 25
02 74 43 216 41 2024 4 17 20 54 25
02 75 45 300 46 2024 4 17 20 54 25
02 83 06 063 30 2024 4 17 20 54 25
02 84 54 015 30 2024 4 17 20 54 25
02 85 37 285 46 2024 4 17 20 54 25
06 43 22 278 46 2024 4 17 20 54 25
10 21 27 133 41 2024 4 17 20 54 25
10 22 29 074 44 2024 4 17 20 54 25
10 25 39 256 42 2024 4 17 20 54 25
10 34 64 314 45 2024 4 17 20 54 25
10 43 22 278 40 2024 4 17 20 54 25
10 44 45 066 43 2024 4 17 20 54 25
11 21 27 133 38 2024 4 17 20 54 25
11 22 29 074 38 2024 4 17 20 54 25
11 23 20 311 44 2024 4 17 20 54 25
11 24 21 196 28 2024 4 17 20 54 25
11 25 39 256 42 2024 4 17 20 54 25
11 34 64 314 38 2024 4 17 20 54 25
11 43 22 278 40 2024 4 17 20 54 25
11 44 45 066 38 2024 4 17 20 54 25
07 02 62 285 43 2024 4 17 20 54 25
07 10 21 052 44 2024 4 17 20 54 25
07 11 48 044 43 2024 4 17 20 54 25
07 25 50 175 45 2024 4 17 20 54 25
07 30 15 319 37 2024 4 17 20 54 25
07 34 22 244 40 2024 4 17 20 54 25
07 36 72 278 39 2024 4 17 20 54 25
12 02 62 285 41 2024 4 17 20 54 25
12 04 06 085 40 2024 4 17 20 54 25
12 10 21 052 38 2024 4 17 20 54 25
12 11 48 044 37 2024 4 17 20 54 25
12 25 50 175 42 2024 4 17 20 54 25
12 30 15 319 39 2024 4 17 20 54 25
12 34 22 244 42 2024 4 17 20 54 25
12 36 72 278 41 2024 4 17 20 54 25
01 05 37 176 45 2024 4 17 20 54 30
01 06 26 052 44 2024 4 17 20 54 30
01 11 64 038 44 2024 4 17 20 54 30
01 12 70 222 46 2024 4 17 20 54 30
01 19 11 098 43 2024 4 17 20 54 30
01 20 64 135 46 2024 4 17 20 54 30
01 25 54 290 42 2024 4 17 20 54 30
01 28 07 312 32 2024 4 17 20 54 30
01 29 23 296 42 2024 4 17 20 54 30
08 06 26 052 44 2024 4 17 20 54 30
08 25 54 290 43 2024 4 17 20 54 30
02 68 22 049 40 2024 4 17 20 54 30
02 69 25 103 46 2024 4 17 20 54 30
02 73 10 183 47 2024 4 17 20 54 30
02 74 43 216 41 2024 4 17 20 54 30
02 75 45 300 46 2024 4 17 20 54 30
02 83 06 063 30 2024 4 17 20 54 30
02 84 54 015 31 2024 4 17 20 54 30
02 85 37 285 47 2024 4 17 20 54 30
06 43 22 278 45 2024 4 17 20 54 30
10 21 27 133 41 2024 4 17 20 54 30
10 22 29 074 44 2024 4 17 20 54 30
10 25 39 256 42 2024 4 17 20 54 30
10 34 64 315 45 2024 4 17 20 54 30
10 43 22 278 40 2024 4 17 20 54 30
10 44 45 066 43 2024 4 17 20 54 30
11 21 27 133 38 2024 4 17 20 54 30
11 22 29 074 38 2024 4 17 20 54 30
11 23 20 311 44 2024 4 17 20 54 30
11 24 21 196 28 2024 4 17 20 54 30
11 25 39 256 43 2024 4 17 20 54 30
11 34 64 315 39 2024 4 17 20 54 30
11 43 22 278 40 2024 4 17 20 54 30
11 44 45 066 39 2024 4 17 20 54 30
07 02 62 285 43 2024 4 17 20 54 30
07 10 21 052 44 2024 4 17 20 54 30
07 11 48 044 43 2024 4 17 20 54 30
07 25 50 175 45 2024 4 17 20 54 30
07 30 15 319 37 2024 4 17 20 54 30
07 34 22 245 40 2024 4 17 20 54 30
07 36 72 279 39 2024 4 17 20 54 30
12 02 62 285 42 2024 4 17 20 54 30
12 04 06 085 41 2024 4 17 20 54 30
12 10 21 052 38 2024 4 17 20 54 30
12 11 48 044 38 2024 4 17 20 54 30
12 25 50 175 43 2024 4 17 20 54 30
12 30 15 319 39 2024 4 17 20 54 30
12 34 22 245 43 2024 4 17 20 54 30
12 36 72 279 41 2024 4 17 20 54 30
01 05 37 176 45 2024 4 17 20 54 35
01 06 26 052 44 2024 4 17 20 54 35
01 11 64 038 44 2024 4 17 20 54 35
01 12 70 222 47 2024 4 17 20 54 35
01 19 11 098 42 2024 4 17 20 54 35
01 20 64 135 45 2024 4 17 20 54 35
01 25 54 290 42 2024 4 17 20 54 35
01 28 07 312 31 2024 4 17 20 54 35
01 29 23 296 42 2024 4 17 20 54 35
08 06 26 052 43 2024 4 17 20 54 35
08 25 54 290 43 2024 4 17 20 54 35
02 68 22 049 39 2024 4 17 20 54 35
02 69 25 103 47 2024 4 17 20 54 35
02 73 10 183 47 2024 4 17 20 54 35
02 74 43 216 41 2024 4 17 20 54 35
02 75 45 300 46 2024 4 17 20 54 35
02 83 06 063 30 2024 4 17 20 54 35
02 84 54 015 31 2024 4 17 20 54 35
02 85 37 285 47 2024 4 17 20 54 35
06 43 22 278 45 2024 4 17 20 54 35
10 21 27 133 41 2024 4 17 20 54 35
10 22 29 074 44 2024 4 17 20 54 35
10 25 39 256 41 2024 4 17 20 54 35
10 34 64 315 45 2024 4 17 20 54 35
10 43 22 278 40 2024 4 17 20 54 35
10 44 45 066 43 2024 4 17 20 54 35
11 21 27 133 38 2024 4 17 20 54 35
11 22 29 074 38 2024 4 17 20 54 35
11 23 20 311 44 2024 4 17 20 54 35
11 24 21 196 27 2024 4 17 20 54 35
11 25 39 256 43 2024 4 17 20 54 35
11 34 64 315 39 2024 4 17 20 54 35
11 43 22 278 40 2024 4 17 20 54 35
11 44 45 066 38 2024 4 17 20 54 35
07 02 62 285 42 2024 4 17 20 54 35
07 10 21 052 44 2024 4 17 20 54 35
07 11 48 044 43 2024 4 17 20 54 35
07 25 50 175 45 2024 4 17 20 54 35
07 30 15 319 37 2024 4 17 20 54 35
07 34 22 245 40 2024 4 17 20 54 35
07 36 72 279 40 2024 4 17 20 54 35
12 02 62 285 41 2024 4 17 20 54 35
12 04 06 085 41 2024 4 17 20 54 35
12 10 21 052 36 2024 4 17 20 54 35
12 11 48 044 37 2024 4 17 20 54 35
12 25 50 175 43 2024 4 17 20 54 35
12 30 15 319 38 2024 4 17 20 54 35
12 34 22 245 42 2024 4 17 20 54 35
12 36 72 279 40 2024 4 17 20 54 35
01 05 37 176 45 2024 4 17 20 54 40
01 06 26 052 44 2024 4 17 20 54 40
01 11 64 038 44 2024 4 17 20 54 40
01 12 70 222 47 2024 4 17 20 54 40
01 19 11 098 42 2024 4 17 20 54 40
01 20 64 135 45 2024 4 17 20 54 40
01 25 54 290 41 2024 4 17 20 54 40
01 28 07 312 30 2024 4 17 20 54 40
01 29 23 296 42 2024 4 17 20 54 40
08 06 26 052 44 2024 4 17 20 54 40
08 25 54 290 44 2024 4 17 20 54 40
02 68 22 049 38 2024 4 17 20 54 40
02 69 25 103 47 2024 4 17 20 54 40
02 73 10 183 48 2024 4 17 20 54 40
02 74 43 215 41 2024 4 17 20 54 40
02 75 45 300 46 2024 4 17 20 54 40
02 83 06 063 30 2024 4 17 20 54 40
02 84 54 015 31 2024 4 17 20 54 40
02 85 38 285 47 2024 4 17 20 54 40
06 43 22 278 46 2024 4 17 20 54 40
10 21 28 133 41 2024 4 17 20 54 40
10 22 29 074 45 2024 4 17 20 54 40
10 25 39 256 41 2024 4 17 20 54 40
10 34 64 315 45 2024 4 17 20 54 40
10 43 22 278 41 2024 4 17 20 54 40
10 44 45 066 43 2024 4 17 20 54 40
11 21 28 133 38 2024 4 17 20 54 40
11 22 29 074 38 2024 4 17 20 54 40
11 23 20 310 44 2024 4 17 20 54 40
11 24 21 196 28 2024 4 17 20 54 40
11 25 39 256 43 2024 4 17 20 54 40
11 34 64 315 39 2024 4 17 20 54 40
11 43 22 278 40 2024 4 17 20 54 40
11 44 45 066 38 2024 4 17 20 54 40
07 02 62 285 42 2024 4 17 20 54 40
07 10 21 052 44 2024 4 17 20 54 40
07 11 48 044 43 2024 4 17 20 54 40
07 25 50 175 45 2024 4 17 20 54 40
07 30 15 319 37 2024 4 17 20 54 40
07 34 22 245 39 2024 4 17 20 54 40
07 36 72 279 40 2024 4 17 20 54 40
12 02 62 285 41 2024 4 17 20 54 40
12 04 06 085 41 2024 4 17 20 54 40
12 10 21 052 37 2024 4 17 20 54 40
12 11 48 044 37 2024 4 17 20 54 40
12 25 50 175 43 2024 4 17 20 54 40
12 30 15 319 37 2024 4 17 20 54 40
12 34 22 245 42 2024 4 17 20 54 40
12 36 72 279 41 2024 4 17 20 54 40
01 05 37 176 46 2024 4 17 20 54 45
01 06 26 052 45 2024 4 17 20 54 45
01 11 64 038 45 2024 4 17 20 54 45
01 12 70 222 47 2024 4 17 20 54 45
01 19 11 098 41 2024 4 17 20 54 45
01 20 64 135 45 2024 4 17 20 54 45
01 25 54 290 40 2024 4 17 20 54 45
01 28 07 312 26 2024 4 17 20 54 45
01 29 23 296 43 2024 4 17 20 54 45
08 06 26 052 44 2024 4 17 20 54 45
08 25 54 290 44 2024 4 17 20 54 45
02 68 22 049 37 2024 4 17 20 54 45
02 69 25 103 47 2024 4 17 20 54 45
02 73 10 183 48 2024 4 17 20 54 45
02 74 43 215 41 2024 4 17 20 54 45
02 75 45 300 46 2024 4 17 20 54 45
02 83 06 063 29 2024 4 17 20 54 45
02 84 54 015 30 2024 4 17 20 54 45
02 85 38 285 47 2024 4 17 20 54 45
06 43 22 278 46 2024 4 17 20 54 45
10 21 28 133 41 2024 4 17 20 54 45
10 22 29 074 45 2024 4 17 20 54 45
10 25 39 256 41 2024 4 17 20 54 45
10 34 64 315 45 2024 4 17 20 54 45
10 43 22 278 41 2024 4 17 20 54 45
10 44 45 066 43 2024 4 17 20 54 45
11 21 28 133 38 2024 4 17 20 54 45
11 22 29 074 38 2024 4 17 20 54 45
11 23 20 310 45 2024 4 17 20 54 45
11 24 21 196 29 2024 4 17 20 54 45
11 25 39 256 43 2024 4 17 20 54 45
11 34 64 315 39 2024 4 17 20 54 45
11 43 22 278 40 2024 4 17 20 54 45
11 44 45 066 38 2024 4 17 20 54 45
07 02 62 285 42 2024 4 17 20 54 45
07 10 21 052 44 2024 4 17 20 54 45
07 11 48 044 43 2024 4 17 20 54 45
07 25 50 175 45 2024 4 17 20 54 45
07 30 15 319 38 2024 4 17 20 54 45
07 34 22 245 39 2024 4 17 20 54 45
07 36 72 279 40 2024 4 17 20 54 45
12 02 62 285 41 2024 4 17 20 54 45
12 04 06 084 41 2024 4 17 20 54 45
12 10 21 052 36 2024 4 17 20 54 45
12 11 48 044 37 2024 4 17 20 54 45
12 25 50 175 43 2024 4 17 20 54 45
12 30 15 319 37 2024 4 17 20 54 45
12 34 22 245 42 2024 4 17 20 54 45
12 36 72 279 41 2024 4 17 20 54 45
01 05 37 176 43 2024 4 17 20 54 50
01 06 26 052 43 2024 4 17 20 54 50
01 11 64 038 43 2024 4 17 20 54 50
01 12 70 221 45 2024 4 17 20 54 50
01 19 11 098 40 2024 4 17 20 54 50
01 20 64 135 42 2024 4 17 20 54 50
01 25 54 290 40 2024 4 17 20 54 50
01 28 07 312 22 2024 4 17 20 54 50
01 29 23 296 41 2024 4 17 20 54 50
08 06 26 052 44 2024 4 17 20 54 50
08 25 54 290 43 2024 4 17 20 54 50
02 68 22 049 37 2024 4 17 20 54 50
02 69 25 103 45 2024 4 17 20 54 50
02 73 10 183 45 2024 4 17 20 54 50
02 74 43 215 41 2024 4 17 20 54 50
02 75 45 300 44 2024 4 17 20 54 50
02 83 06 063 30 2024 4 17 20 54 50
02 84 54 015 30 2024 4 17 20 54 50
02 85 38 285 45 2024 4 17 20 54 50
06 43 22 278 44 2024 4 17 20 54 50
10 21 28 133 41 2024 4 17 20 54 50
10 22 29 074 43 2024 4 17 20 54 50
10 25 39 256 40 2024 4 17 20 54 50
10 34 64 315 44 2024 4 17 20 54 50
10 43 22 278 40 2024 4 17 20 54 50
10 44 45 066 42 2024 4 17 20 54 50
11 21 28 133 38 2024 4 17 20 54 50
11 22 29 074 38 2024 4 17 20 54 50
11 23 20 310 44 2024 4 17 20 54 50
11 24 21 196 29 2024 4 17 20 54 50
11 25 39 256 42 2024 4 17 20 54 50
11 34 64 315 39 2024 4 17 20 54 50
11 43 22 278 40 2024 4 17 20 54 50
11 44 45 066 38 2024 4 17 20 54 50
07 02 62 285 41 2024 4 17 20 54 50
07 10 21 052 43 2024 4 17 20 54 50
07 11 48 044 42 2024 4 17 20 54 50
07 25 50 175 44 2024 4 17 20 54 50
07 30 15 319 38 2024 4 17 20 54 50
07 34 22 245 39 2024 4 17 20 54 50
07 36 72 279 40 2024 4 17 20 54 50
12 02 62 285 41 2024 4 17 20 54 50
12 04 06 084 41 2024 4 17 20 54 50
12 10 21 052 37 2024 4 17 20 54 50
12 11 48 044 37 2024 4 17 20 54 50
12 25 50 175 43 2024 4 17 20 54 50
12 30 15 319 37 2024 4 17 20 54 50
12 34 22 245 42 2024 4 17 20 54 50
12 36 72 279 41 2024 4 17 20 54 50
01 05 37 176 46 2024 4 17 20 54 55
01 06 26 052 45 2024 4 17 20 54 55
01 11 64 038 46 2024 4 17 20 54 55
01 12 70 221 46 2024 4 17 20 54 55
01 19 11 098 41 2024 4 17 20 54 55
01 20 64 135 44 2024 4 17 20 54 55
01 25 54 290 40 2024 4 17 20 54 55
01 28 07 312 18 2024 4 17 20 54 55
01 29 23 296 43 2024 4 17 20 54 55
08 06 26 052 45 2024 4 17 20 54 55
08 25 54 290 44 2024 4 17 20 54 55
02 68 22 049 37 2024 4 17 20 54 55
02 69 25 103 47 2024 4 17 20 54 55
02 73 10 183 47 2024 4 17 20 54 55
02 74 43 215 41 2024 4 17 20 54 55
02 75 45 300 46 2024 4 17 20 54 55
02 83 06 063 30 2024 4 17 20 54 55
02 84 54 015 30 2024 4 17 20 54 55
02 85 38 286 47 2024 4 17 20 54 55
06 43 22 278 46 2024 4 17 20 54 55
10 21 28 133 42 2024 4 17 20 54 55
10 22 29 074 44 2024 4 17 20 54 55
10 25 38 256 41 2024 4 17 20 54 55
10 34 65 315 46 2024 4 17 20 54 55
10 43 22 278 41 2024 4 17 20 54 55
10 44 45 067 42 2024 4 17 20 54 55
11 21 28 133 38 2024 4 17 20 54 55
11 22 29 074 38 2024 4 17 20 54 55
11 23 20 310 45 2024 4 17 20 54 55
11 24 21 196 28 2024 4 17 20 54 55
11 25 38 256 43 2024 4 17 20 54 55
11 34 65 315 39 2024 4 17 20 54 55
11 43 22 278 41 2024 4 17 20 54 55
11 44 45 067 38 2024 4 17 20 54 55
07 02 62 285 41 2024 4 17 20 54 55
07 10 21 052 44 2024 4 17 20 54 55
07 11 48 044 43 2024 4 17 20 54 55
07 25 50 175 45 2024 4 17 20 54 55
07 30 15 319 39 2024 4 17 20 54 55
07 34 22 245 39 2024 4 17 20 54 55
07 36 72 279 40 2024 4 17 20 54 55
12 02 62 285 42 2024 4 17 20 54 55
12 04 06 084 41 2024 4 17 20 54 55
12 10 21 052 38 2024 4 17 20 54 55
12 11 48 044 37 2024 4 17 20 54 55
12 25 50 175 43 2024 4 17 20 54 55
12 30 15 319 38 2024 4 17 20 54 55
12 34 22 245 42 2024 4 17 20 54 55
12 36 72 279 41 2024 4 17 20 54 55
01 05 37 176 44 2024 4 17 20 55 0
01 06 26 052 43 2024 4 17 20 55 0
01 11 64 038 44 2024 4 17 20 55 0
01 12 70 221 44 2024 4 17 20 55 0
01 19 11 098 41 2024 4 17 20 55 0
01 20 64 135 43 2024 4 17 20 55 0
01 25 54 290 39 2024 4 17 20 55 0
01 28 07 312 25 2024 4 17 20 55 0
01 29 23 296 40 2024 4 17 20 55 0
08 06 26 052 44 2024 4 17 20 55 0
08 25 54 290 43 2024 4 17 20 55 0
02 68 22 049 38 2024 4 17 20 55 0
02 69 25 103 43 2024 4 17 20 55 0
02 73 10 183 43 2024 4 17 20 55 0
02 74 43 215 40 2024 4 17 20 55 0
02 75 45 300 43 2024 4 17 20 55 0
02 83 06 063 29 2024 4 17 20 55 0
02 84 54 015 30 2024 4 17 20 55 0
02 85 38 286 43 2024 4 17 20 55 0
06 43 22 278 44 2024 4 17 20 55 0
10 21 28 133 40 2024 4 17 20 55 0
10 22 29 074 41 2024 4 17 20 55 0
10 25 38 256 39 2024 4 17 20 55 0
10 34 65 315 41 2024 4 17 20 55 0
10 43 22 278 39 2024 4 17 20 55 0
10 44 45 067 40 2024 4 17 20 55 0
11 21 28 133 38 2024 4 17 20 55 0
11 22 29 074 38 2024 4 17 20 55 0
11 23 20 310 44 2024 4 17 20 55 0
11 24 21 196 28 2024 4 17 20 55 0
11 25 38 256 42 2024 4 17 20 55 0
11 34 65 315 39 2024 4 17 20 55 0
11 43 22 278 41 2024 4 17 20 55 0
11 44 45 067 38 2024 4 17 20 55 0
07 02 62 285 38 2024 4 17 20 55 0
07 10 21 052 40 2024 4 17 20 55 0
07 11 48 044 40 2024 4 17 20 55 0
07 25 50 175 41 2024 4 17 20 55 0
07 30 15 319 38 2024 4 17 20 55 0
07 34 22 245 38 2024 4 17 20 55 0
07 36 72 279 38 2024 4 17 20 55 0
12 02 62 285 41 2024 4 17 20 55 0
12 04 06 084 40 2024 4 17 20 55 0
12 10 21 052 38 2024 4 17 20 55 0
12 11 48 044 36 2024 4 17 20 55 0
12 25 50 175 43 2024 4 17 20 55 0
12 30 15 319 38 2024 4 17 20 55 0
12 34 22 245 41 2024 4 17 20 55 0
12 36 72 279 41 2024 4 17 20 55 0
