01 20 33 164 27 2024 4 5 20 29 55
01 22 14 137 29 2024 4 5 20 29 55
01 24 22 230 30 2024 4 5 20 29 55
02 81 14 248 26 2024 4 5 20 29 55
01 20 33 164 27 2024 4 5 20 29 56
01 22 14 137 29 2024 4 5 20 29 56
01 24 22 230 29 2024 4 5 20 29 56
02 81 14 248 27 2024 4 5 20 29 56
01 20 33 164 27 2024 4 5 20 29 57
01 22 14 137 28 2024 4 5 20 29 57
01 24 22 230 29 2024 4 5 20 29 57
08 24 22 230 26 2024 4 5 20 29 57
02 81 14 248 28 2024 4 5 20 29 57
01 20 33 164 27 2024 4 5 20 29 58
01 22 14 137 29 2024 4 5 20 29 58
01 24 22 230 29 2024 4 5 20 29 58
08 24 22 230 27 2024 4 5 20 29 58
02 71 11 042 11 2024 4 5 20 29 58
02 81 14 248 29 2024 4 5 20 29 58
01 20 33 164 28 2024 4 5 20 29 59
01 22 14 137 28 2024 4 5 20 29 59
01 24 22 230 29 2024 4 5 20 29 59
08 24 22 230 27 2024 4 5 20 29 59
02 71 11 042 10 2024 4 5 20 29 59
02 81 14 248 30 2024 4 5 20 29 59
