01 20 18 169 22 2024 4 5 19 56 6
01 22 28 129 26 2024 4 5 19 56 6
01 24 33 243 23 2024 4 5 19 56 6
02 76 18 158 32 2024 4 5 19 56 6
01 20 18 169 23 2024 4 5 19 56 9
01 22 28 129 30 2024 4 5 19 56 9
01 24 33 243 25 2024 4 5 19 56 9
02 76 18 158 34 2024 4 5 19 56 9
01 12 43 312 12 2024 4 5 19 56 10
01 20 18 169 24 2024 4 5 19 56 10
01 22 28 129 31 2024 4 5 19 56 10
01 24 33 243 26 2024 4 5 19 56 10
02 76 18 158 33 2024 4 5 19 56 10
01 12 43 312 16 2024 4 5 19 56 11
01 20 18 169 24 2024 4 5 19 56 11
01 22 28 129 30 2024 4 5 19 56 11
01 24 33 243 26 2024 4 5 19 56 11
02 76 18 158 32 2024 4 5 19 56 11
01 12 43 312 15 2024 4 5 19 56 12
01 20 18 169 26 2024 4 5 19 56 12
01 22 28 129 30 2024 4 5 19 56 12
01 24 33 243 25 2024 4 5 19 56 12
08 24 33 243 23 2024 4 5 19 56 12
02 76 18 158 32 2024 4 5 19 56 12
01 12 43 312 15 2024 4 5 19 56 13
01 20 18 169 27 2024 4 5 19 56 13
01 22 28 129 29 2024 4 5 19 56 13
01 24 33 243 21 2024 4 5 19 56 13
08 24 33 243 25 2024 4 5 19 56 13
02 76 18 158 33 2024 4 5 19 56 13
01 12 43 312 16 2024 4 5 19 56 14
01 20 18 169 26 2024 4 5 19 56 14
01 22 28 129 29 2024 4 5 19 56 14
01 24 33 243 23 2024 4 5 19 56 14
08 24 33 243 26 2024 4 5 19 56 14
02 76 18 158 34 2024 4 5 19 56 14
01 12 43 312 11 2024 4 5 19 56 15
01 20 18 169 25 2024 4 5 19 56 15
01 22 28 129 30 2024 4 5 19 56 15
01 24 33 243 24 2024 4 5 19 56 15
08 24 33 243 27 2024 4 5 19 56 15
02 76 18 158 34 2024 4 5 19 56 15
01 12 43 312 12 2024 4 5 19 56 16
01 20 18 169 25 2024 4 5 19 56 16
01 22 28 129 29 2024 4 5 19 56 16
01 24 33 243 25 2024 4 5 19 56 16
08 24 33 243 27 2024 4 5 19 56 16
02 76 18 158 34 2024 4 5 19 56 16
01 20 18 169 24 2024 4 5 19 56 17
01 22 28 129 31 2024 4 5 19 56 17
01 24 33 243 24 2024 4 5 19 56 17
08 24 33 243 27 2024 4 5 19 56 17
02 76 18 158 33 2024 4 5 19 56 17
01 20 18 169 23 2024 4 5 19 56 18
01 22 28 129 30 2024 4 5 19 56 18
01 24 33 243 23 2024 4 5 19 56 18
08 24 33 243 27 2024 4 5 19 56 18
02 76 18 158 34 2024 4 5 19 56 18
01 12 43 312 07 2024 4 5 19 56 19
01 20 18 169 24 2024 4 5 19 56 19
01 22 28 129 30 2024 4 5 19 56 19
01 24 33 243 24 2024 4 5 19 56 19
08 24 33 243 27 2024 4 5 19 56 19
02 76 18 158 34 2024 4 5 19 56 19
01 12 43 312 10 2024 4 5 19 56 20
01 20 18 169 26 2024 4 5 19 56 20
01 22 28 129 31 2024 4 5 19 56 20
01 24 33 243 24 2024 4 5 19 56 20
08 24 33 243 27 2024 4 5 19 56 20
02 76 18 158 34 2024 4 5 19 56 20
01 12 43 312 04 2024 4 5 19 56 21
01 20 18 169 26 2024 4 5 19 56 21
01 22 28 129 32 2024 4 5 19 56 21
01 24 33 243 25 2024 4 5 19 56 21
08 24 33 243 28 2024 4 5 19 56 21
02 76 18 158 34 2024 4 5 19 56 21
01 20 18 169 27 2024 4 5 19 56 22
01 22 28 129 31 2024 4 5 19 56 22
01 24 33 243 26 2024 4 5 19 56 22
08 24 33 243 27 2024 4 5 19 56 22
02 76 18 158 34 2024 4 5 19 56 22
01 12 43 312 08 2024 4 5 19 56 23
01 20 18 169 26 2024 4 5 19 56 23
01 22 28 129 31 2024 4 5 19 56 23
01 24 33 243 25 2024 4 5 19 56 23
08 24 33 243 27 2024 4 5 19 56 23
02 76 18 158 35 2024 4 5 19 56 23
01 12 43 312 09 2024 4 5 19 56 24
01 20 18 169 27 2024 4 5 19 56 24
01 22 28 129 30 2024 4 5 19 56 24
01 24 33 243 23 2024 4 5 19 56 24
08 24 33 243 28 2024 4 5 19 56 24
02 76 18 158 35 2024 4 5 19 56 24
01 20 18 169 27 2024 4 5 19 56 25
01 22 28 129 29 2024 4 5 19 56 25
01 24 33 243 23 2024 4 5 19 56 25
08 24 33 243 27 2024 4 5 19 56 25
02 76 18 158 35 2024 4 5 19 56 25
01 12 43 312 08 2024 4 5 19 56 26
01 20 18 169 28 2024 4 5 19 56 26
01 22 28 129 28 2024 4 5 19 56 26
01 24 33 243 23 2024 4 5 19 56 26
08 24 33 243 27 2024 4 5 19 56 26
02 76 18 158 35 2024 4 5 19 56 26
01 12 43 312 05 2024 4 5 19 56 27
01 20 18 169 27 2024 4 5 19 56 27
01 22 28 129 28 2024 4 5 19 56 27
01 24 33 242 23 2024 4 5 19 56 27
08 24 33 242 27 2024 4 5 19 56 27
02 76 18 158 35 2024 4 5 19 56 27
02 88 51 257 05 2024 4 5 19 56 27
01 20 18 169 28 2024 4 5 19 56 28
01 22 28 129 28 2024 4 5 19 56 28
01 24 33 242 24 2024 4 5 19 56 28
08 24 33 242 27 2024 4 5 19 56 28
02 76 18 158 36 2024 4 5 19 56 28
02 88 51 257 15 2024 4 5 19 56 28
01 20 18 169 28 2024 4 5 19 56 29
01 22 28 129 28 2024 4 5 19 56 29
01 24 33 242 24 2024 4 5 19 56 29
08 24 33 242 28 2024 4 5 19 56 29
02 76 18 158 36 2024 4 5 19 56 29
02 88 51 257 19 2024 4 5 19 56 29
01 12 43 312 06 2024 4 5 19 56 30
01 20 18 169 29 2024 4 5 19 56 30
01 22 28 129 29 2024 4 5 19 56 30
01 24 33 242 26 2024 4 5 19 56 30
08 24 33 242 27 2024 4 5 19 56 30
02 76 18 158 36 2024 4 5 19 56 30
02 88 51 257 17 2024 4 5 19 56 30
01 12 43 312 02 2024 4 5 19 56 31
01 20 18 169 28 2024 4 5 19 56 31
01 22 28 129 32 2024 4 5 19 56 31
01 24 33 242 26 2024 4 5 19 56 31
08 24 33 242 27 2024 4 5 19 56 31
02 76 18 158 37 2024 4 5 19 56 31
02 88 51 257 19 2024 4 5 19 56 31
01 12 43 312 12 2024 4 5 19 56 32
01 20 18 169 30 2024 4 5 19 56 32
01 22 28 129 31 2024 4 5 19 56 32
01 24 33 242 26 2024 4 5 19 56 32
08 24 33 242 26 2024 4 5 19 56 32
02 76 18 158 38 2024 4 5 19 56 32
02 88 51 257 17 2024 4 5 19 56 32
01 12 43 312 05 2024 4 5 19 56 33
01 20 18 169 30 2024 4 5 19 56 33
01 22 28 129 31 2024 4 5 19 56 33
01 24 33 242 26 2024 4 5 19 56 33
08 24 33 242 26 2024 4 5 19 56 33
02 76 18 158 38 2024 4 5 19 56 33
02 88 51 257 18 2024 4 5 19 56 33
01 12 43 312 11 2024 4 5 19 56 34
01 20 18 169 30 2024 4 5 19 56 34
01 22 28 129 30 2024 4 5 19 56 34
01 24 33 242 26 2024 4 5 19 56 34
08 24 33 242 25 2024 4 5 19 56 34
02 76 18 158 37 2024 4 5 19 56 34
02 88 51 257 15 2024 4 5 19 56 34
01 12 43 312 09 2024 4 5 19 56 35
01 20 18 169 29 2024 4 5 19 56 35
01 22 28 129 28 2024 4 5 19 56 35
01 24 33 242 25 2024 4 5 19 56 35
08 24 33 242 24 2024 4 5 19 56 35
02 76 18 158 37 2024 4 5 19 56 35
02 88 51 257 21 2024 4 5 19 56 35
01 20 18 169 30 2024 4 5 19 56 36
01 22 28 129 27 2024 4 5 19 56 36
01 24 33 242 25 2024 4 5 19 56 36
08 24 33 242 25 2024 4 5 19 56 36
02 76 18 158 37 2024 4 5 19 56 36
02 88 51 257 20 2024 4 5 19 56 36
01 12 43 312 05 2024 4 5 19 56 37
01 20 18 169 29 2024 4 5 19 56 37
01 22 28 129 28 2024 4 5 19 56 37
01 24 33 242 24 2024 4 5 19 56 37
08 24 33 242 26 2024 4 5 19 56 37
02 76 18 158 37 2024 4 5 19 56 37
02 88 51 257 20 2024 4 5 19 56 37
01 20 18 169 29 2024 4 5 19 56 38
01 22 28 129 28 2024 4 5 19 56 38
01 24 33 242 22 2024 4 5 19 56 38
08 24 33 242 26 2024 4 5 19 56 38
02 76 18 158 37 2024 4 5 19 56 38
02 88 51 257 20 2024 4 5 19 56 38
01 12 43 312 12 2024 4 5 19 56 39
01 20 18 169 29 2024 4 5 19 56 39
01 22 28 129 29 2024 4 5 19 56 39
01 24 33 242 23 2024 4 5 19 56 39
08 24 33 242 25 2024 4 5 19 56 39
02 76 18 158 36 2024 4 5 19 56 39
02 88 51 257 15 2024 4 5 19 56 39
01 12 43 312 09 2024 4 5 19 56 40
01 20 18 169 27 2024 4 5 19 56 40
01 22 27 129 28 2024 4 5 19 56 40
01 24 33 242 24 2024 4 5 19 56 40
08 24 33 242 23 2024 4 5 19 56 40
02 76 18 158 36 2024 4 5 19 56 40
02 88 51 257 15 2024 4 5 19 56 40
01 12 43 312 10 2024 4 5 19 56 41
01 20 18 169 26 2024 4 5 19 56 41
01 22 27 129 29 2024 4 5 19 56 41
01 24 33 242 25 2024 4 5 19 56 41
08 24 33 242 24 2024 4 5 19 56 41
02 76 18 158 36 2024 4 5 19 56 41
02 88 51 257 16 2024 4 5 19 56 41
01 12 43 312 04 2024 4 5 19 56 42
01 20 18 169 27 2024 4 5 19 56 42
01 22 27 129 28 2024 4 5 19 56 42
01 24 33 242 26 2024 4 5 19 56 42
08 24 33 242 25 2024 4 5 19 56 42
02 76 18 158 35 2024 4 5 19 56 42
02 88 51 257 16 2024 4 5 19 56 42
01 12 43 312 06 2024 4 5 19 56 43
01 20 18 169 26 2024 4 5 19 56 43
01 22 27 129 28 2024 4 5 19 56 43
01 24 33 242 24 2024 4 5 19 56 43
08 24 33 242 25 2024 4 5 19 56 43
02 76 18 158 35 2024 4 5 19 56 43
02 88 51 257 15 2024 4 5 19 56 43
01 20 18 169 26 2024 4 5 19 56 44
01 22 27 129 28 2024 4 5 19 56 44
01 24 33 242 24 2024 4 5 19 56 44
08 24 33 242 24 2024 4 5 19 56 44
02 76 18 158 36 2024 4 5 19 56 44
02 88 51 257 17 2024 4 5 19 56 44
01 20 18 169 26 2024 4 5 19 56 45
01 22 27 129 28 2024 4 5 19 56 45
01 24 33 242 24 2024 4 5 19 56 45
08 24 33 242 24 2024 4 5 19 56 45
02 76 18 158 36 2024 4 5 19 56 45
02 88 51 257 20 2024 4 5 19 56 45
01 12 43 312 02 2024 4 5 19 56 46
01 20 18 169 27 2024 4 5 19 56 46
01 22 27 129 27 2024 4 5 19 56 46
01 24 33 242 23 2024 4 5 19 56 46
08 24 33 242 25 2024 4 5 19 56 46
02 76 18 158 35 2024 4 5 19 56 46
02 88 51 257 20 2024 4 5 19 56 46
01 12 43 312 13 2024 4 5 19 56 47
01 20 18 169 29 2024 4 5 19 56 47
01 22 27 129 26 2024 4 5 19 56 47
01 24 33 242 24 2024 4 5 19 56 47
08 24 33 242 26 2024 4 5 19 56 47
02 76 18 158 35 2024 4 5 19 56 47
02 88 51 257 20 2024 4 5 19 56 47
01 20 18 169 30 2024 4 5 19 56 48
01 22 27 129 26 2024 4 5 19 56 48
01 24 33 242 25 2024 4 5 19 56 48
08 24 33 242 25 2024 4 5 19 56 48
02 76 18 158 35 2024 4 5 19 56 48
02 88 51 257 20 2024 4 5 19 56 48
01 20 18 169 30 2024 4 5 19 56 49
01 22 27 129 26 2024 4 5 19 56 49
01 24 33 242 25 2024 4 5 19 56 49
08 24 33 242 25 2024 4 5 19 56 49
02 76 18 158 35 2024 4 5 19 56 49
02 88 51 257 21 2024 4 5 19 56 49
01 20 18 169 30 2024 4 5 19 56 50
01 22 27 129 25 2024 4 5 19 56 50
01 24 33 242 25 2024 4 5 19 56 50
08 24 33 242 25 2024 4 5 19 56 50
02 76 18 158 34 2024 4 5 19 56 50
02 88 51 257 21 2024 4 5 19 56 50
01 12 43 312 07 2024 4 5 19 56 51
01 20 18 169 31 2024 4 5 19 56 51
01 22 27 129 27 2024 4 5 19 56 51
01 24 33 242 26 2024 4 5 19 56 51
08 24 33 242 26 2024 4 5 19 56 51
02 76 18 158 35 2024 4 5 19 56 51
02 88 51 257 23 2024 4 5 19 56 51
01 12 43 312 04 2024 4 5 19 56 52
01 20 18 169 30 2024 4 5 19 56 52
01 22 27 129 28 2024 4 5 19 56 52
01 24 32 242 26 2024 4 5 19 56 52
08 24 32 242 26 2024 4 5 19 56 52
02 76 18 158 35 2024 4 5 19 56 52
02 88 51 257 22 2024 4 5 19 56 52
01 12 43 312 07 2024 4 5 19 56 53
01 20 18 169 30 2024 4 5 19 56 53
01 22 27 129 29 2024 4 5 19 56 53
01 24 32 242 27 2024 4 5 19 56 53
08 24 32 242 26 2024 4 5 19 56 53
02 76 18 158 35 2024 4 5 19 56 53
02 88 51 257 24 2024 4 5 19 56 53
01 12 43 312 07 2024 4 5 19 56 54
01 20 18 169 30 2024 4 5 19 56 54
01 22 27 129 29 2024 4 5 19 56 54
01 24 32 242 28 2024 4 5 19 56 54
08 24 32 242 26 2024 4 5 19 56 54
02 76 18 159 34 2024 4 5 19 56 54
02 88 51 257 21 2024 4 5 19 56 54
01 20 18 169 30 2024 4 5 19 56 55
01 22 27 129 30 2024 4 5 19 56 55
01 24 32 242 28 2024 4 5 19 56 55
08 24 32 242 26 2024 4 5 19 56 55
02 76 18 159 33 2024 4 5 19 56 55
02 88 51 258 20 2024 4 5 19 56 55
01 20 18 169 31 2024 4 5 19 56 56
01 22 27 129 30 2024 4 5 19 56 56
01 24 32 242 28 2024 4 5 19 56 56
08 24 32 242 25 2024 4 5 19 56 56
02 76 18 159 33 2024 4 5 19 56 56
02 88 51 258 20 2024 4 5 19 56 56
01 20 18 169 31 2024 4 5 19 56 57
01 22 27 129 29 2024 4 5 19 56 57
01 24 32 242 27 2024 4 5 19 56 57
08 24 32 242 25 2024 4 5 19 56 57
02 76 18 159 33 2024 4 5 19 56 57
02 88 51 258 19 2024 4 5 19 56 57
01 20 18 169 31 2024 4 5 19 56 58
01 22 27 129 29 2024 4 5 19 56 58
01 24 32 242 27 2024 4 5 19 56 58
08 24 32 242 25 2024 4 5 19 56 58
02 76 18 159 32 2024 4 5 19 56 58
02 88 51 258 17 2024 4 5 19 56 58
01 20 18 169 31 2024 4 5 19 56 59
01 22 27 129 28 2024 4 5 19 56 59
01 24 32 242 26 2024 4 5 19 56 59
08 24 32 242 26 2024 4 5 19 56 59
02 76 18 159 33 2024 4 5 19 56 59
02 88 51 258 15 2024 4 5 19 56 59
01 20 18 169 32 2024 4 5 19 57 0
01 22 27 129 28 2024 4 5 19 57 0
01 24 32 242 26 2024 4 5 19 57 0
08 24 32 242 25 2024 4 5 19 57 0
02 76 18 159 33 2024 4 5 19 57 0
02 88 51 258 14 2024 4 5 19 57 0
01 20 18 169 32 2024 4 5 19 57 1
01 22 27 129 27 2024 4 5 19 57 1
01 24 32 242 25 2024 4 5 19 57 1
08 24 32 242 26 2024 4 5 19 57 1
02 76 18 159 33 2024 4 5 19 57 1
02 88 51 258 15 2024 4 5 19 57 1
01 20 18 169 32 2024 4 5 19 57 2
01 22 27 129 27 2024 4 5 19 57 2
01 24 32 242 25 2024 4 5 19 57 2
08 24 32 242 26 2024 4 5 19 57 2
02 76 18 159 33 2024 4 5 19 57 2
02 88 51 258 17 2024 4 5 19 57 2
01 20 18 169 32 2024 4 5 19 57 3
01 22 27 129 27 2024 4 5 19 57 3
01 24 32 242 25 2024 4 5 19 57 3
08 24 32 242 26 2024 4 5 19 57 3
02 76 18 159 33 2024 4 5 19 57 3
02 88 51 258 21 2024 4 5 19 57 3
01 20 18 169 32 2024 4 5 19 57 4
01 22 27 129 29 2024 4 5 19 57 4
01 24 32 242 27 2024 4 5 19 57 4
08 24 32 242 26 2024 4 5 19 57 4
02 76 18 159 32 2024 4 5 19 57 4
02 88 51 258 21 2024 4 5 19 57 4
01 20 19 169 32 2024 4 5 19 57 5
01 22 27 129 29 2024 4 5 19 57 5
01 24 32 242 26 2024 4 5 19 57 5
08 24 32 242 26 2024 4 5 19 57 5
02 76 18 159 31 2024 4 5 19 57 5
02 88 51 258 23 2024 4 5 19 57 5
01 20 19 169 33 2024 4 5 19 57 6
01 22 27 129 30 2024 4 5 19 57 6
01 24 32 242 26 2024 4 5 19 57 6
08 24 32 242 26 2024 4 5 19 57 6
02 76 18 159 31 2024 4 5 19 57 6
02 88 51 258 23 2024 4 5 19 57 6
01 20 19 169 32 2024 4 5 19 57 7
01 22 27 129 30 2024 4 5 19 57 7
01 24 32 242 25 2024 4 5 19 57 7
08 24 32 242 26 2024 4 5 19 57 7
02 76 18 159 32 2024 4 5 19 57 7
02 88 51 258 24 2024 4 5 19 57 7
01 20 19 169 32 2024 4 5 19 57 8
01 22 27 129 30 2024 4 5 19 57 8
01 24 32 242 25 2024 4 5 19 57 8
08 24 32 242 26 2024 4 5 19 57 8
02 76 18 159 32 2024 4 5 19 57 8
02 88 51 258 25 2024 4 5 19 57 8
01 20 19 169 33 2024 4 5 19 57 9
01 22 27 129 30 2024 4 5 19 57 9
01 24 32 242 25 2024 4 5 19 57 9
08 24 32 242 26 2024 4 5 19 57 9
02 76 18 159 32 2024 4 5 19 57 9
02 88 51 258 26 2024 4 5 19 57 9
01 20 19 169 33 2024 4 5 19 57 10
01 22 27 129 30 2024 4 5 19 57 10
01 24 32 242 27 2024 4 5 19 57 10
08 24 32 242 25 2024 4 5 19 57 10
02 76 18 159 32 2024 4 5 19 57 10
02 88 51 258 24 2024 4 5 19 57 10
01 20 19 169 33 2024 4 5 19 57 11
01 22 27 129 29 2024 4 5 19 57 11
01 24 32 242 26 2024 4 5 19 57 11
08 24 32 242 26 2024 4 5 19 57 11
02 76 18 159 33 2024 4 5 19 57 11
02 88 51 258 23 2024 4 5 19 57 11
01 20 19 169 32 2024 4 5 19 57 12
01 22 27 129 29 2024 4 5 19 57 12
01 24 32 242 28 2024 4 5 19 57 12
08 24 32 242 26 2024 4 5 19 57 12
02 76 18 159 33 2024 4 5 19 57 12
02 88 51 258 24 2024 4 5 19 57 12
01 20 19 169 32 2024 4 5 19 57 13
01 22 27 129 29 2024 4 5 19 57 13
01 24 32 242 28 2024 4 5 19 57 13
08 24 32 242 26 2024 4 5 19 57 13
02 76 18 159 33 2024 4 5 19 57 13
02 88 51 258 25 2024 4 5 19 57 13
01 20 19 169 32 2024 4 5 19 57 14
01 22 27 129 28 2024 4 5 19 57 14
01 24 32 242 28 2024 4 5 19 57 14
08 24 32 242 27 2024 4 5 19 57 14
02 76 18 159 33 2024 4 5 19 57 14
02 88 51 258 24 2024 4 5 19 57 14
01 20 19 169 32 2024 4 5 19 57 15
01 22 27 129 28 2024 4 5 19 57 15
01 24 32 242 27 2024 4 5 19 57 15
08 24 32 242 27 2024 4 5 19 57 15
02 76 18 159 34 2024 4 5 19 57 15
02 88 51 258 23 2024 4 5 19 57 15
01 20 19 169 32 2024 4 5 19 57 16
01 22 27 129 28 2024 4 5 19 57 16
01 24 32 242 27 2024 4 5 19 57 16
08 24 32 242 28 2024 4 5 19 57 16
02 76 18 159 34 2024 4 5 19 57 16
02 88 51 258 22 2024 4 5 19 57 16
01 20 19 169 32 2024 4 5 19 57 17
01 22 27 129 29 2024 4 5 19 57 17
01 24 32 242 26 2024 4 5 19 57 17
08 24 32 242 26 2024 4 5 19 57 17
02 76 18 159 34 2024 4 5 19 57 17
02 88 51 258 21 2024 4 5 19 57 17
01 11 64 204 12 2024 4 5 19 57 18
01 20 19 169 32 2024 4 5 19 57 18
01 22 27 129 29 2024 4 5 19 57 18
01 24 32 242 26 2024 4 5 19 57 18
08 24 32 242 27 2024 4 5 19 57 18
02 76 18 159 34 2024 4 5 19 57 18
02 88 51 258 19 2024 4 5 19 57 18
01 20 19 169 31 2024 4 5 19 57 19
01 22 27 129 29 2024 4 5 19 57 19
01 24 32 242 26 2024 4 5 19 57 19
08 24 32 242 27 2024 4 5 19 57 19
02 76 18 159 33 2024 4 5 19 57 19
02 88 51 258 19 2024 4 5 19 57 19
01 11 64 204 14 2024 4 5 19 57 20
01 20 19 169 31 2024 4 5 19 57 20
01 22 27 129 29 2024 4 5 19 57 20
01 24 32 242 27 2024 4 5 19 57 20
08 24 32 242 27 2024 4 5 19 57 20
02 76 18 159 33 2024 4 5 19 57 20
02 88 51 258 18 2024 4 5 19 57 20
07 21 51 133 25 2024 4 5 19 57 20
01 11 64 204 17 2024 4 5 19 57 21
01 20 19 169 30 2024 4 5 19 57 21
01 22 27 129 28 2024 4 5 19 57 21
01 24 32 242 26 2024 4 5 19 57 21
08 24 32 242 28 2024 4 5 19 57 21
02 76 18 159 33 2024 4 5 19 57 21
02 88 51 258 21 2024 4 5 19 57 21
07 21 51 133 22 2024 4 5 19 57 21
01 11 64 204 16 2024 4 5 19 57 22
01 20 19 169 31 2024 4 5 19 57 22
01 22 27 129 29 2024 4 5 19 57 22
01 24 32 242 27 2024 4 5 19 57 22
08 24 32 242 28 2024 4 5 19 57 22
02 76 18 159 33 2024 4 5 19 57 22
02 88 51 258 19 2024 4 5 19 57 22
07 21 51 133 25 2024 4 5 19 57 22
01 11 64 204 15 2024 4 5 19 57 23
01 20 19 169 32 2024 4 5 19 57 23
01 22 27 129 28 2024 4 5 19 57 23
01 24 32 242 25 2024 4 5 19 57 23
08 24 32 242 28 2024 4 5 19 57 23
02 76 18 159 33 2024 4 5 19 57 23
02 88 51 258 20 2024 4 5 19 57 23
07 21 51 133 25 2024 4 5 19 57 23
01 11 64 204 13 2024 4 5 19 57 24
01 20 19 169 32 2024 4 5 19 57 24
01 22 27 129 29 2024 4 5 19 57 24
01 24 32 242 27 2024 4 5 19 57 24
08 24 32 242 28 2024 4 5 19 57 24
02 76 17 159 33 2024 4 5 19 57 24
02 88 51 258 20 2024 4 5 19 57 24
07 21 51 133 24 2024 4 5 19 57 24
01 11 64 204 18 2024 4 5 19 57 25
01 20 19 169 33 2024 4 5 19 57 25
01 22 27 129 28 2024 4 5 19 57 25
01 24 32 242 26 2024 4 5 19 57 25
08 24 32 242 29 2024 4 5 19 57 25
02 76 17 159 33 2024 4 5 19 57 25
02 88 51 258 20 2024 4 5 19 57 25
07 21 51 133 23 2024 4 5 19 57 25
01 11 64 204 19 2024 4 5 19 57 26
01 20 19 169 33 2024 4 5 19 57 26
01 22 27 129 28 2024 4 5 19 57 26
01 24 32 242 27 2024 4 5 19 57 26
08 24 32 242 29 2024 4 5 19 57 26
02 76 17 159 33 2024 4 5 19 57 26
02 88 51 258 22 2024 4 5 19 57 26
07 21 51 133 22 2024 4 5 19 57 26
12 21 51 133 06 2024 4 5 19 57 26
01 11 64 204 19 2024 4 5 19 57 27
01 20 19 169 33 2024 4 5 19 57 27
01 22 27 129 30 2024 4 5 19 57 27
01 24 32 242 27 2024 4 5 19 57 27
08 24 32 242 29 2024 4 5 19 57 27
02 76 17 159 32 2024 4 5 19 57 27
02 88 51 258 24 2024 4 5 19 57 27
07 21 51 133 21 2024 4 5 19 57 27
01 11 64 204 19 2024 4 5 19 57 28
01 20 19 169 33 2024 4 5 19 57 28
01 22 27 129 31 2024 4 5 19 57 28
01 24 32 242 28 2024 4 5 19 57 28
08 24 32 242 29 2024 4 5 19 57 28
02 76 17 159 32 2024 4 5 19 57 28
02 88 51 258 22 2024 4 5 19 57 28
07 21 51 133 20 2024 4 5 19 57 28
01 11 64 204 20 2024 4 5 19 57 29
01 20 19 169 33 2024 4 5 19 57 29
01 22 27 129 31 2024 4 5 19 57 29
01 24 32 242 27 2024 4 5 19 57 29
08 24 32 242 30 2024 4 5 19 57 29
02 76 17 159 32 2024 4 5 19 57 29
02 88 51 258 21 2024 4 5 19 57 29
07 21 51 133 19 2024 4 5 19 57 29
12 21 51 133 12 2024 4 5 19 57 29
01 11 64 204 20 2024 4 5 19 57 30
01 20 19 169 33 2024 4 5 19 57 30
01 22 27 129 32 2024 4 5 19 57 30
01 24 32 242 25 2024 4 5 19 57 30
08 24 32 242 29 2024 4 5 19 57 30
02 76 17 159 33 2024 4 5 19 57 30
02 88 51 258 22 2024 4 5 19 57 30
07 21 51 133 19 2024 4 5 19 57 30
12 21 51 133 12 2024 4 5 19 57 30
01 11 64 204 21 2024 4 5 19 57 31
01 20 19 169 34 2024 4 5 19 57 31
01 22 27 129 31 2024 4 5 19 57 31
01 24 32 242 26 2024 4 5 19 57 31
08 24 32 242 30 2024 4 5 19 57 31
02 76 17 159 33 2024 4 5 19 57 31
02 88 51 258 22 2024 4 5 19 57 31
07 21 51 133 21 2024 4 5 19 57 31
12 21 51 133 12 2024 4 5 19 57 31
01 11 64 204 21 2024 4 5 19 57 32
01 20 19 169 34 2024 4 5 19 57 32
01 22 27 129 31 2024 4 5 19 57 32
01 24 32 242 26 2024 4 5 19 57 32
08 24 32 242 30 2024 4 5 19 57 32
02 76 17 159 33 2024 4 5 19 57 32
02 88 51 258 23 2024 4 5 19 57 32
07 21 51 133 22 2024 4 5 19 57 32
01 11 64 204 21 2024 4 5 19 57 33
01 20 19 169 35 2024 4 5 19 57 33
01 22 27 129 31 2024 4 5 19 57 33
01 24 32 242 26 2024 4 5 19 57 33
08 24 32 242 29 2024 4 5 19 57 33
02 76 17 159 33 2024 4 5 19 57 33
02 88 51 258 23 2024 4 5 19 57 33
07 21 51 133 23 2024 4 5 19 57 33
01 11 64 204 22 2024 4 5 19 57 34
01 20 19 169 34 2024 4 5 19 57 34
01 22 27 129 30 2024 4 5 19 57 34
01 24 32 242 27 2024 4 5 19 57 34
08 24 32 242 30 2024 4 5 19 57 34
02 76 17 159 33 2024 4 5 19 57 34
02 88 51 258 23 2024 4 5 19 57 34
07 21 51 133 23 2024 4 5 19 57 34
12 21 51 133 02 2024 4 5 19 57 34
01 11 64 204 21 2024 4 5 19 57 35
01 20 19 169 33 2024 4 5 19 57 35
01 22 27 129 31 2024 4 5 19 57 35
01 24 32 242 27 2024 4 5 19 57 35
08 24 32 242 31 2024 4 5 19 57 35
02 76 17 159 32 2024 4 5 19 57 35
02 88 51 258 22 2024 4 5 19 57 35
07 21 51 133 22 2024 4 5 19 57 35
12 21 51 133 20 2024 4 5 19 57 35
01 11 64 204 20 2024 4 5 19 57 36
01 20 19 169 34 2024 4 5 19 57 36
01 22 27 129 30 2024 4 5 19 57 36
01 24 32 242 28 2024 4 5 19 57 36
08 24 32 242 31 2024 4 5 19 57 36
02 76 17 159 32 2024 4 5 19 57 36
02 88 51 258 22 2024 4 5 19 57 36
07 21 51 133 22 2024 4 5 19 57 36
12 21 51 133 22 2024 4 5 19 57 36
01 11 64 204 20 2024 4 5 19 57 37
01 20 19 169 34 2024 4 5 19 57 37
01 22 27 129 30 2024 4 5 19 57 37
01 24 32 242 28 2024 4 5 19 57 37
08 24 32 242 30 2024 4 5 19 57 37
02 76 17 159 33 2024 4 5 19 57 37
02 88 51 258 23 2024 4 5 19 57 37
07 21 51 133 23 2024 4 5 19 57 37
12 21 51 133 23 2024 4 5 19 57 37
01 11 64 204 20 2024 4 5 19 57 38
01 20 19 169 34 2024 4 5 19 57 38
01 22 27 129 30 2024 4 5 19 57 38
01 24 32 242 27 2024 4 5 19 57 38
08 24 32 242 30 2024 4 5 19 57 38
02 76 17 159 33 2024 4 5 19 57 38
02 88 51 258 22 2024 4 5 19 57 38
07 21 51 133 24 2024 4 5 19 57 38
12 21 51 133 23 2024 4 5 19 57 38
01 11 64 204 18 2024 4 5 19 57 39
01 20 19 169 34 2024 4 5 19 57 39
01 22 27 129 30 2024 4 5 19 57 39
01 24 32 242 27 2024 4 5 19 57 39
08 24 32 242 30 2024 4 5 19 57 39
02 76 17 159 33 2024 4 5 19 57 39
02 88 51 258 20 2024 4 5 19 57 39
07 21 51 133 25 2024 4 5 19 57 39
12 21 51 133 24 2024 4 5 19 57 39
01 11 64 204 18 2024 4 5 19 57 40
01 20 19 169 34 2024 4 5 19 57 40
01 22 27 129 30 2024 4 5 19 57 40
01 24 32 242 26 2024 4 5 19 57 40
08 24 32 242 30 2024 4 5 19 57 40
02 76 17 159 33 2024 4 5 19 57 40
02 88 51 258 19 2024 4 5 19 57 40
07 21 51 133 25 2024 4 5 19 57 40
12 21 51 133 23 2024 4 5 19 57 40
01 11 64 204 19 2024 4 5 19 57 41
01 20 19 169 34 2024 4 5 19 57 41
01 22 27 129 31 2024 4 5 19 57 41
01 24 32 242 26 2024 4 5 19 57 41
08 24 32 242 30 2024 4 5 19 57 41
02 76 17 159 33 2024 4 5 19 57 41
02 88 51 258 19 2024 4 5 19 57 41
07 21 51 133 24 2024 4 5 19 57 41
12 21 51 133 24 2024 4 5 19 57 41
01 11 64 204 18 2024 4 5 19 57 42
01 20 19 169 34 2024 4 5 19 57 42
01 22 27 129 30 2024 4 5 19 57 42
01 24 32 242 25 2024 4 5 19 57 42
08 24 32 242 30 2024 4 5 19 57 42
02 76 17 159 32 2024 4 5 19 57 42
02 88 51 258 19 2024 4 5 19 57 42
07 21 51 133 23 2024 4 5 19 57 42
12 21 51 133 24 2024 4 5 19 57 42
01 11 64 204 18 2024 4 5 19 57 43
01 20 19 169 34 2024 4 5 19 57 43
01 22 27 129 30 2024 4 5 19 57 43
01 24 32 242 24 2024 4 5 19 57 43
08 24 32 242 30 2024 4 5 19 57 43
02 76 17 159 32 2024 4 5 19 57 43
02 88 51 258 19 2024 4 5 19 57 43
07 21 51 133 24 2024 4 5 19 57 43
12 21 51 133 24 2024 4 5 19 57 43
01 11 64 204 20 2024 4 5 19 57 44
01 20 19 169 34 2024 4 5 19 57 44
01 22 27 129 30 2024 4 5 19 57 44
01 24 32 242 24 2024 4 5 19 57 44
08 24 32 242 30 2024 4 5 19 57 44
02 76 17 159 31 2024 4 5 19 57 44
02 88 51 258 18 2024 4 5 19 57 44
07 21 51 133 24 2024 4 5 19 57 44
12 21 51 133 23 2024 4 5 19 57 44
01 11 64 204 20 2024 4 5 19 57 45
01 20 19 169 34 2024 4 5 19 57 45
01 22 27 129 29 2024 4 5 19 57 45
01 24 32 242 24 2024 4 5 19 57 45
08 24 32 242 29 2024 4 5 19 57 45
02 76 17 159 31 2024 4 5 19 57 45
02 88 51 258 14 2024 4 5 19 57 45
07 21 51 133 25 2024 4 5 19 57 45
12 21 51 133 24 2024 4 5 19 57 45
01 11 64 204 18 2024 4 5 19 57 46
01 20 19 169 34 2024 4 5 19 57 46
01 22 27 129 29 2024 4 5 19 57 46
01 24 32 242 25 2024 4 5 19 57 46
08 24 32 242 29 2024 4 5 19 57 46
02 76 17 159 31 2024 4 5 19 57 46
02 88 51 258 16 2024 4 5 19 57 46
07 21 51 133 24 2024 4 5 19 57 46
12 21 51 133 23 2024 4 5 19 57 46
01 11 64 204 20 2024 4 5 19 57 47
01 20 19 169 33 2024 4 5 19 57 47
01 22 27 129 29 2024 4 5 19 57 47
01 24 32 242 25 2024 4 5 19 57 47
08 24 32 242 29 2024 4 5 19 57 47
02 76 17 159 31 2024 4 5 19 57 47
02 88 51 258 15 2024 4 5 19 57 47
07 21 51 133 25 2024 4 5 19 57 47
12 21 51 133 23 2024 4 5 19 57 47
01 11 64 204 17 2024 4 5 19 57 48
01 20 19 169 33 2024 4 5 19 57 48
01 22 27 129 29 2024 4 5 19 57 48
01 24 32 242 26 2024 4 5 19 57 48
08 24 32 242 29 2024 4 5 19 57 48
02 76 17 159 30 2024 4 5 19 57 48
02 88 51 258 11 2024 4 5 19 57 48
07 21 51 133 24 2024 4 5 19 57 48
12 21 51 133 23 2024 4 5 19 57 48
01 11 64 204 19 2024 4 5 19 57 49
01 20 19 169 33 2024 4 5 19 57 49
01 22 27 129 28 2024 4 5 19 57 49
01 24 32 242 25 2024 4 5 19 57 49
08 24 32 242 29 2024 4 5 19 57 49
02 76 17 159 29 2024 4 5 19 57 49
02 88 51 258 17 2024 4 5 19 57 49
07 21 51 133 24 2024 4 5 19 57 49
12 21 51 133 23 2024 4 5 19 57 49
01 11 64 204 19 2024 4 5 19 57 50
01 20 19 169 33 2024 4 5 19 57 50
01 22 27 129 28 2024 4 5 19 57 50
01 24 32 242 26 2024 4 5 19 57 50
08 24 32 242 29 2024 4 5 19 57 50
02 76 17 159 29 2024 4 5 19 57 50
02 88 51 258 15 2024 4 5 19 57 50
07 21 51 133 25 2024 4 5 19 57 50
12 21 51 133 23 2024 4 5 19 57 50
01 11 64 204 17 2024 4 5 19 57 51
01 20 19 169 33 2024 4 5 19 57 51
01 22 27 129 28 2024 4 5 19 57 51
01 24 32 242 24 2024 4 5 19 57 51
08 24 32 242 28 2024 4 5 19 57 51
02 76 17 159 28 2024 4 5 19 57 51
07 21 51 133 26 2024 4 5 19 57 51
12 21 51 133 23 2024 4 5 19 57 51
01 11 64 204 18 2024 4 5 19 57 52
01 20 19 169 33 2024 4 5 19 57 52
01 22 27 129 28 2024 4 5 19 57 52
01 24 32 242 25 2024 4 5 19 57 52
08 24 32 242 28 2024 4 5 19 57 52
02 76 17 159 29 2024 4 5 19 57 52
02 88 51 258 14 2024 4 5 19 57 52
07 21 51 133 27 2024 4 5 19 57 52
12 21 51 133 23 2024 4 5 19 57 52
01 11 64 204 16 2024 4 5 19 57 53
01 20 19 169 34 2024 4 5 19 57 53
01 22 27 129 28 2024 4 5 19 57 53
01 24 32 242 25 2024 4 5 19 57 53
08 24 32 242 28 2024 4 5 19 57 53
02 76 17 159 29 2024 4 5 19 57 53
07 21 51 133 28 2024 4 5 19 57 53
12 21 51 133 23 2024 4 5 19 57 53
01 11 64 204 17 2024 4 5 19 57 54
01 20 19 169 33 2024 4 5 19 57 54
01 22 27 129 28 2024 4 5 19 57 54
01 24 32 242 26 2024 4 5 19 57 54
08 24 32 242 29 2024 4 5 19 57 54
02 76 17 159 29 2024 4 5 19 57 54
02 88 51 258 14 2024 4 5 19 57 54
07 21 51 133 27 2024 4 5 19 57 54
12 21 51 133 23 2024 4 5 19 57 54
01 11 64 204 17 2024 4 5 19 57 55
01 20 19 169 33 2024 4 5 19 57 55
01 22 27 129 28 2024 4 5 19 57 55
01 24 32 242 23 2024 4 5 19 57 55
08 24 32 242 29 2024 4 5 19 57 55
02 76 17 159 29 2024 4 5 19 57 55
07 21 51 133 28 2024 4 5 19 57 55
12 21 51 133 23 2024 4 5 19 57 55
01 11 64 204 17 2024 4 5 19 57 56
01 20 19 169 33 2024 4 5 19 57 56
01 22 27 129 28 2024 4 5 19 57 56
01 24 32 242 24 2024 4 5 19 57 56
08 24 32 242 29 2024 4 5 19 57 56
02 76 17 159 28 2024 4 5 19 57 56
07 21 51 133 28 2024 4 5 19 57 56
07 33 31 217 26 2024 4 5 19 57 56
12 21 51 133 23 2024 4 5 19 57 56
01 11 64 204 19 2024 4 5 19 57 57
01 20 19 169 33 2024 4 5 19 57 57
01 22 27 129 28 2024 4 5 19 57 57
01 24 32 242 26 2024 4 5 19 57 57
08 24 32 242 29 2024 4 5 19 57 57
02 76 17 159 28 2024 4 5 19 57 57
02 88 52 258 10 2024 4 5 19 57 57
07 21 51 133 28 2024 4 5 19 57 57
07 33 31 217 27 2024 4 5 19 57 57
12 21 51 133 23 2024 4 5 19 57 57
01 11 64 204 19 2024 4 5 19 57 58
01 20 19 169 34 2024 4 5 19 57 58
01 22 27 129 28 2024 4 5 19 57 58
01 24 32 242 26 2024 4 5 19 57 58
08 24 32 242 29 2024 4 5 19 57 58
02 76 17 159 28 2024 4 5 19 57 58
02 88 52 258 12 2024 4 5 19 57 58
07 21 51 133 28 2024 4 5 19 57 58
07 33 31 217 27 2024 4 5 19 57 58
12 21 51 133 24 2024 4 5 19 57 58
01 11 64 204 20 2024 4 5 19 57 59
01 20 19 169 33 2024 4 5 19 57 59
01 22 27 129 28 2024 4 5 19 57 59
01 24 32 242 25 2024 4 5 19 57 59
08 24 32 242 29 2024 4 5 19 57 59
02 76 17 159 28 2024 4 5 19 57 59
02 88 52 258 13 2024 4 5 19 57 59
07 21 51 133 28 2024 4 5 19 57 59
07 33 31 217 26 2024 4 5 19 57 59
12 21 51 133 22 2024 4 5 19 57 59
01 11 64 204 23 2024 4 5 19 58 0
01 20 19 169 33 2024 4 5 19 58 0
01 22 27 129 27 2024 4 5 19 58 0
01 24 32 242 25 2024 4 5 19 58 0
08 24 32 242 28 2024 4 5 19 58 0
02 76 17 159 28 2024 4 5 19 58 0
02 88 52 258 16 2024 4 5 19 58 0
07 21 51 133 28 2024 4 5 19 58 0
07 33 31 217 26 2024 4 5 19 58 0
12 21 51 133 22 2024 4 5 19 58 0
01 11 64 204 21 2024 4 5 19 58 1
01 20 19 169 33 2024 4 5 19 58 1
01 22 27 129 26 2024 4 5 19 58 1
01 24 32 242 25 2024 4 5 19 58 1
08 24 32 242 28 2024 4 5 19 58 1
02 76 17 159 28 2024 4 5 19 58 1
07 21 51 133 27 2024 4 5 19 58 1
07 33 31 217 26 2024 4 5 19 58 1
12 21 51 133 22 2024 4 5 19 58 1
01 11 64 204 21 2024 4 5 19 58 2
01 20 19 169 33 2024 4 5 19 58 2
01 22 27 129 28 2024 4 5 19 58 2
01 24 32 242 25 2024 4 5 19 58 2
08 24 32 242 29 2024 4 5 19 58 2
02 76 17 159 27 2024 4 5 19 58 2
02 88 52 258 14 2024 4 5 19 58 2
07 21 51 133 28 2024 4 5 19 58 2
07 33 31 217 26 2024 4 5 19 58 2
12 21 51 133 23 2024 4 5 19 58 2
12 33 31 217 22 2024 4 5 19 58 2
01 11 64 204 22 2024 4 5 19 58 3
01 20 19 169 33 2024 4 5 19 58 3
01 22 27 129 29 2024 4 5 19 58 3
01 24 32 242 25 2024 4 5 19 58 3
08 24 32 242 29 2024 4 5 19 58 3
02 76 17 159 27 2024 4 5 19 58 3
02 88 52 258 13 2024 4 5 19 58 3
07 21 51 133 27 2024 4 5 19 58 3
07 33 31 217 25 2024 4 5 19 58 3
12 21 51 133 23 2024 4 5 19 58 3
12 33 31 217 26 2024 4 5 19 58 3
01 11 64 204 23 2024 4 5 19 58 4
01 20 19 169 32 2024 4 5 19 58 4
01 22 27 129 30 2024 4 5 19 58 4
01 24 32 242 25 2024 4 5 19 58 4
08 24 32 242 29 2024 4 5 19 58 4
02 76 17 159 27 2024 4 5 19 58 4
02 88 52 258 16 2024 4 5 19 58 4
07 21 51 133 27 2024 4 5 19 58 4
07 33 31 217 25 2024 4 5 19 58 4
12 21 51 133 24 2024 4 5 19 58 4
12 33 31 217 27 2024 4 5 19 58 4
01 11 64 204 24 2024 4 5 19 58 5
01 20 19 169 32 2024 4 5 19 58 5
01 22 27 129 31 2024 4 5 19 58 5
01 24 32 242 24 2024 4 5 19 58 5
08 24 32 242 29 2024 4 5 19 58 5
02 76 17 159 28 2024 4 5 19 58 5
02 88 52 258 13 2024 4 5 19 58 5
07 21 51 133 27 2024 4 5 19 58 5
07 33 31 217 24 2024 4 5 19 58 5
12 21 51 133 23 2024 4 5 19 58 5
12 33 31 217 27 2024 4 5 19 58 5
01 11 64 204 25 2024 4 5 19 58 6
01 20 19 169 33 2024 4 5 19 58 6
01 22 27 129 31 2024 4 5 19 58 6
01 24 32 242 23 2024 4 5 19 58 6
08 24 32 242 29 2024 4 5 19 58 6
02 76 17 159 29 2024 4 5 19 58 6
02 88 52 258 15 2024 4 5 19 58 6
07 21 51 133 27 2024 4 5 19 58 6
07 33 31 217 23 2024 4 5 19 58 6
12 21 51 133 23 2024 4 5 19 58 6
12 33 31 217 28 2024 4 5 19 58 6
01 11 65 204 24 2024 4 5 19 58 7
01 20 19 169 33 2024 4 5 19 58 7
01 22 27 129 30 2024 4 5 19 58 7
01 24 32 242 23 2024 4 5 19 58 7
08 24 32 242 28 2024 4 5 19 58 7
02 76 17 159 29 2024 4 5 19 58 7
02 88 52 258 12 2024 4 5 19 58 7
07 21 51 133 26 2024 4 5 19 58 7
07 33 31 217 23 2024 4 5 19 58 7
12 21 51 133 22 2024 4 5 19 58 7
12 33 31 217 27 2024 4 5 19 58 7
01 11 65 204 25 2024 4 5 19 58 8
01 20 19 169 33 2024 4 5 19 58 8
01 22 27 129 30 2024 4 5 19 58 8
01 24 32 242 25 2024 4 5 19 58 8
08 24 32 242 29 2024 4 5 19 58 8
02 76 17 159 30 2024 4 5 19 58 8
02 88 52 258 18 2024 4 5 19 58 8
07 21 51 133 26 2024 4 5 19 58 8
07 33 31 217 22 2024 4 5 19 58 8
12 21 51 133 23 2024 4 5 19 58 8
12 33 31 217 27 2024 4 5 19 58 8
