01 05 09 181 24 2024 4 5 20 39 44
01 20 37 162 30 2024 4 5 20 39 44
01 22 11 139 39 2024 4 5 20 39 44
01 24 19 227 28 2024 4 5 20 39 44
02 81 18 253 28 2024 4 5 20 39 44
01 05 09 181 26 2024 4 5 20 39 45
01 20 37 162 32 2024 4 5 20 39 45
01 22 11 139 41 2024 4 5 20 39 45
01 24 19 227 28 2024 4 5 20 39 45
02 81 18 253 27 2024 4 5 20 39 45
01 05 09 181 26 2024 4 5 20 39 46
01 20 37 162 32 2024 4 5 20 39 46
01 22 11 139 41 2024 4 5 20 39 46
01 24 19 227 28 2024 4 5 20 39 46
02 81 18 253 27 2024 4 5 20 39 46
01 20 37 162 32 2024 4 5 20 39 47
01 22 11 139 41 2024 4 5 20 39 47
01 05 09 181 24 2024 4 5 20 39 47
01 20 37 162 32 2024 4 5 20 39 47
01 22 11 139 41 2024 4 5 20 39 47
01 24 19 227 31 2024 4 5 20 39 47
08 24 19 227 26 2024 4 5 20 39 47
02 81 18 253 28 2024 4 5 20 39 47
01 05 09 181 26 2024 4 5 20 39 52
01 20 37 162 32 2024 4 5 20 39 52
01 22 11 139 40 2024 4 5 20 39 52
01 24 19 227 31 2024 4 5 20 39 52
08 24 19 227 25 2024 4 5 20 39 52
02 81 18 253 28 2024 4 5 20 39 52
01 05 09 181 25 2024 4 5 20 39 53
01 20 37 162 32 2024 4 5 20 39 53
01 22 11 139 40 2024 4 5 20 39 53
01 24 19 227 31 2024 4 5 20 39 53
08 24 19 227 25 2024 4 5 20 39 53
02 81 18 253 28 2024 4 5 20 39 53
01 05 09 181 27 2024 4 5 20 39 54
01 20 37 162 32 2024 4 5 20 39 54
01 22 11 139 40 2024 4 5 20 39 54
01 24 19 227 31 2024 4 5 20 39 54
08 24 19 227 25 2024 4 5 20 39 54
02 81 18 253 26 2024 4 5 20 39 54
01 05 09 181 26 2024 4 5 20 39 55
01 20 37 162 32 2024 4 5 20 39 55
01 22 11 139 40 2024 4 5 20 39 55
01 24 19 227 30 2024 4 5 20 39 55
08 24 19 227 26 2024 4 5 20 39 55
02 81 18 253 26 2024 4 5 20 39 55
01 05 09 181 26 2024 4 5 20 39 56
01 20 37 162 32 2024 4 5 20 39 56
01 22 11 139 40 2024 4 5 20 39 56
01 24 19 227 29 2024 4 5 20 39 56
08 24 19 227 25 2024 4 5 20 39 56
02 81 18 253 26 2024 4 5 20 39 56
01 05 09 181 26 2024 4 5 20 39 57
01 20 37 162 32 2024 4 5 20 39 57
01 22 11 139 41 2024 4 5 20 39 57
01 24 19 227 28 2024 4 5 20 39 57
08 24 19 227 24 2024 4 5 20 39 57
02 81 18 253 26 2024 4 5 20 39 57
01 05 09 181 26 2024 4 5 20 39 58
01 20 37 162 33 2024 4 5 20 39 58
01 22 11 139 40 2024 4 5 20 39 58
01 24 19 227 30 2024 4 5 20 39 58
08 24 19 227 26 2024 4 5 20 39 58
02 81 18 253 25 2024 4 5 20 39 58
01 05 09 181 26 2024 4 5 20 39 59
01 20 37 162 33 2024 4 5 20 39 59
01 22 11 139 39 2024 4 5 20 39 59
01 24 19 227 30 2024 4 5 20 39 59
08 24 19 227 26 2024 4 5 20 39 59
02 81 18 253 24 2024 4 5 20 39 59
01 05 09 181 25 2024 4 5 20 40 0
01 20 37 162 34 2024 4 5 20 40 0
01 22 11 139 39 2024 4 5 20 40 0
01 24 19 227 31 2024 4 5 20 40 0
08 24 19 227 26 2024 4 5 20 40 0
02 81 18 253 25 2024 4 5 20 40 0
01 05 09 181 24 2024 4 5 20 40 1
01 20 37 162 33 2024 4 5 20 40 1
01 22 11 139 39 2024 4 5 20 40 1
01 24 19 227 30 2024 4 5 20 40 1
08 24 19 227 26 2024 4 5 20 40 1
02 81 18 253 25 2024 4 5 20 40 1
01 05 09 181 24 2024 4 5 20 40 2
01 20 37 162 33 2024 4 5 20 40 2
01 22 11 139 39 2024 4 5 20 40 2
01 24 19 227 30 2024 4 5 20 40 2
08 24 19 227 26 2024 4 5 20 40 2
02 81 18 253 25 2024 4 5 20 40 2
01 05 09 181 25 2024 4 5 20 40 3
01 20 37 162 34 2024 4 5 20 40 3
01 22 11 139 39 2024 4 5 20 40 3
01 24 19 227 30 2024 4 5 20 40 3
08 24 19 227 27 2024 4 5 20 40 3
02 81 18 253 24 2024 4 5 20 40 3
01 05 09 181 25 2024 4 5 20 40 4
01 11 86 224 19 2024 4 5 20 40 4
01 20 37 162 34 2024 4 5 20 40 4
01 22 11 139 39 2024 4 5 20 40 4
01 24 19 227 30 2024 4 5 20 40 4
08 24 19 227 27 2024 4 5 20 40 4
02 72 14 083 08 2024 4 5 20 40 4
02 81 18 253 24 2024 4 5 20 40 4
01 05 09 181 26 2024 4 5 20 40 5
01 11 86 224 16 2024 4 5 20 40 5
01 20 37 162 34 2024 4 5 20 40 5
01 22 11 139 38 2024 4 5 20 40 5
01 24 19 227 29 2024 4 5 20 40 5
08 24 19 227 26 2024 4 5 20 40 5
02 72 14 083 12 2024 4 5 20 40 5
02 81 18 253 24 2024 4 5 20 40 5
01 05 09 181 25 2024 4 5 20 40 6
01 11 86 224 18 2024 4 5 20 40 6
01 20 37 162 34 2024 4 5 20 40 6
01 22 11 139 38 2024 4 5 20 40 6
01 24 19 227 28 2024 4 5 20 40 6
08 24 19 227 26 2024 4 5 20 40 6
02 72 14 083 14 2024 4 5 20 40 6
02 81 18 253 25 2024 4 5 20 40 6
01 05 09 181 25 2024 4 5 20 40 7
01 11 86 224 18 2024 4 5 20 40 7
01 20 37 162 35 2024 4 5 20 40 7
01 22 11 139 39 2024 4 5 20 40 7
01 24 19 227 26 2024 4 5 20 40 7
08 24 19 227 26 2024 4 5 20 40 7
02 81 18 253 26 2024 4 5 20 40 7
01 05 09 181 23 2024 4 5 20 40 8
01 11 86 224 18 2024 4 5 20 40 8
01 20 37 162 35 2024 4 5 20 40 8
01 22 11 139 39 2024 4 5 20 40 8
01 24 19 227 26 2024 4 5 20 40 8
08 24 19 227 25 2024 4 5 20 40 8
02 72 14 083 11 2024 4 5 20 40 8
02 81 18 253 27 2024 4 5 20 40 8
01 05 09 181 22 2024 4 5 20 40 9
01 11 86 224 15 2024 4 5 20 40 9
01 20 37 162 35 2024 4 5 20 40 9
01 22 11 139 39 2024 4 5 20 40 9
01 24 19 227 26 2024 4 5 20 40 9
08 24 19 227 25 2024 4 5 20 40 9
02 81 18 253 27 2024 4 5 20 40 9
01 05 09 181 23 2024 4 5 20 40 10
01 11 86 224 14 2024 4 5 20 40 10
01 20 37 162 35 2024 4 5 20 40 10
01 22 11 139 38 2024 4 5 20 40 10
01 24 19 227 27 2024 4 5 20 40 10
08 24 19 227 25 2024 4 5 20 40 10
02 81 18 253 27 2024 4 5 20 40 10
01 05 09 181 23 2024 4 5 20 40 11
01 11 86 224 12 2024 4 5 20 40 11
01 20 37 162 34 2024 4 5 20 40 11
01 22 11 139 39 2024 4 5 20 40 11
01 24 19 227 27 2024 4 5 20 40 11
08 24 19 227 25 2024 4 5 20 40 11
02 81 18 253 27 2024 4 5 20 40 11
01 05 09 181 25 2024 4 5 20 40 12
01 11 86 224 12 2024 4 5 20 40 12
01 20 37 162 34 2024 4 5 20 40 12
01 22 11 139 39 2024 4 5 20 40 12
01 24 19 227 27 2024 4 5 20 40 12
08 24 19 227 25 2024 4 5 20 40 12
02 72 14 083 12 2024 4 5 20 40 12
02 81 18 253 27 2024 4 5 20 40 12
01 05 09 181 24 2024 4 5 20 40 13
01 20 37 162 34 2024 4 5 20 40 13
01 22 11 139 40 2024 4 5 20 40 13
01 24 19 227 27 2024 4 5 20 40 13
08 24 19 227 24 2024 4 5 20 40 13
02 81 18 253 27 2024 4 5 20 40 13
01 05 09 181 26 2024 4 5 20 40 14
01 20 37 162 34 2024 4 5 20 40 14
01 22 10 139 40 2024 4 5 20 40 14
01 24 19 227 27 2024 4 5 20 40 14
08 24 19 227 26 2024 4 5 20 40 14
02 81 18 253 28 2024 4 5 20 40 14
01 05 09 181 26 2024 4 5 20 40 15
01 11 86 225 06 2024 4 5 20 40 15
01 20 37 162 35 2024 4 5 20 40 15
01 22 10 139 40 2024 4 5 20 40 15
01 24 19 227 27 2024 4 5 20 40 15
08 24 19 227 25 2024 4 5 20 40 15
02 72 14 083 08 2024 4 5 20 40 15
02 81 18 253 27 2024 4 5 20 40 15
07 21 36 145 34 2024 4 5 20 40 15
01 05 09 181 25 2024 4 5 20 40 16
01 11 86 225 08 2024 4 5 20 40 16
01 20 37 162 34 2024 4 5 20 40 16
01 22 10 139 40 2024 4 5 20 40 16
01 24 19 227 26 2024 4 5 20 40 16
08 24 19 227 24 2024 4 5 20 40 16
02 72 14 082 08 2024 4 5 20 40 16
02 81 18 253 26 2024 4 5 20 40 16
07 21 36 145 34 2024 4 5 20 40 16
01 05 09 181 26 2024 4 5 20 40 17
01 11 86 225 05 2024 4 5 20 40 17
01 20 37 162 34 2024 4 5 20 40 17
01 22 10 139 40 2024 4 5 20 40 17
01 24 19 227 28 2024 4 5 20 40 17
08 24 19 227 23 2024 4 5 20 40 17
02 81 18 253 24 2024 4 5 20 40 17
07 21 36 145 34 2024 4 5 20 40 17
01 05 09 181 28 2024 4 5 20 40 18
01 11 86 225 12 2024 4 5 20 40 18
01 20 37 162 35 2024 4 5 20 40 18
01 22 10 139 40 2024 4 5 20 40 18
01 24 19 227 26 2024 4 5 20 40 18
08 24 19 227 24 2024 4 5 20 40 18
02 81 18 253 23 2024 4 5 20 40 18
07 21 36 145 34 2024 4 5 20 40 18
01 05 09 181 28 2024 4 5 20 40 19
01 11 86 225 11 2024 4 5 20 40 19
01 20 37 162 34 2024 4 5 20 40 19
01 22 10 139 40 2024 4 5 20 40 19
01 24 19 227 27 2024 4 5 20 40 19
08 24 19 227 24 2024 4 5 20 40 19
02 81 18 253 22 2024 4 5 20 40 19
07 21 36 145 34 2024 4 5 20 40 19
01 05 09 181 27 2024 4 5 20 40 20
01 11 86 225 12 2024 4 5 20 40 20
01 20 37 162 34 2024 4 5 20 40 20
01 22 10 139 40 2024 4 5 20 40 20
01 24 19 227 26 2024 4 5 20 40 20
08 24 19 227 24 2024 4 5 20 40 20
02 81 18 253 21 2024 4 5 20 40 20
07 21 36 145 33 2024 4 5 20 40 20
12 21 36 145 02 2024 4 5 20 40 20
01 05 09 181 27 2024 4 5 20 40 21
01 11 86 225 11 2024 4 5 20 40 21
01 20 37 162 34 2024 4 5 20 40 21
01 22 10 139 40 2024 4 5 20 40 21
01 24 19 227 28 2024 4 5 20 40 21
08 24 19 227 24 2024 4 5 20 40 21
02 81 18 253 22 2024 4 5 20 40 21
07 21 36 145 34 2024 4 5 20 40 21
12 21 36 145 13 2024 4 5 20 40 21
01 05 09 181 28 2024 4 5 20 40 22
01 11 86 225 10 2024 4 5 20 40 22
01 20 37 162 34 2024 4 5 20 40 22
01 22 10 139 40 2024 4 5 20 40 22
01 24 19 227 28 2024 4 5 20 40 22
08 24 19 227 24 2024 4 5 20 40 22
02 81 18 253 23 2024 4 5 20 40 22
07 21 36 145 33 2024 4 5 20 40 22
12 21 36 145 17 2024 4 5 20 40 22
01 05 09 181 28 2024 4 5 20 40 23
01 11 86 225 10 2024 4 5 20 40 23
01 20 37 162 34 2024 4 5 20 40 23
01 22 10 139 39 2024 4 5 20 40 23
01 24 19 227 27 2024 4 5 20 40 23
08 24 19 227 24 2024 4 5 20 40 23
02 81 18 253 23 2024 4 5 20 40 23
07 21 36 145 34 2024 4 5 20 40 23
12 21 36 145 19 2024 4 5 20 40 23
01 05 09 181 30 2024 4 5 20 40 24
01 11 86 225 10 2024 4 5 20 40 24
01 20 37 162 35 2024 4 5 20 40 24
01 22 10 139 40 2024 4 5 20 40 24
01 24 19 227 27 2024 4 5 20 40 24
08 24 19 227 24 2024 4 5 20 40 24
02 81 18 253 23 2024 4 5 20 40 24
07 21 36 145 34 2024 4 5 20 40 24
12 21 36 145 23 2024 4 5 20 40 24
01 05 09 181 29 2024 4 5 20 40 25
01 11 86 225 14 2024 4 5 20 40 25
01 20 37 162 34 2024 4 5 20 40 25
01 22 10 139 40 2024 4 5 20 40 25
01 24 19 227 28 2024 4 5 20 40 25
08 24 19 227 24 2024 4 5 20 40 25
02 81 18 253 26 2024 4 5 20 40 25
07 21 36 145 34 2024 4 5 20 40 25
12 21 36 145 24 2024 4 5 20 40 25
01 05 09 181 28 2024 4 5 20 40 26
01 11 86 225 17 2024 4 5 20 40 26
01 20 37 162 33 2024 4 5 20 40 26
01 22 10 139 39 2024 4 5 20 40 26
01 24 19 227 27 2024 4 5 20 40 26
08 24 19 227 23 2024 4 5 20 40 26
02 79 19 329 17 2024 4 5 20 40 26
02 81 18 253 24 2024 4 5 20 40 26
07 21 36 145 33 2024 4 5 20 40 26
12 21 36 145 22 2024 4 5 20 40 26
01 05 09 181 28 2024 4 5 20 40 27
01 11 86 225 15 2024 4 5 20 40 27
01 20 37 162 33 2024 4 5 20 40 27
01 22 10 139 39 2024 4 5 20 40 27
01 24 19 227 28 2024 4 5 20 40 27
08 24 19 227 23 2024 4 5 20 40 27
02 79 19 329 16 2024 4 5 20 40 27
02 81 18 253 18 2024 4 5 20 40 27
07 21 36 145 33 2024 4 5 20 40 27
12 21 36 145 22 2024 4 5 20 40 27
01 05 09 181 28 2024 4 5 20 40 28
01 11 86 225 17 2024 4 5 20 40 28
01 20 37 162 34 2024 4 5 20 40 28
01 22 10 139 39 2024 4 5 20 40 28
01 24 19 227 28 2024 4 5 20 40 28
08 24 19 227 25 2024 4 5 20 40 28
02 79 19 329 13 2024 4 5 20 40 28
02 81 18 253 22 2024 4 5 20 40 28
07 21 36 145 33 2024 4 5 20 40 28
12 21 36 145 22 2024 4 5 20 40 28
01 05 09 181 28 2024 4 5 20 40 29
01 11 86 225 13 2024 4 5 20 40 29
01 20 37 162 33 2024 4 5 20 40 29
01 22 10 139 39 2024 4 5 20 40 29
01 24 19 227 28 2024 4 5 20 40 29
08 24 19 227 25 2024 4 5 20 40 29
02 79 19 329 13 2024 4 5 20 40 29
02 81 18 253 24 2024 4 5 20 40 29
07 21 36 145 33 2024 4 5 20 40 29
12 21 36 145 23 2024 4 5 20 40 29
01 05 09 181 28 2024 4 5 20 40 30
01 11 86 225 17 2024 4 5 20 40 30
01 20 37 162 34 2024 4 5 20 40 30
01 22 10 139 39 2024 4 5 20 40 30
01 24 19 227 29 2024 4 5 20 40 30
08 24 19 227 24 2024 4 5 20 40 30
02 79 19 329 11 2024 4 5 20 40 30
02 81 18 253 25 2024 4 5 20 40 30
07 21 36 145 33 2024 4 5 20 40 30
12 21 36 145 23 2024 4 5 20 40 30
01 05 09 181 28 2024 4 5 20 40 31
01 11 86 225 16 2024 4 5 20 40 31
01 20 37 162 34 2024 4 5 20 40 31
01 22 10 139 39 2024 4 5 20 40 31
01 24 19 227 29 2024 4 5 20 40 31
08 24 19 227 26 2024 4 5 20 40 31
02 79 19 329 08 2024 4 5 20 40 31
02 81 18 253 26 2024 4 5 20 40 31
07 21 36 145 33 2024 4 5 20 40 31
12 21 36 145 22 2024 4 5 20 40 31
