01 05 37 176 13 2024 4 17 20 53 27
01 06 26 052 40 2024 4 17 20 53 27
02 73 11 183 37 2024 4 17 20 53 27
02 83 06 063 28 2024 4 17 20 53 27
02 85 37 285 44 2024 4 17 20 53 27
06 21 27 133 39 2024 4 17 20 53 27
06 22 29 074 40 2024 4 17 20 53 27
06 23 20 310 36 2024 4 17 20 53 27
06 24 21 196 43 2024 4 17 20 53 27
06 25 39 256 42 2024 4 17 20 53 27
06 34 64 315 42 2024 4 17 20 53 27
06 43 22 278 44 2024 4 17 20 53 27
06 44 45 066 45 2024 4 17 20 53 27
11 43 22 278 42 2024 4 17 20 53 27
11 44 45 066 34 2024 4 17 20 53 27
01 05 37 176 11 2024 4 17 20 53 28
01 06 26 052 42 2024 4 17 20 53 28
02 73 11 183 39 2024 4 17 20 53 28
02 83 06 063 31 2024 4 17 20 53 28
02 85 37 285 46 2024 4 17 20 53 28
06 21 27 133 40 2024 4 17 20 53 28
06 22 29 074 41 2024 4 17 20 53 28
06 23 20 310 37 2024 4 17 20 53 28
06 24 21 196 44 2024 4 17 20 53 28
06 25 39 256 45 2024 4 17 20 53 28
06 34 64 315 44 2024 4 17 20 53 28
06 43 22 278 44 2024 4 17 20 53 28
06 44 45 066 46 2024 4 17 20 53 28
11 43 22 278 41 2024 4 17 20 53 28
11 44 45 066 35 2024 4 17 20 53 28
01 06 26 052 43 2024 4 17 20 53 29
08 06 26 052 42 2024 4 17 20 53 29
02 73 11 183 40 2024 4 17 20 53 29
02 83 06 063 31 2024 4 17 20 53 29
02 85 37 285 46 2024 4 17 20 53 29
06 21 27 133 40 2024 4 17 20 53 29
06 22 29 074 41 2024 4 17 20 53 29
06 23 20 310 36 2024 4 17 20 53 29
06 24 21 196 44 2024 4 17 20 53 29
06 25 39 256 45 2024 4 17 20 53 29
06 34 64 315 45 2024 4 17 20 53 29
06 43 22 278 44 2024 4 17 20 53 29
06 44 45 066 47 2024 4 17 20 53 29
11 24 21 196 28 2024 4 17 20 53 29
11 43 22 278 41 2024 4 17 20 53 29
11 44 45 066 35 2024 4 17 20 53 29
01 06 26 052 43 2024 4 17 20 53 30
08 06 26 052 42 2024 4 17 20 53 30
02 73 11 183 39 2024 4 17 20 53 30
02 75 44 301 04 2024 4 17 20 53 30
02 83 06 063 31 2024 4 17 20 53 30
02 85 37 285 46 2024 4 17 20 53 30
06 21 27 133 40 2024 4 17 20 53 30
06 22 29 074 41 2024 4 17 20 53 30
06 23 20 310 36 2024 4 17 20 53 30
06 24 21 196 44 2024 4 17 20 53 30
06 25 39 256 46 2024 4 17 20 53 30
06 34 64 315 44 2024 4 17 20 53 30
06 43 22 278 44 2024 4 17 20 53 30
06 44 45 066 47 2024 4 17 20 53 30
11 21 27 133 35 2024 4 17 20 53 30
11 22 29 074 38 2024 4 17 20 53 30
11 23 20 310 41 2024 4 17 20 53 30
11 24 21 196 28 2024 4 17 20 53 30
11 25 39 256 44 2024 4 17 20 53 30
11 34 64 315 40 2024 4 17 20 53 30
11 43 22 278 41 2024 4 17 20 53 30
11 44 45 066 35 2024 4 17 20 53 30
01 06 26 052 44 2024 4 17 20 53 31
08 06 26 052 42 2024 4 17 20 53 31
02 73 11 183 40 2024 4 17 20 53 31
02 75 44 301 10 2024 4 17 20 53 31
02 83 06 063 31 2024 4 17 20 53 31
02 85 37 285 46 2024 4 17 20 53 31
06 21 27 133 41 2024 4 17 20 53 31
06 22 29 074 41 2024 4 17 20 53 31
06 23 20 310 36 2024 4 17 20 53 31
06 24 21 196 45 2024 4 17 20 53 31
06 25 39 256 46 2024 4 17 20 53 31
06 34 64 315 45 2024 4 17 20 53 31
06 43 22 278 44 2024 4 17 20 53 31
06 44 45 066 46 2024 4 17 20 53 31
11 21 27 133 35 2024 4 17 20 53 31
11 22 29 074 38 2024 4 17 20 53 31
11 23 20 310 41 2024 4 17 20 53 31
11 24 21 196 29 2024 4 17 20 53 31
11 25 39 256 44 2024 4 17 20 53 31
11 34 64 315 40 2024 4 17 20 53 31
11 43 22 278 41 2024 4 17 20 53 31
11 44 45 066 35 2024 4 17 20 53 31
01 06 26 052 43 2024 4 17 20 38 56
08 06 26 052 42 2024 4 17 20 38 56
02 73 11 183 40 2024 4 17 20 38 56
02 83 06 063 32 2024 4 17 20 38 56
02 85 37 285 46 2024 4 17 20 38 56
06 21 27 133 41 2024 4 17 20 38 56
06 22 29 074 41 2024 4 17 20 38 56
06 23 20 310 35 2024 4 17 20 38 56
06 24 21 196 45 2024 4 17 20 38 56
06 25 39 256 46 2024 4 17 20 38 56
06 34 64 315 45 2024 4 17 20 38 56
06 43 22 278 45 2024 4 17 20 38 56
06 44 45 066 46 2024 4 17 20 38 56
11 21 27 133 35 2024 4 17 20 38 56
11 22 29 074 38 2024 4 17 20 38 56
11 23 20 310 41 2024 4 17 20 38 56
11 24 21 196 29 2024 4 17 20 38 56
11 25 39 256 44 2024 4 17 20 38 56
11 34 64 315 40 2024 4 17 20 38 56
11 43 22 278 41 2024 4 17 20 38 56
11 44 45 066 35 2024 4 17 20 38 56
01 05 37 176 34 2024 4 17 20 38 57
01 06 26 052 44 2024 4 17 20 38 57
01 25 54 291 35 2024 4 17 20 38 57
08 06 26 052 43 2024 4 17 20 38 57
02 73 11 183 41 2024 4 17 20 38 57
02 83 06 063 32 2024 4 17 20 38 57
02 85 37 285 47 2024 4 17 20 38 57
06 21 27 133 40 2024 4 17 20 38 57
06 22 29 074 41 2024 4 17 20 38 57
06 23 20 310 36 2024 4 17 20 38 57
06 24 21 196 44 2024 4 17 20 38 57
06 25 39 256 46 2024 4 17 20 38 57
06 34 64 315 45 2024 4 17 20 38 57
06 43 22 278 45 2024 4 17 20 38 57
06 44 45 066 46 2024 4 17 20 38 57
11 21 27 133 35 2024 4 17 20 38 57
11 22 29 074 39 2024 4 17 20 38 57
11 23 20 310 41 2024 4 17 20 38 57
11 24 21 196 29 2024 4 17 20 38 57
11 25 39 256 43 2024 4 17 20 38 57
11 34 64 315 41 2024 4 17 20 38 57
11 43 22 278 41 2024 4 17 20 38 57
11 44 45 066 35 2024 4 17 20 38 57
01 05 37 176 41 2024 4 17 20 38 58
01 06 26 052 43 2024 4 17 20 38 58
01 25 54 291 42 2024 4 17 20 38 58
08 06 26 052 42 2024 4 17 20 38 58
02 73 11 183 41 2024 4 17 20 38 58
02 83 06 063 31 2024 4 17 20 38 58
02 85 37 285 47 2024 4 17 20 38 58
06 21 27 133 40 2024 4 17 20 38 58
06 22 29 074 41 2024 4 17 20 38 58
06 23 20 310 36 2024 4 17 20 38 58
06 24 21 196 44 2024 4 17 20 38 58
06 25 39 256 46 2024 4 17 20 38 58
06 34 64 315 45 2024 4 17 20 38 58
06 43 22 278 44 2024 4 17 20 38 58
06 44 45 066 46 2024 4 17 20 38 58
11 21 27 133 35 2024 4 17 20 38 58
11 22 29 074 39 2024 4 17 20 38 58
11 23 20 310 41 2024 4 17 20 38 58
11 24 21 196 29 2024 4 17 20 38 58
11 25 39 256 43 2024 4 17 20 38 58
11 34 64 315 40 2024 4 17 20 38 58
11 43 22 278 40 2024 4 17 20 38 58
11 44 45 066 35 2024 4 17 20 38 58
01 05 37 176 44 2024 4 17 20 38 59
01 06 26 052 43 2024 4 17 20 38 59
01 25 54 291 45 2024 4 17 20 38 59
08 06 26 052 42 2024 4 17 20 38 59
08 25 54 291 40 2024 4 17 20 38 59
02 73 11 183 41 2024 4 17 20 38 59
02 83 06 063 31 2024 4 17 20 38 59
02 85 37 285 47 2024 4 17 20 38 59
06 21 27 133 40 2024 4 17 20 38 59
06 22 29 074 41 2024 4 17 20 38 59
06 23 20 310 37 2024 4 17 20 38 59
06 24 21 196 44 2024 4 17 20 38 59
06 25 39 256 46 2024 4 17 20 38 59
06 34 64 315 45 2024 4 17 20 38 59
06 43 22 278 44 2024 4 17 20 38 59
06 44 45 066 46 2024 4 17 20 38 59
11 21 27 133 35 2024 4 17 20 38 59
11 22 29 074 39 2024 4 17 20 38 59
11 23 20 310 41 2024 4 17 20 38 59
11 24 21 196 28 2024 4 17 20 38 59
11 25 39 256 43 2024 4 17 20 38 59
11 34 64 315 41 2024 4 17 20 38 59
11 43 22 278 41 2024 4 17 20 38 59
11 44 45 066 35 2024 4 17 20 38 59
01 05 37 176 45 2024 4 17 20 39 0
01 06 26 052 43 2024 4 17 20 39 0
01 25 54 291 46 2024 4 17 20 39 0
08 06 26 052 42 2024 4 17 20 39 0
08 25 54 291 41 2024 4 17 20 39 0
02 73 11 183 41 2024 4 17 20 39 0
02 74 44 216 09 2024 4 17 20 39 0
02 83 06 063 29 2024 4 17 20 39 0
02 85 37 285 46 2024 4 17 20 39 0
06 21 27 133 40 2024 4 17 20 39 0
06 22 29 074 42 2024 4 17 20 39 0
06 23 20 310 36 2024 4 17 20 39 0
06 24 21 196 45 2024 4 17 20 39 0
06 25 39 256 46 2024 4 17 20 39 0
06 34 64 315 45 2024 4 17 20 39 0
06 43 22 278 45 2024 4 17 20 39 0
06 44 45 066 47 2024 4 17 20 39 0
11 21 27 133 35 2024 4 17 20 39 0
11 22 29 074 39 2024 4 17 20 39 0
11 23 20 310 41 2024 4 17 20 39 0
11 24 21 196 29 2024 4 17 20 39 0
11 25 39 256 43 2024 4 17 20 39 0
11 34 64 315 40 2024 4 17 20 39 0
11 43 22 278 41 2024 4 17 20 39 0
11 44 45 066 35 2024 4 17 20 39 0
01 05 37 176 46 2024 4 17 20 39 1
01 06 26 052 43 2024 4 17 20 39 1
01 25 54 291 46 2024 4 17 20 39 1
08 06 26 052 42 2024 4 17 20 39 1
08 25 54 291 42 2024 4 17 20 39 1
02 73 11 183 41 2024 4 17 20 39 1
02 74 44 216 07 2024 4 17 20 39 1
02 75 44 301 07 2024 4 17 20 39 1
02 83 06 063 29 2024 4 17 20 39 1
02 85 37 285 46 2024 4 17 20 39 1
06 21 27 133 40 2024 4 17 20 39 1
06 22 29 074 41 2024 4 17 20 39 1
06 23 20 310 36 2024 4 17 20 39 1
06 24 21 196 44 2024 4 17 20 39 1
06 25 39 256 46 2024 4 17 20 39 1
06 34 64 315 46 2024 4 17 20 39 1
06 43 22 278 45 2024 4 17 20 39 1
06 44 45 066 47 2024 4 17 20 39 1
11 21 27 133 35 2024 4 17 20 39 1
11 22 29 074 39 2024 4 17 20 39 1
11 23 20 310 41 2024 4 17 20 39 1
11 24 21 196 28 2024 4 17 20 39 1
11 25 39 256 43 2024 4 17 20 39 1
11 34 64 315 41 2024 4 17 20 39 1
11 43 22 278 41 2024 4 17 20 39 1
11 44 45 066 35 2024 4 17 20 39 1
01 05 37 176 46 2024 4 17 20 39 2
01 06 26 052 43 2024 4 17 20 39 2
01 25 54 291 45 2024 4 17 20 39 2
08 06 26 052 43 2024 4 17 20 39 2
08 25 54 291 42 2024 4 17 20 39 2
02 73 11 183 41 2024 4 17 20 39 2
02 83 06 063 29 2024 4 17 20 39 2
02 85 37 285 46 2024 4 17 20 39 2
06 21 27 133 40 2024 4 17 20 39 2
06 22 29 074 42 2024 4 17 20 39 2
06 23 20 310 37 2024 4 17 20 39 2
06 24 21 196 45 2024 4 17 20 39 2
06 25 39 256 46 2024 4 17 20 39 2
06 34 64 315 46 2024 4 17 20 39 2
06 43 22 278 45 2024 4 17 20 39 2
06 44 45 066 47 2024 4 17 20 39 2
11 21 27 133 35 2024 4 17 20 39 2
11 22 29 074 39 2024 4 17 20 39 2
11 23 20 310 41 2024 4 17 20 39 2
11 24 21 196 28 2024 4 17 20 39 2
11 25 39 256 43 2024 4 17 20 39 2
11 34 64 315 41 2024 4 17 20 39 2
11 43 22 278 41 2024 4 17 20 39 2
11 44 45 066 36 2024 4 17 20 39 2
01 05 30 177 47 2024 4 17 20 39 3
01 06 31 049 43 2024 4 17 20 39 3
01 25 54 291 46 2024 4 17 20 39 3
08 06 31 049 43 2024 4 17 20 39 3
08 25 54 291 42 2024 4 17 20 39 3
02 73 11 183 41 2024 4 17 20 39 3
02 83 06 063 29 2024 4 17 20 39 3
02 85 37 285 45 2024 4 17 20 39 3
06 21 27 133 40 2024 4 17 20 39 3
06 22 29 074 42 2024 4 17 20 39 3
06 23 20 310 37 2024 4 17 20 39 3
06 24 21 196 45 2024 4 17 20 39 3
06 25 39 256 46 2024 4 17 20 39 3
06 34 64 315 46 2024 4 17 20 39 3
06 43 22 278 45 2024 4 17 20 39 3
06 44 45 066 46 2024 4 17 20 39 3
11 21 27 133 35 2024 4 17 20 39 3
11 22 29 074 39 2024 4 17 20 39 3
11 23 20 310 42 2024 4 17 20 39 3
11 24 21 196 29 2024 4 17 20 39 3
11 25 39 256 43 2024 4 17 20 39 3
11 34 64 315 41 2024 4 17 20 39 3
11 43 22 278 41 2024 4 17 20 39 3
11 44 45 066 36 2024 4 17 20 39 3
07 02 61 288 27 2024 4 17 20 39 3
07 11 49 044 41 2024 4 17 20 39 3
01 05 30 177 46 2024 4 17 20 39 4
01 06 31 049 43 2024 4 17 20 39 4
01 24 04 213 36 2024 4 17 20 39 4
01 25 49 299 45 2024 4 17 20 39 4
08 06 31 049 43 2024 4 17 20 39 4
08 24 04 213 35 2024 4 17 20 39 4
08 25 49 299 42 2024 4 17 20 39 4
02 73 11 183 41 2024 4 17 20 39 4
02 83 06 063 29 2024 4 17 20 39 4
02 85 37 285 45 2024 4 17 20 39 4
06 21 27 133 40 2024 4 17 20 39 4
06 22 29 074 43 2024 4 17 20 39 4
06 23 20 310 37 2024 4 17 20 39 4
06 24 21 196 45 2024 4 17 20 39 4
06 25 39 256 47 2024 4 17 20 39 4
06 34 64 315 47 2024 4 17 20 39 4
06 43 22 278 45 2024 4 17 20 39 4
06 44 45 066 46 2024 4 17 20 39 4
11 21 27 133 35 2024 4 17 20 39 4
11 22 29 074 39 2024 4 17 20 39 4
11 23 20 310 41 2024 4 17 20 39 4
11 24 21 196 30 2024 4 17 20 39 4
11 25 39 256 43 2024 4 17 20 39 4
11 34 64 315 41 2024 4 17 20 39 4
11 43 22 278 41 2024 4 17 20 39 4
11 44 45 066 36 2024 4 17 20 39 4
07 02 61 288 38 2024 4 17 20 39 4
07 11 49 044 42 2024 4 17 20 39 4
01 05 30 177 46 2024 4 17 20 39 5
01 06 31 049 43 2024 4 17 20 39 5
01 24 04 213 35 2024 4 17 20 39 5
01 25 49 299 45 2024 4 17 20 39 5
08 06 31 049 43 2024 4 17 20 39 5
08 24 04 213 36 2024 4 17 20 39 5
08 25 49 299 42 2024 4 17 20 39 5
02 73 11 183 41 2024 4 17 20 39 5
02 83 06 063 29 2024 4 17 20 39 5
02 85 37 285 45 2024 4 17 20 39 5
06 21 27 133 40 2024 4 17 20 39 5
06 22 29 074 42 2024 4 17 20 39 5
06 23 20 310 37 2024 4 17 20 39 5
06 24 21 196 44 2024 4 17 20 39 5
06 25 39 256 47 2024 4 17 20 39 5
06 34 64 315 47 2024 4 17 20 39 5
06 43 22 278 45 2024 4 17 20 39 5
06 44 45 066 46 2024 4 17 20 39 5
11 21 27 133 35 2024 4 17 20 39 5
11 22 29 074 39 2024 4 17 20 39 5
11 23 20 310 41 2024 4 17 20 39 5
11 24 21 196 30 2024 4 17 20 39 5
11 25 39 256 43 2024 4 17 20 39 5
11 34 64 315 41 2024 4 17 20 39 5
11 43 22 278 41 2024 4 17 20 39 5
11 44 45 066 36 2024 4 17 20 39 5
07 02 61 288 42 2024 4 17 20 39 5
07 11 49 044 43 2024 4 17 20 39 5
12 11 49 044 33 2024 4 17 20 39 5
01 05 30 177 46 2024 4 17 20 39 6
01 06 31 049 43 2024 4 17 20 39 6
01 24 04 213 35 2024 4 17 20 39 6
01 25 49 299 45 2024 4 17 20 39 6
08 06 31 049 43 2024 4 17 20 39 6
08 24 04 213 36 2024 4 17 20 39 6
08 25 49 299 42 2024 4 17 20 39 6
02 73 18 184 41 2024 4 17 20 39 6
02 83 11 057 30 2024 4 17 20 39 6
02 85 33 276 46 2024 4 17 20 39 6
06 21 22 137 40 2024 4 17 20 39 6
06 22 28 081 42 2024 4 17 20 39 6
06 23 17 315 36 2024 4 17 20 39 6
06 24 27 199 44 2024 4 17 20 39 6
06 25 41 264 47 2024 4 17 20 39 6
06 34 61 303 47 2024 4 17 20 39 6
06 43 18 273 45 2024 4 17 20 39 6
06 44 50 060 46 2024 4 17 20 39 6
11 21 22 137 35 2024 4 17 20 39 6
11 22 28 081 39 2024 4 17 20 39 6
11 23 17 315 41 2024 4 17 20 39 6
11 24 27 199 30 2024 4 17 20 39 6
11 25 41 264 43 2024 4 17 20 39 6
11 34 61 303 41 2024 4 17 20 39 6
11 43 18 273 40 2024 4 17 20 39 6
11 44 50 060 36 2024 4 17 20 39 6
07 02 61 288 42 2024 4 17 20 39 6
07 11 49 044 43 2024 4 17 20 39 6
12 11 49 044 36 2024 4 17 20 39 6
01 05 30 177 46 2024 4 17 20 39 7
01 06 31 049 43 2024 4 17 20 39 7
01 24 04 213 34 2024 4 17 20 39 7
01 25 49 299 45 2024 4 17 20 39 7
08 06 31 049 42 2024 4 17 20 39 7
08 24 04 213 36 2024 4 17 20 39 7
08 25 49 299 42 2024 4 17 20 39 7
02 73 18 184 42 2024 4 17 20 39 7
02 83 11 057 30 2024 4 17 20 39 7
02 85 33 276 46 2024 4 17 20 39 7
06 21 22 137 40 2024 4 17 20 39 7
06 22 28 081 41 2024 4 17 20 39 7
06 23 17 315 36 2024 4 17 20 39 7
06 24 27 199 44 2024 4 17 20 39 7
06 25 41 264 46 2024 4 17 20 39 7
06 34 61 303 46 2024 4 17 20 39 7
06 43 18 273 45 2024 4 17 20 39 7
06 44 50 060 46 2024 4 17 20 39 7
11 21 22 137 35 2024 4 17 20 39 7
11 22 28 081 39 2024 4 17 20 39 7
11 23 17 315 41 2024 4 17 20 39 7
11 24 27 199 30 2024 4 17 20 39 7
11 25 41 264 43 2024 4 17 20 39 7
11 34 61 303 41 2024 4 17 20 39 7
11 43 18 273 40 2024 4 17 20 39 7
11 44 50 060 36 2024 4 17 20 39 7
07 02 61 288 43 2024 4 17 20 39 7
07 11 49 044 43 2024 4 17 20 39 7
12 02 61 288 33 2024 4 17 20 39 7
12 11 49 044 36 2024 4 17 20 39 7
01 05 30 177 46 2024 4 17 20 39 8
01 06 31 049 43 2024 4 17 20 39 8
01 24 04 213 34 2024 4 17 20 39 8
01 25 49 299 45 2024 4 17 20 39 8
08 06 31 049 42 2024 4 17 20 39 8
08 24 04 213 35 2024 4 17 20 39 8
08 25 49 299 42 2024 4 17 20 39 8
02 68 22 057 40 2024 4 17 20 39 8
02 73 18 184 41 2024 4 17 20 39 8
02 74 51 222 41 2024 4 17 20 39 8
02 83 11 057 30 2024 4 17 20 39 8
02 84 57 001 29 2024 4 17 20 39 8
02 85 33 276 46 2024 4 17 20 39 8
06 21 22 137 40 2024 4 17 20 39 8
06 22 28 081 40 2024 4 17 20 39 8
06 23 17 315 37 2024 4 17 20 39 8
06 24 27 199 44 2024 4 17 20 39 8
06 25 41 264 47 2024 4 17 20 39 8
06 34 61 303 46 2024 4 17 20 39 8
06 43 18 273 45 2024 4 17 20 39 8
06 44 50 060 46 2024 4 17 20 39 8
11 21 22 137 36 2024 4 17 20 39 8
11 22 28 081 39 2024 4 17 20 39 8
11 23 17 315 41 2024 4 17 20 39 8
11 24 27 199 30 2024 4 17 20 39 8
11 25 41 264 43 2024 4 17 20 39 8
11 34 61 303 41 2024 4 17 20 39 8
11 43 18 273 40 2024 4 17 20 39 8
11 44 50 060 35 2024 4 17 20 39 8
07 02 61 288 42 2024 4 17 20 39 8
07 04 05 086 37 2024 4 17 20 39 8
07 11 49 044 42 2024 4 17 20 39 8
12 02 61 288 38 2024 4 17 20 39 8
12 11 49 044 36 2024 4 17 20 39 8
01 05 30 177 46 2024 4 17 20 39 9
01 06 31 049 42 2024 4 17 20 39 9
01 24 04 213 34 2024 4 17 20 39 9
01 25 49 299 45 2024 4 17 20 39 9
08 06 31 049 42 2024 4 17 20 39 9
08 24 04 213 35 2024 4 17 20 39 9
08 25 49 299 42 2024 4 17 20 39 9
02 68 22 057 41 2024 4 17 20 39 9
02 73 18 184 42 2024 4 17 20 39 9
02 74 51 222 41 2024 4 17 20 39 9
02 75 41 311 45 2024 4 17 20 39 9
02 83 11 057 31 2024 4 17 20 39 9
02 84 57 001 30 2024 4 17 20 39 9
02 85 33 276 46 2024 4 17 20 39 9
06 21 22 137 41 2024 4 17 20 39 9
06 22 28 081 41 2024 4 17 20 39 9
06 23 17 315 37 2024 4 17 20 39 9
06 24 27 199 44 2024 4 17 20 39 9
06 25 41 264 46 2024 4 17 20 39 9
06 34 61 303 46 2024 4 17 20 39 9
06 43 18 273 45 2024 4 17 20 39 9
06 44 50 060 46 2024 4 17 20 39 9
11 21 22 137 36 2024 4 17 20 39 9
11 22 28 081 39 2024 4 17 20 39 9
11 23 17 315 41 2024 4 17 20 39 9
11 24 27 199 31 2024 4 17 20 39 9
11 25 41 264 43 2024 4 17 20 39 9
11 34 61 303 41 2024 4 17 20 39 9
11 43 18 273 40 2024 4 17 20 39 9
11 44 50 060 35 2024 4 17 20 39 9
07 02 61 288 42 2024 4 17 20 39 9
07 04 05 086 42 2024 4 17 20 39 9
07 11 49 044 42 2024 4 17 20 39 9
07 25 52 176 01 2024 4 17 20 39 9
12 02 61 288 39 2024 4 17 20 39 9
12 11 49 044 36 2024 4 17 20 39 9
01 05 30 177 46 2024 4 17 20 39 10
01 06 31 049 42 2024 4 17 20 39 10
01 24 04 213 35 2024 4 17 20 39 10
01 25 49 299 45 2024 4 17 20 39 10
08 06 31 049 42 2024 4 17 20 39 10
08 24 04 213 35 2024 4 17 20 39 10
08 25 49 299 42 2024 4 17 20 39 10
02 68 22 057 42 2024 4 17 20 39 10
02 73 18 184 43 2024 4 17 20 39 10
02 74 51 222 41 2024 4 17 20 39 10
02 75 41 311 46 2024 4 17 20 39 10
02 83 11 057 31 2024 4 17 20 39 10
02 84 57 001 30 2024 4 17 20 39 10
02 85 33 276 46 2024 4 17 20 39 10
06 21 22 137 41 2024 4 17 20 39 10
06 22 28 081 41 2024 4 17 20 39 10
06 23 17 315 37 2024 4 17 20 39 10
06 24 27 199 45 2024 4 17 20 39 10
06 25 41 264 46 2024 4 17 20 39 10
06 34 61 303 46 2024 4 17 20 39 10
06 43 18 273 46 2024 4 17 20 39 10
06 44 50 060 46 2024 4 17 20 39 10
11 21 22 137 36 2024 4 17 20 39 10
11 22 28 081 39 2024 4 17 20 39 10
11 23 17 315 41 2024 4 17 20 39 10
11 24 27 199 31 2024 4 17 20 39 10
11 25 41 264 43 2024 4 17 20 39 10
11 34 61 303 41 2024 4 17 20 39 10
11 43 18 273 40 2024 4 17 20 39 10
11 44 50 060 36 2024 4 17 20 39 10
07 02 58 296 42 2024 4 17 20 39 10
07 04 02 090 42 2024 4 17 20 39 10
07 11 49 044 42 2024 4 17 20 39 10
07 25 52 176 34 2024 4 17 20 39 10
12 02 58 296 40 2024 4 17 20 39 10
12 11 49 044 37 2024 4 17 20 39 10
01 05 30 177 46 2024 4 17 20 39 11
01 06 31 049 43 2024 4 17 20 39 11
01 24 04 213 35 2024 4 17 20 39 11
01 25 49 299 45 2024 4 17 20 39 11
08 06 31 049 42 2024 4 17 20 39 11
08 24 04 213 34 2024 4 17 20 39 11
08 25 49 299 42 2024 4 17 20 39 11
02 68 22 057 42 2024 4 17 20 39 11
02 73 18 184 42 2024 4 17 20 39 11
02 74 51 222 41 2024 4 17 20 39 11
02 75 41 311 45 2024 4 17 20 39 11
02 83 11 057 31 2024 4 17 20 39 11
02 84 57 001 30 2024 4 17 20 39 11
02 85 33 276 46 2024 4 17 20 39 11
06 21 22 137 41 2024 4 17 20 39 11
06 22 28 081 41 2024 4 17 20 39 11
06 23 17 315 37 2024 4 17 20 39 11
06 24 27 199 45 2024 4 17 20 39 11
06 25 41 264 46 2024 4 17 20 39 11
06 34 61 303 46 2024 4 17 20 39 11
06 43 18 273 45 2024 4 17 20 39 11
06 44 50 060 46 2024 4 17 20 39 11
11 21 22 137 36 2024 4 17 20 39 11
11 22 28 081 39 2024 4 17 20 39 11
11 23 17 315 41 2024 4 17 20 39 11
11 24 27 199 30 2024 4 17 20 39 11
11 25 41 264 43 2024 4 17 20 39 11
11 34 61 303 41 2024 4 17 20 39 11
11 43 18 273 41 2024 4 17 20 39 11
11 44 50 060 35 2024 4 17 20 39 11
07 02 58 296 42 2024 4 17 20 39 11
07 04 02 090 42 2024 4 17 20 39 11
07 11 54 042 42 2024 4 17 20 39 11
07 25 52 176 41 2024 4 17 20 39 11
12 02 58 296 40 2024 4 17 20 39 11
12 11 54 042 36 2024 4 17 20 39 11
01 05 30 177 46 2024 4 17 20 39 12
01 06 31 049 43 2024 4 17 20 39 12
01 24 04 213 35 2024 4 17 20 39 12
01 25 49 299 45 2024 4 17 20 39 12
08 06 31 049 42 2024 4 17 20 39 12
08 24 04 213 34 2024 4 17 20 39 12
08 25 49 299 42 2024 4 17 20 39 12
02 68 22 057 41 2024 4 17 20 39 12
02 73 18 184 42 2024 4 17 20 39 12
02 74 51 222 40 2024 4 17 20 39 12
02 75 41 311 45 2024 4 17 20 39 12
02 83 11 057 31 2024 4 17 20 39 12
02 84 57 001 30 2024 4 17 20 39 12
02 85 33 276 45 2024 4 17 20 39 12
06 21 22 137 41 2024 4 17 20 39 12
06 22 28 081 42 2024 4 17 20 39 12
06 23 17 315 36 2024 4 17 20 39 12
06 24 27 199 44 2024 4 17 20 39 12
06 25 41 264 46 2024 4 17 20 39 12
06 34 61 303 46 2024 4 17 20 39 12
06 43 18 273 46 2024 4 17 20 39 12
06 44 50 060 46 2024 4 17 20 39 12
11 21 22 137 36 2024 4 17 20 39 12
11 22 28 081 39 2024 4 17 20 39 12
11 23 17 315 41 2024 4 17 20 39 12
11 24 27 199 30 2024 4 17 20 39 12
11 25 41 264 43 2024 4 17 20 39 12
11 34 61 303 41 2024 4 17 20 39 12
11 43 18 273 41 2024 4 17 20 39 12
11 44 50 060 35 2024 4 17 20 39 12
07 02 58 296 42 2024 4 17 20 39 12
07 04 02 090 42 2024 4 17 20 39 12
07 11 54 042 42 2024 4 17 20 39 12
07 25 58 175 43 2024 4 17 20 39 12
12 02 58 296 40 2024 4 17 20 39 12
12 11 54 042 36 2024 4 17 20 39 12
01 05 30 177 46 2024 4 17 20 39 13
01 06 31 049 43 2024 4 17 20 39 13
01 24 04 213 36 2024 4 17 20 39 13
01 25 49 299 45 2024 4 17 20 39 13
08 06 31 049 42 2024 4 17 20 39 13
08 24 04 213 35 2024 4 17 20 39 13
08 25 49 299 42 2024 4 17 20 39 13
02 68 22 057 40 2024 4 17 20 39 13
02 73 18 184 42 2024 4 17 20 39 13
02 74 51 222 40 2024 4 17 20 39 13
02 75 41 311 45 2024 4 17 20 39 13
02 83 11 057 31 2024 4 17 20 39 13
02 84 57 001 30 2024 4 17 20 39 13
02 85 33 276 45 2024 4 17 20 39 13
06 21 22 137 40 2024 4 17 20 39 13
06 22 28 081 42 2024 4 17 20 39 13
06 23 17 315 37 2024 4 17 20 39 13
06 24 27 199 44 2024 4 17 20 39 13
06 25 41 264 46 2024 4 17 20 39 13
06 34 61 303 46 2024 4 17 20 39 13
06 43 18 273 45 2024 4 17 20 39 13
06 44 50 060 45 2024 4 17 20 39 13
11 21 22 137 36 2024 4 17 20 39 13
11 22 28 081 39 2024 4 17 20 39 13
11 23 17 315 41 2024 4 17 20 39 13
11 24 27 199 30 2024 4 17 20 39 13
11 25 41 264 43 2024 4 17 20 39 13
11 34 61 303 41 2024 4 17 20 39 13
11 43 18 273 40 2024 4 17 20 39 13
11 44 50 060 35 2024 4 17 20 39 13
07 02 58 296 42 2024 4 17 20 39 13
07 04 02 090 42 2024 4 17 20 39 13
07 11 54 042 42 2024 4 17 20 39 13
07 25 58 175 44 2024 4 17 20 39 13
12 02 58 296 40 2024 4 17 20 39 13
12 04 02 090 31 2024 4 17 20 39 13
12 11 54 042 37 2024 4 17 20 39 13
01 05 30 177 46 2024 4 17 20 39 14
01 06 31 049 43 2024 4 17 20 39 14
01 24 04 213 35 2024 4 17 20 39 14
01 25 49 299 45 2024 4 17 20 39 14
08 06 31 049 42 2024 4 17 20 39 14
08 24 04 213 35 2024 4 17 20 39 14
08 25 49 299 43 2024 4 17 20 39 14
02 68 22 057 40 2024 4 17 20 39 14
02 73 18 184 41 2024 4 17 20 39 14
02 74 51 222 39 2024 4 17 20 39 14
02 75 41 311 45 2024 4 17 20 39 14
02 83 11 057 31 2024 4 17 20 39 14
02 84 57 001 30 2024 4 17 20 39 14
02 85 33 276 45 2024 4 17 20 39 14
06 21 22 137 40 2024 4 17 20 39 14
06 22 28 081 42 2024 4 17 20 39 14
06 23 17 315 38 2024 4 17 20 39 14
06 24 27 199 44 2024 4 17 20 39 14
06 25 41 264 46 2024 4 17 20 39 14
06 34 61 303 46 2024 4 17 20 39 14
06 43 18 273 45 2024 4 17 20 39 14
06 44 50 060 46 2024 4 17 20 39 14
11 21 22 137 36 2024 4 17 20 39 14
11 22 28 081 39 2024 4 17 20 39 14
11 23 17 315 41 2024 4 17 20 39 14
11 24 27 199 30 2024 4 17 20 39 14
11 25 41 264 44 2024 4 17 20 39 14
11 34 61 303 41 2024 4 17 20 39 14
11 43 18 273 40 2024 4 17 20 39 14
11 44 50 060 35 2024 4 17 20 39 14
07 02 58 296 42 2024 4 17 20 39 14
07 04 02 090 43 2024 4 17 20 39 14
07 11 54 042 42 2024 4 17 20 39 14
07 25 58 175 45 2024 4 17 20 39 14
12 02 58 296 40 2024 4 17 20 39 14
12 04 02 090 34 2024 4 17 20 39 14
12 11 54 042 36 2024 4 17 20 39 14
12 25 58 175 34 2024 4 17 20 39 14
01 05 30 177 47 2024 4 17 20 39 15
01 06 31 049 43 2024 4 17 20 39 15
01 24 04 213 36 2024 4 17 20 39 15
01 25 49 299 45 2024 4 17 20 39 15
08 06 31 049 42 2024 4 17 20 39 15
08 24 04 213 35 2024 4 17 20 39 15
08 25 49 299 43 2024 4 17 20 39 15
02 68 22 057 40 2024 4 17 20 39 15
02 73 18 184 41 2024 4 17 20 39 15
02 74 51 222 40 2024 4 17 20 39 15
02 75 41 311 44 2024 4 17 20 39 15
02 83 11 057 31 2024 4 17 20 39 15
02 84 57 001 29 2024 4 17 20 39 15
02 85 33 276 46 2024 4 17 20 39 15
06 21 22 137 40 2024 4 17 20 39 15
06 22 28 081 43 2024 4 17 20 39 15
06 23 17 315 39 2024 4 17 20 39 15
06 24 27 199 44 2024 4 17 20 39 15
06 25 41 264 46 2024 4 17 20 39 15
06 34 61 303 46 2024 4 17 20 39 15
06 43 18 273 45 2024 4 17 20 39 15
06 44 50 060 46 2024 4 17 20 39 15
11 21 22 137 36 2024 4 17 20 39 15
11 22 28 081 39 2024 4 17 20 39 15
11 23 17 315 41 2024 4 17 20 39 15
11 24 27 199 30 2024 4 17 20 39 15
11 25 41 264 44 2024 4 17 20 39 15
11 34 61 303 41 2024 4 17 20 39 15
11 43 18 273 40 2024 4 17 20 39 15
11 44 50 060 35 2024 4 17 20 39 15
07 02 58 296 42 2024 4 17 20 39 15
07 04 02 090 42 2024 4 17 20 39 15
07 11 54 042 42 2024 4 17 20 39 15
07 25 58 175 44 2024 4 17 20 39 15
12 02 58 296 40 2024 4 17 20 39 15
12 04 02 090 34 2024 4 17 20 39 15
12 11 54 042 36 2024 4 17 20 39 15
12 25 58 175 38 2024 4 17 20 39 15
01 05 30 177 46 2024 4 17 20 39 16
01 06 31 049 43 2024 4 17 20 39 16
01 24 04 213 37 2024 4 17 20 39 16
01 25 49 299 45 2024 4 17 20 39 16
08 06 31 049 41 2024 4 17 20 39 16
08 24 04 213 35 2024 4 17 20 39 16
08 25 49 299 43 2024 4 17 20 39 16
02 68 22 057 40 2024 4 17 20 39 16
02 73 18 184 41 2024 4 17 20 39 16
02 74 51 222 39 2024 4 17 20 39 16
02 75 41 311 43 2024 4 17 20 39 16
02 83 11 057 31 2024 4 17 20 39 16
02 84 57 001 28 2024 4 17 20 39 16
02 85 33 276 45 2024 4 17 20 39 16
06 21 22 137 40 2024 4 17 20 39 16
06 22 28 081 43 2024 4 17 20 39 16
06 23 17 315 39 2024 4 17 20 39 16
06 24 27 199 45 2024 4 17 20 39 16
06 25 41 264 46 2024 4 17 20 39 16
06 34 61 303 46 2024 4 17 20 39 16
06 43 18 273 45 2024 4 17 20 39 16
06 44 50 060 46 2024 4 17 20 39 16
11 21 22 137 35 2024 4 17 20 39 16
11 22 28 081 39 2024 4 17 20 39 16
11 23 17 315 41 2024 4 17 20 39 16
11 24 27 199 30 2024 4 17 20 39 16
11 25 41 264 44 2024 4 17 20 39 16
11 34 61 303 41 2024 4 17 20 39 16
11 43 18 273 40 2024 4 17 20 39 16
11 44 50 060 35 2024 4 17 20 39 16
07 02 58 296 43 2024 4 17 20 39 16
07 04 02 090 42 2024 4 17 20 39 16
07 11 54 042 42 2024 4 17 20 39 16
07 25 58 175 44 2024 4 17 20 39 16
12 02 58 296 40 2024 4 17 20 39 16
12 04 02 090 34 2024 4 17 20 39 16
12 11 54 042 37 2024 4 17 20 39 16
12 25 58 175 39 2024 4 17 20 39 16
01 05 30 177 46 2024 4 17 20 39 17
01 06 31 049 43 2024 4 17 20 39 17
01 24 04 213 36 2024 4 17 20 39 17
01 25 49 299 45 2024 4 17 20 39 17
08 06 31 049 42 2024 4 17 20 39 17
08 24 04 213 35 2024 4 17 20 39 17
08 25 49 299 43 2024 4 17 20 39 17
02 68 22 057 39 2024 4 17 20 39 17
02 73 18 184 41 2024 4 17 20 39 17
02 74 51 222 39 2024 4 17 20 39 17
02 75 41 311 43 2024 4 17 20 39 17
02 83 11 057 31 2024 4 17 20 39 17
02 84 57 001 28 2024 4 17 20 39 17
02 85 33 276 45 2024 4 17 20 39 17
06 21 22 137 40 2024 4 17 20 39 17
06 22 28 081 43 2024 4 17 20 39 17
06 23 17 315 39 2024 4 17 20 39 17
06 24 27 199 44 2024 4 17 20 39 17
06 25 41 264 46 2024 4 17 20 39 17
06 34 61 303 45 2024 4 17 20 39 17
06 43 18 273 45 2024 4 17 20 39 17
06 44 50 060 46 2024 4 17 20 39 17
11 21 22 137 35 2024 4 17 20 39 17
11 22 28 081 39 2024 4 17 20 39 17
11 23 17 315 41 2024 4 17 20 39 17
11 24 27 199 30 2024 4 17 20 39 17
11 25 41 264 44 2024 4 17 20 39 17
11 34 61 303 40 2024 4 17 20 39 17
11 43 18 273 40 2024 4 17 20 39 17
11 44 50 060 35 2024 4 17 20 39 17
07 02 58 296 43 2024 4 17 20 39 17
07 04 02 090 42 2024 4 17 20 39 17
07 11 54 042 41 2024 4 17 20 39 17
07 25 58 175 43 2024 4 17 20 39 17
12 02 58 296 40 2024 4 17 20 39 17
12 04 02 090 35 2024 4 17 20 39 17
12 11 54 042 36 2024 4 17 20 39 17
12 25 58 175 39 2024 4 17 20 39 17
01 05 30 177 46 2024 4 17 20 39 18
01 06 31 049 43 2024 4 17 20 39 18
01 24 04 213 35 2024 4 17 20 39 18
01 25 49 299 45 2024 4 17 20 39 18
08 06 31 049 42 2024 4 17 20 39 18
08 24 04 213 35 2024 4 17 20 39 18
08 25 49 299 43 2024 4 17 20 39 18
02 68 22 057 39 2024 4 17 20 39 18
02 73 18 184 41 2024 4 17 20 39 18
02 74 51 222 39 2024 4 17 20 39 18
02 75 41 311 43 2024 4 17 20 39 18
02 83 11 057 30 2024 4 17 20 39 18
02 84 57 001 28 2024 4 17 20 39 18
02 85 33 276 45 2024 4 17 20 39 18
06 21 22 137 40 2024 4 17 20 39 18
06 22 28 081 43 2024 4 17 20 39 18
06 23 17 315 39 2024 4 17 20 39 18
06 24 27 199 44 2024 4 17 20 39 18
06 25 41 264 47 2024 4 17 20 39 18
06 34 61 303 45 2024 4 17 20 39 18
06 43 18 273 45 2024 4 17 20 39 18
06 44 50 060 46 2024 4 17 20 39 18
11 21 22 137 35 2024 4 17 20 39 18
11 22 28 081 39 2024 4 17 20 39 18
11 23 17 315 41 2024 4 17 20 39 18
11 24 27 199 30 2024 4 17 20 39 18
11 25 41 264 44 2024 4 17 20 39 18
11 34 61 303 40 2024 4 17 20 39 18
11 43 18 273 41 2024 4 17 20 39 18
11 44 50 060 35 2024 4 17 20 39 18
07 02 58 296 43 2024 4 17 20 39 18
07 04 02 090 41 2024 4 17 20 39 18
07 11 54 042 41 2024 4 17 20 39 18
07 25 58 175 43 2024 4 17 20 39 18
12 02 58 296 40 2024 4 17 20 39 18
12 04 02 090 34 2024 4 17 20 39 18
12 11 54 042 37 2024 4 17 20 39 18
12 25 58 175 39 2024 4 17 20 39 18
01 05 30 177 46 2024 4 17 20 39 19
01 06 31 049 43 2024 4 17 20 39 19
01 24 04 213 34 2024 4 17 20 39 19
01 25 49 299 45 2024 4 17 20 39 19
08 06 31 049 41 2024 4 17 20 39 19
08 24 04 213 35 2024 4 17 20 39 19
08 25 49 299 43 2024 4 17 20 39 19
02 68 22 057 39 2024 4 17 20 39 19
02 73 18 184 41 2024 4 17 20 39 19
02 74 51 222 38 2024 4 17 20 39 19
02 75 41 311 43 2024 4 17 20 39 19
02 83 11 057 30 2024 4 17 20 39 19
02 84 57 001 28 2024 4 17 20 39 19
02 85 33 276 45 2024 4 17 20 39 19
06 21 22 137 40 2024 4 17 20 39 19
06 22 28 081 43 2024 4 17 20 39 19
06 23 17 315 39 2024 4 17 20 39 19
06 24 27 199 44 2024 4 17 20 39 19
06 25 41 264 47 2024 4 17 20 39 19
06 34 61 303 46 2024 4 17 20 39 19
06 43 18 273 45 2024 4 17 20 39 19
06 44 50 060 46 2024 4 17 20 39 19
11 21 22 137 34 2024 4 17 20 39 19
11 22 28 081 39 2024 4 17 20 39 19
11 23 17 315 41 2024 4 17 20 39 19
11 24 27 199 30 2024 4 17 20 39 19
11 25 41 264 44 2024 4 17 20 39 19
11 34 61 303 40 2024 4 17 20 39 19
11 43 18 273 40 2024 4 17 20 39 19
11 44 50 060 35 2024 4 17 20 39 19
07 02 58 296 43 2024 4 17 20 39 19
07 04 02 090 41 2024 4 17 20 39 19
07 11 54 042 41 2024 4 17 20 39 19
07 25 58 175 43 2024 4 17 20 39 19
12 02 58 296 40 2024 4 17 20 39 19
12 04 02 090 34 2024 4 17 20 39 19
12 11 54 042 36 2024 4 17 20 39 19
12 25 58 175 39 2024 4 17 20 39 19
01 05 30 177 46 2024 4 17 20 39 20
01 06 31 049 43 2024 4 17 20 39 20
01 25 50 299 45 2024 4 17 20 39 20
08 06 31 049 41 2024 4 17 20 39 20
08 25 50 299 43 2024 4 17 20 39 20
02 68 22 057 39 2024 4 17 20 39 20
02 69 19 110 24 2024 4 17 20 39 20
02 73 18 184 42 2024 4 17 20 39 20
02 74 51 222 39 2024 4 17 20 39 20
02 75 41 311 43 2024 4 17 20 39 20
02 83 11 057 31 2024 4 17 20 39 20
02 84 57 001 28 2024 4 17 20 39 20
02 85 33 276 45 2024 4 17 20 39 20
06 21 22 137 40 2024 4 17 20 39 20
06 22 28 081 43 2024 4 17 20 39 20
06 23 17 315 39 2024 4 17 20 39 20
06 24 27 199 44 2024 4 17 20 39 20
06 25 41 264 47 2024 4 17 20 39 20
06 34 61 303 46 2024 4 17 20 39 20
06 43 18 273 45 2024 4 17 20 39 20
06 44 50 060 46 2024 4 17 20 39 20
11 21 22 137 34 2024 4 17 20 39 20
11 22 28 081 39 2024 4 17 20 39 20
11 23 17 315 41 2024 4 17 20 39 20
11 24 27 199 30 2024 4 17 20 39 20
11 25 41 264 44 2024 4 17 20 39 20
11 34 61 303 40 2024 4 17 20 39 20
11 43 18 273 40 2024 4 17 20 39 20
11 44 50 060 35 2024 4 17 20 39 20
07 02 58 296 43 2024 4 17 20 39 20
07 04 02 090 41 2024 4 17 20 39 20
07 11 54 042 41 2024 4 17 20 39 20
07 25 58 175 43 2024 4 17 20 39 20
12 02 58 296 40 2024 4 17 20 39 20
12 04 02 090 34 2024 4 17 20 39 20
12 11 54 042 36 2024 4 17 20 39 20
12 25 58 175 39 2024 4 17 20 39 20
01 05 30 177 46 2024 4 17 20 39 21
01 06 31 049 43 2024 4 17 20 39 21
01 25 50 299 45 2024 4 17 20 39 21
08 25 50 299 43 2024 4 17 20 39 21
02 68 22 057 39 2024 4 17 20 39 21
02 69 19 110 32 2024 4 17 20 39 21
02 73 18 184 42 2024 4 17 20 39 21
02 74 51 222 38 2024 4 17 20 39 21
02 75 41 310 43 2024 4 17 20 39 21
02 83 11 057 30 2024 4 17 20 39 21
02 84 57 001 27 2024 4 17 20 39 21
02 85 33 276 45 2024 4 17 20 39 21
06 21 22 137 40 2024 4 17 20 39 21
06 22 28 081 43 2024 4 17 20 39 21
06 23 17 315 39 2024 4 17 20 39 21
06 24 27 199 44 2024 4 17 20 39 21
06 25 41 264 46 2024 4 17 20 39 21
06 34 61 303 46 2024 4 17 20 39 21
06 43 18 273 45 2024 4 17 20 39 21
06 44 50 060 45 2024 4 17 20 39 21
11 21 22 137 34 2024 4 17 20 39 21
11 22 28 081 39 2024 4 17 20 39 21
11 23 17 315 41 2024 4 17 20 39 21
11 24 27 199 30 2024 4 17 20 39 21
11 25 41 264 43 2024 4 17 20 39 21
11 34 61 303 40 2024 4 17 20 39 21
11 43 18 273 40 2024 4 17 20 39 21
11 44 50 060 35 2024 4 17 20 39 21
07 02 58 296 43 2024 4 17 20 39 21
07 04 02 090 41 2024 4 17 20 39 21
07 11 54 042 41 2024 4 17 20 39 21
07 25 58 175 43 2024 4 17 20 39 21
12 02 58 296 40 2024 4 17 20 39 21
12 04 02 090 34 2024 4 17 20 39 21
12 11 54 042 36 2024 4 17 20 39 21
12 25 58 175 38 2024 4 17 20 39 21
01 05 30 177 46 2024 4 17 20 39 22
01 06 31 049 43 2024 4 17 20 39 22
01 25 50 299 46 2024 4 17 20 39 22
08 06 31 049 41 2024 4 17 20 39 22
08 25 50 299 42 2024 4 17 20 39 22
02 68 22 057 39 2024 4 17 20 39 22
02 69 19 110 35 2024 4 17 20 39 22
02 73 18 184 42 2024 4 17 20 39 22
02 74 51 222 38 2024 4 17 20 39 22
02 75 41 310 43 2024 4 17 20 39 22
02 83 11 057 30 2024 4 17 20 39 22
02 84 58 002 29 2024 4 17 20 39 22
02 85 33 276 45 2024 4 17 20 39 22
06 21 22 137 41 2024 4 17 20 39 22
06 22 28 081 42 2024 4 17 20 39 22
06 23 17 315 40 2024 4 17 20 39 22
06 24 27 199 45 2024 4 17 20 39 22
06 25 41 264 47 2024 4 17 20 39 22
06 34 61 303 46 2024 4 17 20 39 22
06 43 18 273 45 2024 4 17 20 39 22
06 44 50 060 46 2024 4 17 20 39 22
11 21 22 137 34 2024 4 17 20 39 22
11 22 28 081 39 2024 4 17 20 39 22
11 23 17 315 41 2024 4 17 20 39 22
11 24 27 199 30 2024 4 17 20 39 22
11 25 41 264 44 2024 4 17 20 39 22
11 34 61 303 40 2024 4 17 20 39 22
11 43 18 273 40 2024 4 17 20 39 22
11 44 50 060 36 2024 4 17 20 39 22
07 02 58 296 43 2024 4 17 20 39 22
07 04 02 090 41 2024 4 17 20 39 22
07 11 54 042 41 2024 4 17 20 39 22
07 25 58 175 43 2024 4 17 20 39 22
12 02 58 296 40 2024 4 17 20 39 22
12 04 02 090 35 2024 4 17 20 39 22
12 11 54 042 35 2024 4 17 20 39 22
12 25 58 175 39 2024 4 17 20 39 22
01 05 30 177 46 2024 4 17 20 39 23
01 06 31 049 43 2024 4 17 20 39 23
01 25 50 299 46 2024 4 17 20 39 23
08 06 31 049 42 2024 4 17 20 39 23
08 25 50 299 43 2024 4 17 20 39 23
02 68 22 057 39 2024 4 17 20 39 23
02 69 19 110 33 2024 4 17 20 39 23
02 73 18 184 42 2024 4 17 20 39 23
02 74 51 222 38 2024 4 17 20 39 23
02 75 41 310 43 2024 4 17 20 39 23
02 83 11 057 30 2024 4 17 20 39 23
02 84 58 002 28 2024 4 17 20 39 23
02 85 33 276 45 2024 4 17 20 39 23
06 21 22 137 41 2024 4 17 20 39 23
06 22 28 081 43 2024 4 17 20 39 23
06 23 17 315 40 2024 4 17 20 39 23
06 24 27 199 45 2024 4 17 20 39 23
06 25 41 264 47 2024 4 17 20 39 23
06 34 61 303 45 2024 4 17 20 39 23
06 43 18 273 45 2024 4 17 20 39 23
06 44 50 060 46 2024 4 17 20 39 23
11 21 22 137 34 2024 4 17 20 39 23
11 22 28 081 39 2024 4 17 20 39 23
11 23 17 315 41 2024 4 17 20 39 23
11 24 27 199 31 2024 4 17 20 39 23
11 25 41 264 44 2024 4 17 20 39 23
11 34 61 303 40 2024 4 17 20 39 23
11 43 18 273 40 2024 4 17 20 39 23
11 44 50 060 36 2024 4 17 20 39 23
07 02 58 296 42 2024 4 17 20 39 23
07 04 02 090 41 2024 4 17 20 39 23
07 11 54 042 42 2024 4 17 20 39 23
07 25 58 175 43 2024 4 17 20 39 23
12 02 58 296 40 2024 4 17 20 39 23
12 04 02 090 35 2024 4 17 20 39 23
12 11 54 042 35 2024 4 17 20 39 23
12 25 58 175 38 2024 4 17 20 39 23
01 05 30 177 47 2024 4 17 20 39 24
01 06 31 049 43 2024 4 17 20 39 24
01 25 50 299 46 2024 4 17 20 39 24
08 06 31 049 41 2024 4 17 20 39 24
08 25 50 299 43 2024 4 17 20 39 24
02 68 22 057 39 2024 4 17 20 39 24
02 69 19 110 30 2024 4 17 20 39 24
02 73 18 184 42 2024 4 17 20 39 24
02 74 51 222 37 2024 4 17 20 39 24
02 75 41 310 43 2024 4 17 20 39 24
02 83 11 057 29 2024 4 17 20 39 24
02 84 58 002 27 2024 4 17 20 39 24
02 85 33 276 45 2024 4 17 20 39 24
06 21 22 137 41 2024 4 17 20 39 24
06 22 28 081 42 2024 4 17 20 39 24
06 23 17 315 41 2024 4 17 20 39 24
06 24 27 199 44 2024 4 17 20 39 24
06 25 41 264 46 2024 4 17 20 39 24
06 34 61 303 45 2024 4 17 20 39 24
06 43 18 273 46 2024 4 17 20 39 24
06 44 50 060 46 2024 4 17 20 39 24
11 21 22 137 34 2024 4 17 20 39 24
11 22 28 081 39 2024 4 17 20 39 24
11 23 17 315 41 2024 4 17 20 39 24
11 24 27 199 31 2024 4 17 20 39 24
11 25 41 264 44 2024 4 17 20 39 24
11 34 61 303 40 2024 4 17 20 39 24
11 43 18 273 40 2024 4 17 20 39 24
11 44 50 060 37 2024 4 17 20 39 24
07 02 58 296 42 2024 4 17 20 39 24
07 04 02 090 41 2024 4 17 20 39 24
07 11 54 042 42 2024 4 17 20 39 24
07 25 58 175 43 2024 4 17 20 39 24
12 02 58 296 40 2024 4 17 20 39 24
12 04 02 090 36 2024 4 17 20 39 24
12 11 54 042 35 2024 4 17 20 39 24
12 25 58 175 38 2024 4 17 20 39 24
01 05 30 177 46 2024 4 17 20 39 25
01 06 31 049 43 2024 4 17 20 39 25
01 25 50 299 46 2024 4 17 20 39 25
08 06 31 049 41 2024 4 17 20 39 25
08 25 50 299 43 2024 4 17 20 39 25
02 68 22 057 40 2024 4 17 20 39 25
02 69 19 110 32 2024 4 17 20 39 25
02 73 18 184 43 2024 4 17 20 39 25
02 74 51 222 37 2024 4 17 20 39 25
02 75 41 310 43 2024 4 17 20 39 25
02 83 11 057 30 2024 4 17 20 39 25
02 84 58 002 28 2024 4 17 20 39 25
02 85 33 276 46 2024 4 17 20 39 25
06 21 22 137 40 2024 4 17 20 39 25
06 22 28 081 42 2024 4 17 20 39 25
06 23 17 315 41 2024 4 17 20 39 25
06 24 27 199 44 2024 4 17 20 39 25
06 25 41 264 47 2024 4 17 20 39 25
06 34 61 303 46 2024 4 17 20 39 25
06 43 18 273 45 2024 4 17 20 39 25
06 44 50 060 46 2024 4 17 20 39 25
11 21 22 137 34 2024 4 17 20 39 25
11 22 28 081 39 2024 4 17 20 39 25
11 23 17 315 41 2024 4 17 20 39 25
11 24 27 199 31 2024 4 17 20 39 25
11 25 41 264 44 2024 4 17 20 39 25
11 34 61 303 40 2024 4 17 20 39 25
11 43 18 273 40 2024 4 17 20 39 25
11 44 50 060 37 2024 4 17 20 39 25
07 02 58 296 42 2024 4 17 20 39 25
07 04 02 090 41 2024 4 17 20 39 25
07 11 54 042 41 2024 4 17 20 39 25
07 25 58 175 43 2024 4 17 20 39 25
12 02 58 296 40 2024 4 17 20 39 25
12 04 02 090 36 2024 4 17 20 39 25
12 11 54 042 35 2024 4 17 20 39 25
12 25 58 175 39 2024 4 17 20 39 25
01 05 30 177 46 2024 4 17 20 39 26
01 06 31 049 43 2024 4 17 20 39 26
01 25 50 299 46 2024 4 17 20 39 26
08 06 31 049 41 2024 4 17 20 39 26
08 25 50 299 43 2024 4 17 20 39 26
02 68 22 057 40 2024 4 17 20 39 26
02 69 19 110 35 2024 4 17 20 39 26
02 73 18 184 43 2024 4 17 20 39 26
02 74 51 222 37 2024 4 17 20 39 26
02 75 41 310 43 2024 4 17 20 39 26
02 83 11 057 30 2024 4 17 20 39 26
02 84 58 002 28 2024 4 17 20 39 26
02 85 33 276 45 2024 4 17 20 39 26
06 21 22 137 40 2024 4 17 20 39 26
06 22 28 081 42 2024 4 17 20 39 26
06 23 17 315 41 2024 4 17 20 39 26
06 24 27 199 44 2024 4 17 20 39 26
06 25 41 264 47 2024 4 17 20 39 26
06 34 61 303 45 2024 4 17 20 39 26
06 43 18 273 45 2024 4 17 20 39 26
06 44 50 060 45 2024 4 17 20 39 26
11 21 22 137 34 2024 4 17 20 39 26
11 22 28 081 39 2024 4 17 20 39 26
11 23 17 315 41 2024 4 17 20 39 26
11 24 27 199 31 2024 4 17 20 39 26
11 25 41 264 44 2024 4 17 20 39 26
11 34 61 303 40 2024 4 17 20 39 26
11 43 18 273 41 2024 4 17 20 39 26
11 44 50 060 37 2024 4 17 20 39 26
07 02 58 296 42 2024 4 17 20 39 26
07 11 53 042 42 2024 4 17 20 39 26
07 25 58 175 43 2024 4 17 20 39 26
07 34 18 240 37 2024 4 17 20 39 26
12 02 58 296 40 2024 4 17 20 39 26
12 11 53 042 35 2024 4 17 20 39 26
12 25 58 175 38 2024 4 17 20 39 26
01 05 30 177 46 2024 4 17 20 39 27
01 06 31 049 43 2024 4 17 20 39 27
01 25 50 299 46 2024 4 17 20 39 27
08 06 31 049 41 2024 4 17 20 39 27
08 25 50 299 43 2024 4 17 20 39 27
02 68 22 057 39 2024 4 17 20 39 27
02 69 19 110 36 2024 4 17 20 39 27
02 73 18 184 42 2024 4 17 20 39 27
02 74 51 222 36 2024 4 17 20 39 27
02 75 41 310 43 2024 4 17 20 39 27
02 83 11 057 30 2024 4 17 20 39 27
02 84 58 002 27 2024 4 17 20 39 27
02 85 33 276 45 2024 4 17 20 39 27
06 21 22 137 41 2024 4 17 20 39 27
06 22 28 081 41 2024 4 17 20 39 27
06 23 17 315 41 2024 4 17 20 39 27
06 24 27 199 44 2024 4 17 20 39 27
06 25 41 264 47 2024 4 17 20 39 27
06 34 61 303 46 2024 4 17 20 39 27
06 43 18 273 45 2024 4 17 20 39 27
06 44 50 060 45 2024 4 17 20 39 27
11 21 22 137 34 2024 4 17 20 39 27
11 22 28 081 39 2024 4 17 20 39 27
11 23 17 315 41 2024 4 17 20 39 27
11 24 27 199 32 2024 4 17 20 39 27
11 25 41 264 44 2024 4 17 20 39 27
11 34 61 303 40 2024 4 17 20 39 27
11 43 18 273 41 2024 4 17 20 39 27
11 44 50 060 37 2024 4 17 20 39 27
07 02 58 296 42 2024 4 17 20 39 27
07 11 53 042 42 2024 4 17 20 39 27
07 25 58 175 43 2024 4 17 20 39 27
07 34 18 240 37 2024 4 17 20 39 27
12 02 58 296 41 2024 4 17 20 39 27
12 11 53 042 36 2024 4 17 20 39 27
12 25 58 175 39 2024 4 17 20 39 27
01 05 30 177 46 2024 4 17 20 39 28
01 06 31 049 43 2024 4 17 20 39 28
01 25 50 299 46 2024 4 17 20 39 28
08 06 31 049 41 2024 4 17 20 39 28
08 25 50 299 43 2024 4 17 20 39 28
02 68 22 057 39 2024 4 17 20 39 28
02 69 19 110 36 2024 4 17 20 39 28
02 73 18 184 42 2024 4 17 20 39 28
02 74 51 222 37 2024 4 17 20 39 28
02 75 41 310 43 2024 4 17 20 39 28
02 83 11 057 30 2024 4 17 20 39 28
02 84 58 002 27 2024 4 17 20 39 28
02 85 33 276 45 2024 4 17 20 39 28
06 21 22 137 41 2024 4 17 20 39 28
06 22 28 081 42 2024 4 17 20 39 28
06 23 17 315 41 2024 4 17 20 39 28
06 24 27 199 44 2024 4 17 20 39 28
06 25 41 264 47 2024 4 17 20 39 28
06 34 61 303 46 2024 4 17 20 39 28
06 43 18 273 45 2024 4 17 20 39 28
06 44 50 060 45 2024 4 17 20 39 28
11 21 22 137 34 2024 4 17 20 39 28
11 22 28 081 39 2024 4 17 20 39 28
11 23 17 315 41 2024 4 17 20 39 28
11 24 27 199 32 2024 4 17 20 39 28
11 25 41 264 44 2024 4 17 20 39 28
11 34 61 303 40 2024 4 17 20 39 28
11 43 18 273 40 2024 4 17 20 39 28
11 44 50 060 37 2024 4 17 20 39 28
07 02 58 296 42 2024 4 17 20 39 28
07 11 53 042 42 2024 4 17 20 39 28
07 25 58 175 43 2024 4 17 20 39 28
07 34 18 240 37 2024 4 17 20 39 28
12 02 58 296 41 2024 4 17 20 39 28
12 11 53 042 35 2024 4 17 20 39 28
12 25 58 175 39 2024 4 17 20 39 28
01 05 30 177 45 2024 4 17 20 39 29
01 06 31 049 43 2024 4 17 20 39 29
01 25 50 299 46 2024 4 17 20 39 29
08 06 31 049 40 2024 4 17 20 39 29
08 25 50 299 43 2024 4 17 20 39 29
02 68 22 057 40 2024 4 17 20 39 29
02 69 19 110 37 2024 4 17 20 39 29
02 73 18 184 42 2024 4 17 20 39 29
02 74 51 222 37 2024 4 17 20 39 29
02 75 41 310 44 2024 4 17 20 39 29
02 83 11 057 30 2024 4 17 20 39 29
02 84 58 002 28 2024 4 17 20 39 29
02 85 33 276 46 2024 4 17 20 39 29
06 21 22 137 40 2024 4 17 20 39 29
06 22 28 081 41 2024 4 17 20 39 29
06 23 17 315 41 2024 4 17 20 39 29
06 24 27 199 44 2024 4 17 20 39 29
06 25 41 264 47 2024 4 17 20 39 29
06 34 61 303 45 2024 4 17 20 39 29
06 43 18 273 45 2024 4 17 20 39 29
06 44 50 060 46 2024 4 17 20 39 29
11 21 22 137 34 2024 4 17 20 39 29
11 22 28 081 39 2024 4 17 20 39 29
11 23 17 315 41 2024 4 17 20 39 29
11 24 27 199 32 2024 4 17 20 39 29
11 25 41 264 44 2024 4 17 20 39 29
11 34 61 303 40 2024 4 17 20 39 29
11 43 18 273 40 2024 4 17 20 39 29
11 44 50 060 37 2024 4 17 20 39 29
07 02 58 296 42 2024 4 17 20 39 29
07 11 53 042 42 2024 4 17 20 39 29
07 25 58 175 43 2024 4 17 20 39 29
07 34 18 240 37 2024 4 17 20 39 29
12 02 58 296 40 2024 4 17 20 39 29
12 11 53 042 35 2024 4 17 20 39 29
12 25 58 175 39 2024 4 17 20 39 29
01 05 30 177 46 2024 4 17 20 39 30
01 06 31 049 43 2024 4 17 20 39 30
01 25 50 299 46 2024 4 17 20 39 30
08 06 31 049 40 2024 4 17 20 39 30
08 25 50 299 43 2024 4 17 20 39 30
02 68 22 057 40 2024 4 17 20 39 30
02 69 19 110 38 2024 4 17 20 39 30
02 73 18 184 43 2024 4 17 20 39 30
02 74 51 222 37 2024 4 17 20 39 30
02 75 41 310 44 2024 4 17 20 39 30
02 83 11 057 31 2024 4 17 20 39 30
02 84 58 002 29 2024 4 17 20 39 30
02 85 33 276 46 2024 4 17 20 39 30
06 21 22 137 40 2024 4 17 20 39 30
06 22 28 081 41 2024 4 17 20 39 30
06 23 17 315 41 2024 4 17 20 39 30
06 24 27 199 44 2024 4 17 20 39 30
06 25 41 264 46 2024 4 17 20 39 30
06 34 61 303 45 2024 4 17 20 39 30
06 43 18 273 45 2024 4 17 20 39 30
06 44 50 060 45 2024 4 17 20 39 30
11 21 22 137 33 2024 4 17 20 39 30
11 22 28 081 39 2024 4 17 20 39 30
11 23 17 315 41 2024 4 17 20 39 30
11 24 27 199 32 2024 4 17 20 39 30
11 25 41 264 43 2024 4 17 20 39 30
11 34 61 303 40 2024 4 17 20 39 30
11 43 18 273 40 2024 4 17 20 39 30
11 44 50 060 38 2024 4 17 20 39 30
07 02 58 296 42 2024 4 17 20 39 30
07 11 53 042 42 2024 4 17 20 39 30
07 25 58 175 43 2024 4 17 20 39 30
07 34 18 240 38 2024 4 17 20 39 30
12 02 58 296 40 2024 4 17 20 39 30
12 11 53 042 34 2024 4 17 20 39 30
12 25 58 175 39 2024 4 17 20 39 30
01 05 30 177 46 2024 4 17 20 39 31
01 06 31 049 44 2024 4 17 20 39 31
01 11 71 034 46 2024 4 17 20 39 31
01 12 74 244 48 2024 4 17 20 39 31
01 19 16 093 43 2024 4 17 20 39 31
01 20 58 146 44 2024 4 17 20 39 31
01 25 50 299 46 2024 4 17 20 39 31
01 29 18 292 41 2024 4 17 20 39 31
08 06 31 049 41 2024 4 17 20 39 31
08 25 50 299 43 2024 4 17 20 39 31
02 68 22 057 41 2024 4 17 20 39 31
02 69 19 110 39 2024 4 17 20 39 31
02 73 18 184 43 2024 4 17 20 39 31
02 74 51 222 37 2024 4 17 20 39 31
02 75 41 310 44 2024 4 17 20 39 31
02 83 11 057 31 2024 4 17 20 39 31
02 84 58 002 29 2024 4 17 20 39 31
02 85 33 276 46 2024 4 17 20 39 31
06 21 22 137 39 2024 4 17 20 39 31
06 22 28 081 41 2024 4 17 20 39 31
06 23 17 315 41 2024 4 17 20 39 31
06 24 27 199 44 2024 4 17 20 39 31
06 25 41 264 46 2024 4 17 20 39 31
06 34 61 303 46 2024 4 17 20 39 31
06 43 18 273 45 2024 4 17 20 39 31
06 44 50 060 45 2024 4 17 20 39 31
11 21 22 137 33 2024 4 17 20 39 31
11 22 28 081 39 2024 4 17 20 39 31
11 23 17 315 41 2024 4 17 20 39 31
11 24 27 199 32 2024 4 17 20 39 31
11 25 41 264 43 2024 4 17 20 39 31
11 34 61 303 40 2024 4 17 20 39 31
11 43 18 273 40 2024 4 17 20 39 31
11 44 50 060 38 2024 4 17 20 39 31
07 02 58 296 42 2024 4 17 20 39 31
07 11 53 042 42 2024 4 17 20 39 31
07 25 58 175 43 2024 4 17 20 39 31
07 34 18 240 38 2024 4 17 20 39 31
07 36 68 262 34 2024 4 17 20 39 31
12 02 58 296 40 2024 4 17 20 39 31
12 11 53 042 35 2024 4 17 20 39 31
12 25 58 175 39 2024 4 17 20 39 31
12 34 18 240 35 2024 4 17 20 39 31
01 05 30 177 46 2024 4 17 20 39 32
01 06 31 049 44 2024 4 17 20 39 32
01 11 71 034 46 2024 4 17 20 39 32
01 12 74 244 49 2024 4 17 20 39 32
01 19 16 093 42 2024 4 17 20 39 32
01 20 58 146 45 2024 4 17 20 39 32
01 25 50 299 45 2024 4 17 20 39 32
01 29 18 292 41 2024 4 17 20 39 32
08 06 31 049 41 2024 4 17 20 39 32
08 25 50 299 43 2024 4 17 20 39 32
02 68 22 057 41 2024 4 17 20 39 32
02 69 19 110 39 2024 4 17 20 39 32
02 73 18 184 43 2024 4 17 20 39 32
02 74 51 222 37 2024 4 17 20 39 32
02 75 41 310 44 2024 4 17 20 39 32
02 83 11 057 30 2024 4 17 20 39 32
02 84 58 002 29 2024 4 17 20 39 32
02 85 33 276 46 2024 4 17 20 39 32
06 21 22 137 39 2024 4 17 20 39 32
06 22 28 081 41 2024 4 17 20 39 32
06 23 17 315 41 2024 4 17 20 39 32
06 24 27 199 44 2024 4 17 20 39 32
06 25 41 264 46 2024 4 17 20 39 32
06 34 61 303 46 2024 4 17 20 39 32
06 43 18 273 46 2024 4 17 20 39 32
06 44 50 060 45 2024 4 17 20 39 32
11 21 22 137 33 2024 4 17 20 39 32
11 22 28 081 39 2024 4 17 20 39 32
11 23 17 315 41 2024 4 17 20 39 32
11 24 27 199 32 2024 4 17 20 39 32
11 25 41 264 43 2024 4 17 20 39 32
11 34 61 303 40 2024 4 17 20 39 32
11 43 18 273 40 2024 4 17 20 39 32
11 44 50 060 38 2024 4 17 20 39 32
07 02 58 296 42 2024 4 17 20 39 32
07 11 53 042 42 2024 4 17 20 39 32
07 25 58 175 43 2024 4 17 20 39 32
07 34 18 240 38 2024 4 17 20 39 32
07 36 68 262 42 2024 4 17 20 39 32
12 02 58 296 41 2024 4 17 20 39 32
12 11 53 042 35 2024 4 17 20 39 32
12 25 58 175 39 2024 4 17 20 39 32
12 34 18 240 38 2024 4 17 20 39 32
01 05 30 177 46 2024 4 17 20 39 33
01 06 31 049 43 2024 4 17 20 39 33
01 11 71 034 46 2024 4 17 20 39 33
01 12 74 244 49 2024 4 17 20 39 33
01 19 16 093 43 2024 4 17 20 39 33
01 20 58 146 45 2024 4 17 20 39 33
01 25 50 299 45 2024 4 17 20 39 33
01 29 18 292 40 2024 4 17 20 39 33
08 06 31 049 41 2024 4 17 20 39 33
02 68 22 057 41 2024 4 17 20 39 33
02 69 19 110 39 2024 4 17 20 39 33
02 73 18 184 43 2024 4 17 20 39 33
02 74 51 222 38 2024 4 17 20 39 33
02 75 41 310 44 2024 4 17 20 39 33
02 83 11 057 30 2024 4 17 20 39 33
02 84 58 002 29 2024 4 17 20 39 33
02 85 33 276 47 2024 4 17 20 39 33
06 21 22 137 40 2024 4 17 20 39 33
06 22 28 081 41 2024 4 17 20 39 33
06 23 17 315 41 2024 4 17 20 39 33
06 24 27 199 44 2024 4 17 20 39 33
06 25 41 264 46 2024 4 17 20 39 33
06 34 61 303 46 2024 4 17 20 39 33
06 43 18 273 46 2024 4 17 20 39 33
06 44 50 060 45 2024 4 17 20 39 33
11 21 22 137 33 2024 4 17 20 39 33
11 22 28 081 39 2024 4 17 20 39 33
11 23 17 315 41 2024 4 17 20 39 33
11 24 27 199 32 2024 4 17 20 39 33
11 25 41 264 44 2024 4 17 20 39 33
11 34 61 303 40 2024 4 17 20 39 33
11 43 18 273 40 2024 4 17 20 39 33
11 44 50 060 38 2024 4 17 20 39 33
07 02 58 296 42 2024 4 17 20 39 33
07 11 53 042 43 2024 4 17 20 39 33
07 25 58 175 43 2024 4 17 20 39 33
07 34 18 240 37 2024 4 17 20 39 33
07 36 68 262 45 2024 4 17 20 39 33
12 02 58 296 41 2024 4 17 20 39 33
12 11 53 042 35 2024 4 17 20 39 33
12 25 58 175 39 2024 4 17 20 39 33
12 34 18 240 39 2024 4 17 20 39 33
01 05 30 177 46 2024 4 17 20 39 34
01 06 32 049 43 2024 4 17 20 39 34
01 11 71 034 46 2024 4 17 20 39 34
01 12 74 244 48 2024 4 17 20 39 34
01 19 16 093 43 2024 4 17 20 39 34
01 20 58 146 45 2024 4 17 20 39 34
01 25 50 299 45 2024 4 17 20 39 34
01 29 18 292 41 2024 4 17 20 39 34
08 06 32 049 41 2024 4 17 20 39 34
08 25 50 299 43 2024 4 17 20 39 34
02 68 22 057 41 2024 4 17 20 39 34
02 69 19 110 40 2024 4 17 20 39 34
02 73 18 184 43 2024 4 17 20 39 34
02 74 51 222 37 2024 4 17 20 39 34
02 75 41 310 44 2024 4 17 20 39 34
02 83 11 057 30 2024 4 17 20 39 34
02 84 58 002 29 2024 4 17 20 39 34
02 85 33 276 46 2024 4 17 20 39 34
06 21 22 137 39 2024 4 17 20 39 34
06 22 28 081 41 2024 4 17 20 39 34
06 23 17 315 41 2024 4 17 20 39 34
06 24 27 199 44 2024 4 17 20 39 34
06 25 41 264 46 2024 4 17 20 39 34
06 34 61 303 46 2024 4 17 20 39 34
06 43 18 273 46 2024 4 17 20 39 34
06 44 50 060 45 2024 4 17 20 39 34
11 21 22 137 33 2024 4 17 20 39 34
11 22 28 081 39 2024 4 17 20 39 34
11 23 17 315 41 2024 4 17 20 39 34
11 24 27 199 32 2024 4 17 20 39 34
11 25 41 264 44 2024 4 17 20 39 34
11 34 61 303 40 2024 4 17 20 39 34
11 43 18 273 40 2024 4 17 20 39 34
11 44 50 060 38 2024 4 17 20 39 34
07 02 58 296 42 2024 4 17 20 39 34
07 11 53 042 43 2024 4 17 20 39 34
07 25 58 175 43 2024 4 17 20 39 34
07 34 18 240 38 2024 4 17 20 39 34
07 36 68 262 46 2024 4 17 20 39 34
12 02 58 296 41 2024 4 17 20 39 34
12 11 53 042 35 2024 4 17 20 39 34
12 25 58 175 39 2024 4 17 20 39 34
12 34 18 240 39 2024 4 17 20 39 34
01 05 30 177 46 2024 4 17 20 39 35
01 06 32 049 43 2024 4 17 20 39 35
01 11 71 034 46 2024 4 17 20 39 35
01 12 74 244 48 2024 4 17 20 39 35
01 19 16 093 43 2024 4 17 20 39 35
01 20 58 146 45 2024 4 17 20 39 35
01 25 50 299 45 2024 4 17 20 39 35
01 29 18 292 41 2024 4 17 20 39 35
08 06 32 049 41 2024 4 17 20 39 35
08 25 50 299 43 2024 4 17 20 39 35
02 68 22 057 41 2024 4 17 20 39 35
02 69 19 110 40 2024 4 17 20 39 35
02 73 18 184 43 2024 4 17 20 39 35
02 74 51 222 37 2024 4 17 20 39 35
02 75 41 310 44 2024 4 17 20 39 35
02 83 11 057 31 2024 4 17 20 39 35
02 84 58 002 28 2024 4 17 20 39 35
02 85 33 276 46 2024 4 17 20 39 35
06 21 22 137 40 2024 4 17 20 39 35
06 22 28 081 41 2024 4 17 20 39 35
06 23 17 315 41 2024 4 17 20 39 35
06 24 27 199 44 2024 4 17 20 39 35
06 25 41 264 46 2024 4 17 20 39 35
06 34 61 303 45 2024 4 17 20 39 35
06 43 18 273 46 2024 4 17 20 39 35
06 44 50 060 45 2024 4 17 20 39 35
11 21 22 137 33 2024 4 17 20 39 35
11 22 28 081 39 2024 4 17 20 39 35
11 23 17 315 41 2024 4 17 20 39 35
11 24 27 199 31 2024 4 17 20 39 35
11 25 41 264 44 2024 4 17 20 39 35
11 34 61 303 41 2024 4 17 20 39 35
11 43 18 273 40 2024 4 17 20 39 35
11 44 50 060 38 2024 4 17 20 39 35
07 02 58 296 42 2024 4 17 20 39 35
07 11 53 042 43 2024 4 17 20 39 35
07 25 58 175 44 2024 4 17 20 39 35
07 34 18 240 37 2024 4 17 20 39 35
07 36 68 262 46 2024 4 17 20 39 35
12 02 58 296 41 2024 4 17 20 39 35
12 11 53 042 35 2024 4 17 20 39 35
12 25 58 175 40 2024 4 17 20 39 35
12 34 18 240 40 2024 4 17 20 39 35
01 05 30 177 45 2024 4 17 20 39 36
01 06 32 049 42 2024 4 17 20 39 36
01 11 71 034 46 2024 4 17 20 39 36
01 12 74 244 49 2024 4 17 20 39 36
01 19 16 093 42 2024 4 17 20 39 36
01 20 58 146 45 2024 4 17 20 39 36
01 25 50 299 44 2024 4 17 20 39 36
01 29 18 292 42 2024 4 17 20 39 36
08 06 32 049 41 2024 4 17 20 39 36
08 25 50 299 43 2024 4 17 20 39 36
02 68 22 057 41 2024 4 17 20 39 36
02 69 19 110 39 2024 4 17 20 39 36
02 73 17 184 43 2024 4 17 20 39 36
02 74 51 222 37 2024 4 17 20 39 36
02 75 41 310 43 2024 4 17 20 39 36
02 83 11 057 31 2024 4 17 20 39 36
02 84 58 002 29 2024 4 17 20 39 36
02 85 33 276 46 2024 4 17 20 39 36
06 21 22 137 40 2024 4 17 20 39 36
06 22 28 081 41 2024 4 17 20 39 36
06 23 17 315 40 2024 4 17 20 39 36
06 24 27 199 44 2024 4 17 20 39 36
06 25 41 264 46 2024 4 17 20 39 36
06 34 61 303 45 2024 4 17 20 39 36
06 43 18 273 45 2024 4 17 20 39 36
06 44 50 060 46 2024 4 17 20 39 36
11 21 22 137 33 2024 4 17 20 39 36
11 22 28 081 39 2024 4 17 20 39 36
11 23 17 315 41 2024 4 17 20 39 36
11 24 27 199 31 2024 4 17 20 39 36
11 25 41 264 44 2024 4 17 20 39 36
11 34 61 303 41 2024 4 17 20 39 36
11 43 18 273 40 2024 4 17 20 39 36
11 44 50 060 38 2024 4 17 20 39 36
07 02 58 296 42 2024 4 17 20 39 36
07 11 53 042 43 2024 4 17 20 39 36
07 25 58 175 44 2024 4 17 20 39 36
07 34 18 240 37 2024 4 17 20 39 36
07 36 68 262 45 2024 4 17 20 39 36
12 02 58 296 41 2024 4 17 20 39 36
12 11 53 042 35 2024 4 17 20 39 36
12 25 58 175 40 2024 4 17 20 39 36
12 34 18 240 40 2024 4 17 20 39 36
12 36 68 262 34 2024 4 17 20 39 36
01 05 30 177 46 2024 4 17 20 39 37
01 06 32 049 43 2024 4 17 20 39 37
01 11 71 034 46 2024 4 17 20 39 37
01 12 74 244 48 2024 4 17 20 39 37
01 19 16 093 42 2024 4 17 20 39 37
01 20 58 146 45 2024 4 17 20 39 37
01 25 50 299 45 2024 4 17 20 39 37
01 29 18 292 42 2024 4 17 20 39 37
08 06 32 049 41 2024 4 17 20 39 37
08 25 50 299 43 2024 4 17 20 39 37
02 68 22 057 41 2024 4 17 20 39 37
02 69 19 110 39 2024 4 17 20 39 37
02 73 17 184 43 2024 4 17 20 39 37
02 74 51 222 36 2024 4 17 20 39 37
02 75 41 310 43 2024 4 17 20 39 37
02 83 11 058 31 2024 4 17 20 39 37
02 84 57 002 29 2024 4 17 20 39 37
02 85 33 277 46 2024 4 17 20 39 37
06 21 22 137 41 2024 4 17 20 39 37
06 22 28 081 42 2024 4 17 20 39 37
06 23 17 315 40 2024 4 17 20 39 37
06 24 27 199 45 2024 4 17 20 39 37
06 25 41 264 47 2024 4 17 20 39 37
06 34 61 303 46 2024 4 17 20 39 37
06 43 18 273 45 2024 4 17 20 39 37
06 44 50 060 46 2024 4 17 20 39 37
11 21 22 137 33 2024 4 17 20 39 37
11 22 28 081 39 2024 4 17 20 39 37
11 23 17 315 41 2024 4 17 20 39 37
11 24 27 199 31 2024 4 17 20 39 37
11 25 41 264 44 2024 4 17 20 39 37
11 34 61 303 41 2024 4 17 20 39 37
11 43 18 273 40 2024 4 17 20 39 37
11 44 50 060 38 2024 4 17 20 39 37
07 02 58 296 42 2024 4 17 20 39 37
07 11 53 042 43 2024 4 17 20 39 37
07 25 58 175 44 2024 4 17 20 39 37
07 34 18 240 37 2024 4 17 20 39 37
07 36 68 262 45 2024 4 17 20 39 37
12 02 58 296 41 2024 4 17 20 39 37
12 11 53 042 35 2024 4 17 20 39 37
12 25 58 175 40 2024 4 17 20 39 37
12 34 18 240 40 2024 4 17 20 39 37
12 36 68 262 36 2024 4 17 20 39 37
01 05 30 177 45 2024 4 17 20 39 38
01 06 32 049 42 2024 4 17 20 39 38
01 11 71 034 46 2024 4 17 20 39 38
01 12 74 244 47 2024 4 17 20 39 38
01 19 16 093 41 2024 4 17 20 39 38
01 20 58 146 45 2024 4 17 20 39 38
01 25 50 299 44 2024 4 17 20 39 38
01 29 18 292 42 2024 4 17 20 39 38
08 06 32 049 41 2024 4 17 20 39 38
08 25 50 299 43 2024 4 17 20 39 38
02 68 22 057 41 2024 4 17 20 39 38
02 69 19 110 40 2024 4 17 20 39 38
02 73 17 184 43 2024 4 17 20 39 38
02 74 51 222 37 2024 4 17 20 39 38
02 75 41 310 43 2024 4 17 20 39 38
02 83 11 058 31 2024 4 17 20 39 38
02 84 57 002 29 2024 4 17 20 39 38
02 85 33 277 46 2024 4 17 20 39 38
06 21 22 137 40 2024 4 17 20 39 38
06 22 28 081 41 2024 4 17 20 39 38
06 23 17 315 39 2024 4 17 20 39 38
06 24 27 199 45 2024 4 17 20 39 38
06 25 41 264 46 2024 4 17 20 39 38
06 34 61 303 45 2024 4 17 20 39 38
06 43 18 273 44 2024 4 17 20 39 38
06 44 50 060 45 2024 4 17 20 39 38
11 21 22 137 33 2024 4 17 20 39 38
11 22 28 081 39 2024 4 17 20 39 38
11 23 17 315 41 2024 4 17 20 39 38
11 24 27 199 31 2024 4 17 20 39 38
11 25 41 264 44 2024 4 17 20 39 38
11 34 61 303 41 2024 4 17 20 39 38
11 43 18 273 40 2024 4 17 20 39 38
11 44 50 060 38 2024 4 17 20 39 38
07 02 58 296 42 2024 4 17 20 39 38
07 11 53 042 43 2024 4 17 20 39 38
07 25 58 175 44 2024 4 17 20 39 38
07 34 18 240 38 2024 4 17 20 39 38
07 36 68 262 45 2024 4 17 20 39 38
12 02 58 296 41 2024 4 17 20 39 38
12 11 53 042 35 2024 4 17 20 39 38
12 25 58 175 40 2024 4 17 20 39 38
12 34 18 240 40 2024 4 17 20 39 38
12 36 68 262 37 2024 4 17 20 39 38
01 05 30 177 45 2024 4 17 20 39 39
01 06 32 049 42 2024 4 17 20 39 39
01 11 71 034 46 2024 4 17 20 39 39
01 12 74 244 47 2024 4 17 20 39 39
01 19 16 093 42 2024 4 17 20 39 39
01 20 58 146 44 2024 4 17 20 39 39
01 25 50 299 44 2024 4 17 20 39 39
01 29 18 292 41 2024 4 17 20 39 39
08 06 32 049 41 2024 4 17 20 39 39
08 25 50 299 44 2024 4 17 20 39 39
02 68 22 057 41 2024 4 17 20 39 39
02 69 19 110 40 2024 4 17 20 39 39
02 73 17 184 43 2024 4 17 20 39 39
02 74 51 222 37 2024 4 17 20 39 39
02 75 41 310 43 2024 4 17 20 39 39
02 83 11 058 31 2024 4 17 20 39 39
02 84 57 002 29 2024 4 17 20 39 39
02 85 33 277 46 2024 4 17 20 39 39
06 21 22 137 40 2024 4 17 20 39 39
06 22 28 081 41 2024 4 17 20 39 39
06 23 17 315 40 2024 4 17 20 39 39
06 24 27 199 45 2024 4 17 20 39 39
06 25 41 264 46 2024 4 17 20 39 39
06 34 61 303 45 2024 4 17 20 39 39
06 43 18 273 45 2024 4 17 20 39 39
06 44 50 060 45 2024 4 17 20 39 39
11 21 22 137 33 2024 4 17 20 39 39
11 22 28 081 39 2024 4 17 20 39 39
11 23 17 315 42 2024 4 17 20 39 39
11 24 27 199 31 2024 4 17 20 39 39
11 25 41 264 44 2024 4 17 20 39 39
11 34 61 303 41 2024 4 17 20 39 39
11 43 18 273 40 2024 4 17 20 39 39
11 44 50 060 38 2024 4 17 20 39 39
07 02 58 296 42 2024 4 17 20 39 39
07 11 53 042 43 2024 4 17 20 39 39
07 25 58 175 44 2024 4 17 20 39 39
07 34 18 240 38 2024 4 17 20 39 39
07 36 68 262 45 2024 4 17 20 39 39
12 02 58 296 41 2024 4 17 20 39 39
12 11 53 042 36 2024 4 17 20 39 39
12 25 58 175 40 2024 4 17 20 39 39
12 34 18 240 40 2024 4 17 20 39 39
12 36 68 262 37 2024 4 17 20 39 39
01 05 30 177 45 2024 4 17 20 39 40
01 06 32 049 43 2024 4 17 20 39 40
01 11 71 034 46 2024 4 17 20 39 40
01 12 74 244 47 2024 4 17 20 39 40
01 19 16 093 42 2024 4 17 20 39 40
01 20 58 146 44 2024 4 17 20 39 40
01 25 50 299 44 2024 4 17 20 39 40
01 29 18 292 40 2024 4 17 20 39 40
08 06 32 049 41 2024 4 17 20 39 40
08 25 50 299 44 2024 4 17 20 39 40
02 68 22 057 41 2024 4 17 20 39 40
02 69 19 110 41 2024 4 17 20 39 40
02 73 17 184 43 2024 4 17 20 39 40
02 74 51 222 37 2024 4 17 20 39 40
02 75 41 310 43 2024 4 17 20 39 40
02 83 11 058 31 2024 4 17 20 39 40
02 84 57 002 30 2024 4 17 20 39 40
02 85 33 277 46 2024 4 17 20 39 40
06 21 22 137 40 2024 4 17 20 39 40
06 22 28 081 41 2024 4 17 20 39 40
06 23 17 315 40 2024 4 17 20 39 40
06 24 27 199 45 2024 4 17 20 39 40
06 25 41 264 46 2024 4 17 20 39 40
06 34 61 303 45 2024 4 17 20 39 40
06 43 18 273 45 2024 4 17 20 39 40
06 44 50 060 45 2024 4 17 20 39 40
11 21 22 137 33 2024 4 17 20 39 40
11 22 28 081 39 2024 4 17 20 39 40
11 23 17 315 42 2024 4 17 20 39 40
11 24 27 199 31 2024 4 17 20 39 40
11 25 41 264 44 2024 4 17 20 39 40
11 34 61 303 41 2024 4 17 20 39 40
11 43 18 273 41 2024 4 17 20 39 40
11 44 50 060 38 2024 4 17 20 39 40
07 02 59 295 42 2024 4 17 20 39 40
07 11 53 042 43 2024 4 17 20 39 40
07 25 58 175 43 2024 4 17 20 39 40
07 34 18 240 38 2024 4 17 20 39 40
07 36 68 262 45 2024 4 17 20 39 40
12 02 59 295 41 2024 4 17 20 39 40
12 11 53 042 36 2024 4 17 20 39 40
12 25 58 175 39 2024 4 17 20 39 40
12 34 18 240 40 2024 4 17 20 39 40
12 36 68 262 38 2024 4 17 20 39 40
01 05 30 177 46 2024 4 17 20 39 41
01 06 32 049 43 2024 4 17 20 39 41
01 11 71 034 46 2024 4 17 20 39 41
01 12 74 244 47 2024 4 17 20 39 41
01 19 16 093 42 2024 4 17 20 39 41
01 20 58 146 44 2024 4 17 20 39 41
01 25 50 299 44 2024 4 17 20 39 41
01 29 18 292 41 2024 4 17 20 39 41
08 06 32 049 41 2024 4 17 20 39 41
08 25 50 299 44 2024 4 17 20 39 41
02 68 22 057 41 2024 4 17 20 39 41
02 69 19 110 41 2024 4 17 20 39 41
02 73 17 184 42 2024 4 17 20 39 41
02 74 51 222 37 2024 4 17 20 39 41
02 75 41 310 43 2024 4 17 20 39 41
02 83 11 058 32 2024 4 17 20 39 41
02 84 57 002 30 2024 4 17 20 39 41
02 85 33 277 46 2024 4 17 20 39 41
06 21 22 137 39 2024 4 17 20 39 41
06 22 28 081 41 2024 4 17 20 39 41
06 23 17 315 39 2024 4 17 20 39 41
06 24 27 199 44 2024 4 17 20 39 41
06 25 41 264 46 2024 4 17 20 39 41
06 34 61 303 44 2024 4 17 20 39 41
06 43 18 273 45 2024 4 17 20 39 41
06 44 50 060 45 2024 4 17 20 39 41
11 21 22 137 33 2024 4 17 20 39 41
11 22 28 081 39 2024 4 17 20 39 41
11 23 17 315 42 2024 4 17 20 39 41
11 24 27 199 32 2024 4 17 20 39 41
11 25 41 264 44 2024 4 17 20 39 41
11 34 61 303 41 2024 4 17 20 39 41
11 43 18 273 41 2024 4 17 20 39 41
11 44 50 060 38 2024 4 17 20 39 41
07 02 59 295 42 2024 4 17 20 39 41
07 11 53 042 43 2024 4 17 20 39 41
07 25 57 175 43 2024 4 17 20 39 41
07 34 18 240 37 2024 4 17 20 39 41
07 36 68 262 45 2024 4 17 20 39 41
12 02 59 295 41 2024 4 17 20 39 41
12 11 53 042 36 2024 4 17 20 39 41
12 25 57 175 40 2024 4 17 20 39 41
12 34 18 240 40 2024 4 17 20 39 41
12 36 68 262 37 2024 4 17 20 39 41
01 05 30 177 46 2024 4 17 20 39 42
01 06 32 049 43 2024 4 17 20 39 42
01 11 71 034 46 2024 4 17 20 39 42
01 12 74 244 47 2024 4 17 20 39 42
01 19 16 093 42 2024 4 17 20 39 42
01 20 58 146 44 2024 4 17 20 39 42
01 25 50 299 44 2024 4 17 20 39 42
01 29 18 292 41 2024 4 17 20 39 42
08 06 32 049 41 2024 4 17 20 39 42
08 25 50 299 44 2024 4 17 20 39 42
02 68 22 057 41 2024 4 17 20 39 42
02 69 19 110 42 2024 4 17 20 39 42
02 73 17 184 42 2024 4 17 20 39 42
02 74 51 222 37 2024 4 17 20 39 42
02 75 41 310 43 2024 4 17 20 39 42
02 83 11 058 33 2024 4 17 20 39 42
02 84 57 002 30 2024 4 17 20 39 42
02 85 33 277 46 2024 4 17 20 39 42
06 21 22 137 39 2024 4 17 20 39 42
06 22 28 081 41 2024 4 17 20 39 42
06 23 17 315 39 2024 4 17 20 39 42
06 24 27 199 44 2024 4 17 20 39 42
06 25 41 264 47 2024 4 17 20 39 42
06 34 61 303 45 2024 4 17 20 39 42
06 43 18 273 45 2024 4 17 20 39 42
06 44 50 060 45 2024 4 17 20 39 42
11 21 22 137 34 2024 4 17 20 39 42
11 22 28 081 39 2024 4 17 20 39 42
11 23 17 315 42 2024 4 17 20 39 42
11 24 27 199 32 2024 4 17 20 39 42
11 25 41 264 44 2024 4 17 20 39 42
11 34 61 303 41 2024 4 17 20 39 42
11 43 18 273 41 2024 4 17 20 39 42
11 44 50 060 38 2024 4 17 20 39 42
07 02 59 295 42 2024 4 17 20 39 42
07 11 53 042 43 2024 4 17 20 39 42
07 25 57 175 43 2024 4 17 20 39 42
07 34 18 240 38 2024 4 17 20 39 42
07 36 68 262 45 2024 4 17 20 39 42
12 02 59 295 41 2024 4 17 20 39 42
12 11 53 042 36 2024 4 17 20 39 42
12 25 57 175 39 2024 4 17 20 39 42
12 34 18 240 40 2024 4 17 20 39 42
12 36 68 262 37 2024 4 17 20 39 42
01 05 30 177 46 2024 4 17 20 39 43
01 06 32 049 42 2024 4 17 20 39 43
01 11 71 034 46 2024 4 17 20 39 43
01 12 74 244 48 2024 4 17 20 39 43
01 19 16 093 42 2024 4 17 20 39 43
01 20 58 146 45 2024 4 17 20 39 43
01 25 50 299 44 2024 4 17 20 39 43
01 29 18 292 41 2024 4 17 20 39 43
08 06 32 049 41 2024 4 17 20 39 43
08 25 50 299 44 2024 4 17 20 39 43
02 68 22 057 41 2024 4 17 20 39 43
02 69 19 110 42 2024 4 17 20 39 43
02 73 17 184 42 2024 4 17 20 39 43
02 74 51 222 37 2024 4 17 20 39 43
02 75 41 310 43 2024 4 17 20 39 43
02 83 11 058 33 2024 4 17 20 39 43
02 84 57 002 30 2024 4 17 20 39 43
02 85 33 277 46 2024 4 17 20 39 43
06 21 22 137 39 2024 4 17 20 39 43
06 22 28 081 41 2024 4 17 20 39 43
06 23 17 315 39 2024 4 17 20 39 43
06 24 27 199 45 2024 4 17 20 39 43
06 25 41 264 46 2024 4 17 20 39 43
06 34 61 303 45 2024 4 17 20 39 43
06 43 18 273 45 2024 4 17 20 39 43
06 44 50 060 45 2024 4 17 20 39 43
11 21 22 137 33 2024 4 17 20 39 43
11 22 28 081 39 2024 4 17 20 39 43
11 23 17 315 42 2024 4 17 20 39 43
11 24 27 199 32 2024 4 17 20 39 43
11 25 41 264 44 2024 4 17 20 39 43
11 34 61 303 41 2024 4 17 20 39 43
11 43 18 273 41 2024 4 17 20 39 43
11 44 50 060 37 2024 4 17 20 39 43
07 02 59 295 42 2024 4 17 20 39 43
07 11 53 042 43 2024 4 17 20 39 43
07 25 57 175 43 2024 4 17 20 39 43
07 34 18 240 37 2024 4 17 20 39 43
07 36 68 262 44 2024 4 17 20 39 43
12 02 59 295 41 2024 4 17 20 39 43
12 11 53 042 36 2024 4 17 20 39 43
12 25 57 175 40 2024 4 17 20 39 43
12 34 18 240 40 2024 4 17 20 39 43
12 36 68 262 37 2024 4 17 20 39 43
01 05 30 177 46 2024 4 17 20 39 44
01 06 32 049 42 2024 4 17 20 39 44
01 11 71 034 45 2024 4 17 20 39 44
01 12 74 244 47 2024 4 17 20 39 44
01 19 16 093 42 2024 4 17 20 39 44
01 20 58 146 44 2024 4 17 20 39 44
01 25 50 299 44 2024 4 17 20 39 44
01 29 18 292 41 2024 4 17 20 39 44
08 06 32 049 41 2024 4 17 20 39 44
08 25 50 299 44 2024 4 17 20 39 44
02 68 22 057 41 2024 4 17 20 39 44
02 69 19 110 42 2024 4 17 20 39 44
02 73 17 184 42 2024 4 17 20 39 44
02 74 51 222 37 2024 4 17 20 39 44
02 75 41 310 43 2024 4 17 20 39 44
02 83 11 058 33 2024 4 17 20 39 44
02 84 57 002 30 2024 4 17 20 39 44
02 85 33 277 46 2024 4 17 20 39 44
06 21 22 137 39 2024 4 17 20 39 44
06 22 28 081 41 2024 4 17 20 39 44
06 23 17 315 38 2024 4 17 20 39 44
06 24 27 199 44 2024 4 17 20 39 44
06 25 41 264 46 2024 4 17 20 39 44
06 34 61 303 44 2024 4 17 20 39 44
06 43 18 273 45 2024 4 17 20 39 44
06 44 50 060 45 2024 4 17 20 39 44
11 21 22 137 33 2024 4 17 20 39 44
11 22 28 081 39 2024 4 17 20 39 44
11 23 17 315 42 2024 4 17 20 39 44
11 24 27 199 32 2024 4 17 20 39 44
11 25 41 264 44 2024 4 17 20 39 44
11 34 61 303 41 2024 4 17 20 39 44
11 43 18 273 41 2024 4 17 20 39 44
11 44 50 060 37 2024 4 17 20 39 44
07 02 59 295 42 2024 4 17 20 39 44
07 11 53 042 43 2024 4 17 20 39 44
07 25 57 175 43 2024 4 17 20 39 44
07 34 18 240 37 2024 4 17 20 39 44
07 36 68 262 44 2024 4 17 20 39 44
12 02 59 295 41 2024 4 17 20 39 44
12 11 53 042 36 2024 4 17 20 39 44
12 25 57 175 40 2024 4 17 20 39 44
12 34 18 240 40 2024 4 17 20 39 44
12 36 68 262 37 2024 4 17 20 39 44
01 05 30 177 46 2024 4 17 20 39 45
01 06 32 049 42 2024 4 17 20 39 45
01 11 71 034 46 2024 4 17 20 39 45
01 12 74 244 47 2024 4 17 20 39 45
01 19 16 093 42 2024 4 17 20 39 45
01 20 58 146 44 2024 4 17 20 39 45
01 25 50 299 44 2024 4 17 20 39 45
01 29 18 292 42 2024 4 17 20 39 45
08 06 32 049 41 2024 4 17 20 39 45
08 25 50 299 44 2024 4 17 20 39 45
02 68 22 057 42 2024 4 17 20 39 45
02 69 19 110 42 2024 4 17 20 39 45
02 73 17 184 42 2024 4 17 20 39 45
02 74 51 222 37 2024 4 17 20 39 45
02 75 41 310 43 2024 4 17 20 39 45
02 83 11 058 33 2024 4 17 20 39 45
02 84 57 002 29 2024 4 17 20 39 45
02 85 33 277 46 2024 4 17 20 39 45
06 21 22 137 39 2024 4 17 20 39 45
06 22 28 081 41 2024 4 17 20 39 45
06 23 17 315 39 2024 4 17 20 39 45
06 24 27 199 44 2024 4 17 20 39 45
06 25 41 264 47 2024 4 17 20 39 45
06 34 61 303 45 2024 4 17 20 39 45
06 43 18 273 45 2024 4 17 20 39 45
06 44 50 060 45 2024 4 17 20 39 45
11 21 22 137 33 2024 4 17 20 39 45
11 22 28 081 39 2024 4 17 20 39 45
11 23 17 315 42 2024 4 17 20 39 45
11 24 27 199 32 2024 4 17 20 39 45
11 25 41 264 44 2024 4 17 20 39 45
11 34 61 303 41 2024 4 17 20 39 45
11 43 18 273 41 2024 4 17 20 39 45
11 44 50 060 38 2024 4 17 20 39 45
07 02 59 295 42 2024 4 17 20 39 45
07 11 53 042 43 2024 4 17 20 39 45
07 25 57 175 43 2024 4 17 20 39 45
07 34 18 240 37 2024 4 17 20 39 45
07 36 68 262 45 2024 4 17 20 39 45
12 02 59 295 41 2024 4 17 20 39 45
12 11 53 042 36 2024 4 17 20 39 45
12 25 57 175 40 2024 4 17 20 39 45
12 34 18 240 40 2024 4 17 20 39 45
12 36 68 262 37 2024 4 17 20 39 45
01 05 30 177 46 2024 4 17 20 39 46
01 06 32 049 42 2024 4 17 20 39 46
01 11 71 034 46 2024 4 17 20 39 46
01 12 74 244 48 2024 4 17 20 39 46
01 19 16 093 43 2024 4 17 20 39 46
01 20 58 146 44 2024 4 17 20 39 46
01 25 50 299 44 2024 4 17 20 39 46
01 29 18 292 41 2024 4 17 20 39 46
08 06 32 049 41 2024 4 17 20 39 46
08 25 50 299 44 2024 4 17 20 39 46
02 68 22 057 42 2024 4 17 20 39 46
02 69 19 110 41 2024 4 17 20 39 46
02 73 17 184 43 2024 4 17 20 39 46
02 74 51 222 37 2024 4 17 20 39 46
02 75 41 310 44 2024 4 17 20 39 46
02 83 11 058 33 2024 4 17 20 39 46
02 84 57 002 29 2024 4 17 20 39 46
02 85 33 277 47 2024 4 17 20 39 46
06 21 22 137 40 2024 4 17 20 39 46
06 22 28 081 41 2024 4 17 20 39 46
06 23 17 315 40 2024 4 17 20 39 46
06 24 27 199 44 2024 4 17 20 39 46
06 25 41 264 47 2024 4 17 20 39 46
06 34 61 303 45 2024 4 17 20 39 46
06 43 18 273 44 2024 4 17 20 39 46
06 44 50 060 45 2024 4 17 20 39 46
11 21 22 137 33 2024 4 17 20 39 46
11 22 28 081 39 2024 4 17 20 39 46
11 23 17 315 42 2024 4 17 20 39 46
11 24 27 199 32 2024 4 17 20 39 46
11 25 41 264 44 2024 4 17 20 39 46
11 34 61 303 41 2024 4 17 20 39 46
11 43 18 273 41 2024 4 17 20 39 46
11 44 50 060 38 2024 4 17 20 39 46
07 02 59 295 42 2024 4 17 20 39 46
07 11 53 042 42 2024 4 17 20 39 46
07 25 57 175 43 2024 4 17 20 39 46
07 34 18 240 37 2024 4 17 20 39 46
07 36 68 262 45 2024 4 17 20 39 46
12 02 59 295 41 2024 4 17 20 39 46
12 11 53 042 36 2024 4 17 20 39 46
12 25 57 175 39 2024 4 17 20 39 46
12 34 18 240 40 2024 4 17 20 39 46
12 36 68 262 37 2024 4 17 20 39 46
01 05 30 177 46 2024 4 17 20 39 47
01 06 32 049 42 2024 4 17 20 39 47
01 11 71 034 46 2024 4 17 20 39 47
01 12 74 244 48 2024 4 17 20 39 47
01 19 16 093 42 2024 4 17 20 39 47
01 20 58 146 44 2024 4 17 20 39 47
01 25 50 299 45 2024 4 17 20 39 47
01 29 18 292 42 2024 4 17 20 39 47
08 06 32 049 42 2024 4 17 20 39 47
08 25 50 299 44 2024 4 17 20 39 47
02 68 22 057 43 2024 4 17 20 39 47
02 69 19 110 42 2024 4 17 20 39 47
02 73 17 184 43 2024 4 17 20 39 47
02 74 51 222 38 2024 4 17 20 39 47
02 75 41 310 44 2024 4 17 20 39 47
02 83 11 058 33 2024 4 17 20 39 47
02 84 57 002 29 2024 4 17 20 39 47
02 85 33 277 47 2024 4 17 20 39 47
06 21 22 137 40 2024 4 17 20 39 47
06 22 28 081 41 2024 4 17 20 39 47
06 23 17 315 39 2024 4 17 20 39 47
06 24 27 199 44 2024 4 17 20 39 47
06 25 41 264 47 2024 4 17 20 39 47
06 34 61 303 45 2024 4 17 20 39 47
06 43 18 273 45 2024 4 17 20 39 47
06 44 50 060 45 2024 4 17 20 39 47
11 21 22 137 33 2024 4 17 20 39 47
11 22 28 081 39 2024 4 17 20 39 47
11 23 17 315 42 2024 4 17 20 39 47
11 24 27 199 32 2024 4 17 20 39 47
11 25 41 264 44 2024 4 17 20 39 47
11 34 61 303 41 2024 4 17 20 39 47
11 43 18 273 41 2024 4 17 20 39 47
11 44 50 060 38 2024 4 17 20 39 47
07 02 59 295 42 2024 4 17 20 39 47
07 11 53 042 42 2024 4 17 20 39 47
07 25 57 175 43 2024 4 17 20 39 47
07 34 18 240 37 2024 4 17 20 39 47
07 36 68 262 44 2024 4 17 20 39 47
12 02 59 295 41 2024 4 17 20 39 47
12 11 53 042 36 2024 4 17 20 39 47
12 25 57 175 39 2024 4 17 20 39 47
12 34 18 240 40 2024 4 17 20 39 47
12 36 68 262 37 2024 4 17 20 39 47
01 05 30 177 46 2024 4 17 20 39 48
01 06 32 049 42 2024 4 17 20 39 48
01 11 71 034 47 2024 4 17 20 39 48
01 12 74 244 48 2024 4 17 20 39 48
01 19 16 093 42 2024 4 17 20 39 48
01 20 58 146 44 2024 4 17 20 39 48
01 25 50 299 45 2024 4 17 20 39 48
01 29 18 292 42 2024 4 17 20 39 48
08 06 32 049 41 2024 4 17 20 39 48
08 25 50 299 44 2024 4 17 20 39 48
02 68 22 057 43 2024 4 17 20 39 48
02 69 19 110 43 2024 4 17 20 39 48
02 73 17 184 44 2024 4 17 20 39 48
02 74 51 222 38 2024 4 17 20 39 48
02 75 41 310 44 2024 4 17 20 39 48
02 83 11 058 33 2024 4 17 20 39 48
02 84 57 002 30 2024 4 17 20 39 48
02 85 33 277 47 2024 4 17 20 39 48
06 21 22 137 39 2024 4 17 20 39 48
06 22 28 081 41 2024 4 17 20 39 48
06 23 17 315 39 2024 4 17 20 39 48
06 24 27 199 44 2024 4 17 20 39 48
06 25 41 264 46 2024 4 17 20 39 48
06 34 61 303 45 2024 4 17 20 39 48
06 43 18 273 45 2024 4 17 20 39 48
06 44 50 060 45 2024 4 17 20 39 48
11 21 22 137 33 2024 4 17 20 39 48
11 22 28 081 39 2024 4 17 20 39 48
11 23 17 315 42 2024 4 17 20 39 48
11 24 27 199 32 2024 4 17 20 39 48
11 25 41 264 44 2024 4 17 20 39 48
11 34 61 303 41 2024 4 17 20 39 48
11 43 18 273 41 2024 4 17 20 39 48
11 44 50 060 38 2024 4 17 20 39 48
07 02 59 295 42 2024 4 17 20 39 48
07 11 53 042 42 2024 4 17 20 39 48
07 25 57 175 43 2024 4 17 20 39 48
07 34 18 240 37 2024 4 17 20 39 48
07 36 68 262 45 2024 4 17 20 39 48
12 02 59 295 41 2024 4 17 20 39 48
12 11 53 042 36 2024 4 17 20 39 48
12 25 57 175 40 2024 4 17 20 39 48
12 34 18 240 40 2024 4 17 20 39 48
12 36 68 262 37 2024 4 17 20 39 48
01 05 30 177 46 2024 4 17 20 39 49
01 06 32 049 42 2024 4 17 20 39 49
01 11 71 034 47 2024 4 17 20 39 49
01 12 74 244 48 2024 4 17 20 39 49
01 19 16 093 42 2024 4 17 20 39 49
01 20 59 146 44 2024 4 17 20 39 49
01 25 50 299 44 2024 4 17 20 39 49
01 29 18 292 41 2024 4 17 20 39 49
08 06 32 049 41 2024 4 17 20 39 49
08 25 50 299 44 2024 4 17 20 39 49
02 68 22 057 43 2024 4 17 20 39 49
02 69 19 110 43 2024 4 17 20 39 49
02 73 17 184 43 2024 4 17 20 39 49
02 74 51 222 37 2024 4 17 20 39 49
02 75 41 310 43 2024 4 17 20 39 49
02 83 11 058 33 2024 4 17 20 39 49
02 84 57 002 30 2024 4 17 20 39 49
02 85 33 277 46 2024 4 17 20 39 49
06 21 22 137 38 2024 4 17 20 39 49
06 22 28 081 41 2024 4 17 20 39 49
06 23 17 315 39 2024 4 17 20 39 49
06 24 27 199 44 2024 4 17 20 39 49
06 25 41 264 46 2024 4 17 20 39 49
06 34 61 303 45 2024 4 17 20 39 49
06 43 18 273 45 2024 4 17 20 39 49
06 44 50 060 45 2024 4 17 20 39 49
11 21 22 137 33 2024 4 17 20 39 49
11 22 28 081 39 2024 4 17 20 39 49
11 23 17 315 42 2024 4 17 20 39 49
11 24 27 199 32 2024 4 17 20 39 49
11 25 41 264 44 2024 4 17 20 39 49
11 34 61 303 41 2024 4 17 20 39 49
11 43 18 273 41 2024 4 17 20 39 49
11 44 50 060 38 2024 4 17 20 39 49
07 02 59 295 43 2024 4 17 20 39 49
07 11 53 042 43 2024 4 17 20 39 49
07 25 57 175 43 2024 4 17 20 39 49
07 34 18 240 37 2024 4 17 20 39 49
07 36 68 262 45 2024 4 17 20 39 49
12 02 59 295 41 2024 4 17 20 39 49
12 11 53 042 36 2024 4 17 20 39 49
12 25 57 175 39 2024 4 17 20 39 49
12 34 18 240 40 2024 4 17 20 39 49
12 36 68 262 37 2024 4 17 20 39 49
01 05 30 177 45 2024 4 17 20 39 50
01 06 32 049 42 2024 4 17 20 39 50
01 11 71 034 47 2024 4 17 20 39 50
01 12 74 244 47 2024 4 17 20 39 50
01 19 16 093 42 2024 4 17 20 39 50
01 20 59 146 44 2024 4 17 20 39 50
01 25 50 299 44 2024 4 17 20 39 50
01 29 18 292 41 2024 4 17 20 39 50
08 06 32 049 41 2024 4 17 20 39 50
08 25 50 299 44 2024 4 17 20 39 50
02 68 22 057 43 2024 4 17 20 39 50
02 69 19 110 43 2024 4 17 20 39 50
02 73 17 184 43 2024 4 17 20 39 50
02 74 51 222 37 2024 4 17 20 39 50
02 75 41 310 43 2024 4 17 20 39 50
02 83 11 058 33 2024 4 17 20 39 50
02 84 57 002 30 2024 4 17 20 39 50
02 85 33 277 47 2024 4 17 20 39 50
06 21 22 137 39 2024 4 17 20 39 50
06 22 28 081 41 2024 4 17 20 39 50
06 23 17 315 39 2024 4 17 20 39 50
06 24 27 199 44 2024 4 17 20 39 50
06 25 41 264 46 2024 4 17 20 39 50
06 34 61 303 45 2024 4 17 20 39 50
06 43 18 273 45 2024 4 17 20 39 50
06 44 50 060 45 2024 4 17 20 39 50
11 21 22 137 33 2024 4 17 20 39 50
11 22 28 081 39 2024 4 17 20 39 50
11 23 17 315 42 2024 4 17 20 39 50
11 24 27 199 32 2024 4 17 20 39 50
11 25 41 264 44 2024 4 17 20 39 50
11 34 61 303 41 2024 4 17 20 39 50
11 43 18 273 41 2024 4 17 20 39 50
11 44 50 060 38 2024 4 17 20 39 50
07 02 59 295 42 2024 4 17 20 39 50
07 11 53 042 43 2024 4 17 20 39 50
07 25 57 175 43 2024 4 17 20 39 50
07 34 18 240 37 2024 4 17 20 39 50
07 36 68 262 44 2024 4 17 20 39 50
12 02 59 295 41 2024 4 17 20 39 50
12 11 53 042 36 2024 4 17 20 39 50
12 25 57 175 40 2024 4 17 20 39 50
12 34 18 240 40 2024 4 17 20 39 50
12 36 68 262 37 2024 4 17 20 39 50
01 05 30 177 46 2024 4 17 20 39 51
01 06 32 049 42 2024 4 17 20 39 51
01 11 71 034 46 2024 4 17 20 39 51
01 12 74 244 47 2024 4 17 20 39 51
01 19 16 093 42 2024 4 17 20 39 51
01 20 59 146 44 2024 4 17 20 39 51
01 25 50 299 44 2024 4 17 20 39 51
01 29 18 292 41 2024 4 17 20 39 51
08 06 32 049 41 2024 4 17 20 39 51
08 25 50 299 44 2024 4 17 20 39 51
02 68 22 057 43 2024 4 17 20 39 51
02 69 20 110 44 2024 4 17 20 39 51
02 73 17 184 43 2024 4 17 20 39 51
02 74 51 222 37 2024 4 17 20 39 51
02 75 41 310 43 2024 4 17 20 39 51
02 83 11 058 33 2024 4 17 20 39 51
02 84 57 002 30 2024 4 17 20 39 51
02 85 33 277 46 2024 4 17 20 39 51
06 21 22 137 39 2024 4 17 20 39 51
06 22 28 081 41 2024 4 17 20 39 51
06 23 17 315 38 2024 4 17 20 39 51
06 24 27 199 44 2024 4 17 20 39 51
06 25 41 264 47 2024 4 17 20 39 51
06 34 61 303 45 2024 4 17 20 39 51
06 43 18 273 45 2024 4 17 20 39 51
06 44 50 060 45 2024 4 17 20 39 51
11 21 22 137 33 2024 4 17 20 39 51
11 22 28 081 39 2024 4 17 20 39 51
11 23 17 315 42 2024 4 17 20 39 51
11 24 27 199 32 2024 4 17 20 39 51
11 25 41 264 44 2024 4 17 20 39 51
11 34 61 303 41 2024 4 17 20 39 51
11 43 18 273 41 2024 4 17 20 39 51
11 44 50 060 38 2024 4 17 20 39 51
07 02 59 295 43 2024 4 17 20 39 51
07 11 53 042 43 2024 4 17 20 39 51
07 25 57 175 43 2024 4 17 20 39 51
07 34 18 240 37 2024 4 17 20 39 51
07 36 68 262 45 2024 4 17 20 39 51
12 02 59 295 41 2024 4 17 20 39 51
12 11 53 042 36 2024 4 17 20 39 51
12 25 57 175 40 2024 4 17 20 39 51
12 34 18 240 40 2024 4 17 20 39 51
12 36 68 262 37 2024 4 17 20 39 51
01 05 30 177 46 2024 4 17 20 39 52
01 06 32 049 41 2024 4 17 20 39 52
01 11 71 034 46 2024 4 17 20 39 52
01 12 74 244 47 2024 4 17 20 39 52
01 19 16 093 42 2024 4 17 20 39 52
01 20 59 146 44 2024 4 17 20 39 52
01 25 50 299 44 2024 4 17 20 39 52
01 29 18 292 41 2024 4 17 20 39 52
08 06 32 049 40 2024 4 17 20 39 52
08 25 50 299 44 2024 4 17 20 39 52
02 68 22 057 43 2024 4 17 20 39 52
02 69 20 110 44 2024 4 17 20 39 52
02 73 17 184 43 2024 4 17 20 39 52
02 74 51 222 37 2024 4 17 20 39 52
02 75 41 310 43 2024 4 17 20 39 52
02 83 11 058 34 2024 4 17 20 39 52
02 84 57 002 30 2024 4 17 20 39 52
02 85 33 277 46 2024 4 17 20 39 52
06 21 22 137 39 2024 4 17 20 39 52
06 22 28 081 42 2024 4 17 20 39 52
06 23 17 315 38 2024 4 17 20 39 52
06 24 27 199 44 2024 4 17 20 39 52
06 25 41 264 47 2024 4 17 20 39 52
06 34 61 303 45 2024 4 17 20 39 52
06 43 18 273 45 2024 4 17 20 39 52
06 44 50 060 46 2024 4 17 20 39 52
11 21 22 137 33 2024 4 17 20 39 52
11 22 28 081 39 2024 4 17 20 39 52
11 23 17 315 42 2024 4 17 20 39 52
11 24 27 199 33 2024 4 17 20 39 52
11 25 41 264 44 2024 4 17 20 39 52
11 34 61 303 41 2024 4 17 20 39 52
11 43 18 273 40 2024 4 17 20 39 52
11 44 50 060 37 2024 4 17 20 39 52
07 02 59 295 42 2024 4 17 20 39 52
07 11 53 042 42 2024 4 17 20 39 52
07 25 57 175 43 2024 4 17 20 39 52
07 34 18 240 37 2024 4 17 20 39 52
07 36 68 262 44 2024 4 17 20 39 52
12 02 59 295 41 2024 4 17 20 39 52
12 11 53 042 36 2024 4 17 20 39 52
12 25 57 175 39 2024 4 17 20 39 52
12 34 18 240 40 2024 4 17 20 39 52
12 36 68 262 37 2024 4 17 20 39 52
01 05 30 177 46 2024 4 17 20 39 53
01 06 32 049 41 2024 4 17 20 39 53
01 11 71 034 47 2024 4 17 20 39 53
01 12 74 244 47 2024 4 17 20 39 53
01 19 16 093 42 2024 4 17 20 39 53
01 20 59 146 44 2024 4 17 20 39 53
01 25 50 299 44 2024 4 17 20 39 53
01 29 18 292 42 2024 4 17 20 39 53
08 06 32 049 40 2024 4 17 20 39 53
08 25 50 299 44 2024 4 17 20 39 53
02 68 22 057 43 2024 4 17 20 39 53
02 69 20 110 44 2024 4 17 20 39 53
02 73 17 184 43 2024 4 17 20 39 53
02 74 51 222 37 2024 4 17 20 39 53
02 75 41 310 44 2024 4 17 20 39 53
02 83 11 058 34 2024 4 17 20 39 53
02 84 57 002 30 2024 4 17 20 39 53
02 85 33 277 46 2024 4 17 20 39 53
06 21 22 137 39 2024 4 17 20 39 53
06 22 28 081 42 2024 4 17 20 39 53
06 23 17 315 38 2024 4 17 20 39 53
06 24 26 199 44 2024 4 17 20 39 53
06 25 41 264 47 2024 4 17 20 39 53
06 34 61 304 45 2024 4 17 20 39 53
06 43 18 273 45 2024 4 17 20 39 53
06 44 50 060 46 2024 4 17 20 39 53
11 21 22 137 33 2024 4 17 20 39 53
11 22 28 081 39 2024 4 17 20 39 53
11 23 17 315 42 2024 4 17 20 39 53
11 24 26 199 33 2024 4 17 20 39 53
11 25 41 264 44 2024 4 17 20 39 53
11 34 61 304 41 2024 4 17 20 39 53
11 43 18 273 40 2024 4 17 20 39 53
11 44 50 060 37 2024 4 17 20 39 53
07 02 59 295 43 2024 4 17 20 39 53
07 11 53 042 42 2024 4 17 20 39 53
07 25 57 175 44 2024 4 17 20 39 53
07 34 18 240 37 2024 4 17 20 39 53
07 36 68 262 44 2024 4 17 20 39 53
12 02 59 295 41 2024 4 17 20 39 53
12 11 53 042 36 2024 4 17 20 39 53
12 25 57 175 39 2024 4 17 20 39 53
12 34 18 240 40 2024 4 17 20 39 53
12 36 68 262 37 2024 4 17 20 39 53
01 05 30 177 47 2024 4 17 20 39 54
01 06 32 049 42 2024 4 17 20 39 54
01 11 71 034 47 2024 4 17 20 39 54
01 12 74 244 48 2024 4 17 20 39 54
01 19 16 093 42 2024 4 17 20 39 54
01 20 59 146 44 2024 4 17 20 39 54
01 25 50 299 45 2024 4 17 20 39 54
01 29 18 292 42 2024 4 17 20 39 54
08 06 32 049 41 2024 4 17 20 39 54
08 25 50 299 44 2024 4 17 20 39 54
02 68 22 057 43 2024 4 17 20 39 54
02 69 20 110 44 2024 4 17 20 39 54
02 73 17 184 44 2024 4 17 20 39 54
02 74 51 222 38 2024 4 17 20 39 54
02 75 41 310 44 2024 4 17 20 39 54
02 83 11 058 34 2024 4 17 20 39 54
02 84 57 002 30 2024 4 17 20 39 54
02 85 33 277 47 2024 4 17 20 39 54
06 21 22 137 38 2024 4 17 20 39 54
06 22 28 081 42 2024 4 17 20 39 54
06 23 17 315 39 2024 4 17 20 39 54
06 24 26 199 44 2024 4 17 20 39 54
06 25 41 264 47 2024 4 17 20 39 54
06 34 61 304 45 2024 4 17 20 39 54
06 43 18 273 45 2024 4 17 20 39 54
06 44 49 060 46 2024 4 17 20 39 54
11 21 22 137 33 2024 4 17 20 39 54
11 22 28 081 39 2024 4 17 20 39 54
11 23 17 315 43 2024 4 17 20 39 54
11 24 26 199 33 2024 4 17 20 39 54
11 25 41 264 44 2024 4 17 20 39 54
11 34 61 304 41 2024 4 17 20 39 54
11 43 18 273 40 2024 4 17 20 39 54
11 44 49 060 37 2024 4 17 20 39 54
07 02 59 295 43 2024 4 17 20 39 54
07 11 53 042 42 2024 4 17 20 39 54
07 25 57 175 44 2024 4 17 20 39 54
07 34 18 240 37 2024 4 17 20 39 54
07 36 68 262 45 2024 4 17 20 39 54
12 02 59 295 41 2024 4 17 20 39 54
12 11 53 042 36 2024 4 17 20 39 54
12 25 57 175 39 2024 4 17 20 39 54
12 34 18 240 40 2024 4 17 20 39 54
12 36 68 262 37 2024 4 17 20 39 54
01 05 30 177 47 2024 4 17 20 39 55
01 06 32 049 42 2024 4 17 20 39 55
01 11 71 034 46 2024 4 17 20 39 55
01 12 74 244 48 2024 4 17 20 39 55
01 19 16 093 41 2024 4 17 20 39 55
01 20 59 146 44 2024 4 17 20 39 55
01 25 50 299 45 2024 4 17 20 39 55
01 29 18 292 42 2024 4 17 20 39 55
08 06 32 049 41 2024 4 17 20 39 55
08 25 50 299 44 2024 4 17 20 39 55
02 68 22 057 43 2024 4 17 20 39 55
02 69 20 110 44 2024 4 17 20 39 55
02 73 17 184 43 2024 4 17 20 39 55
02 74 51 222 37 2024 4 17 20 39 55
02 75 41 310 44 2024 4 17 20 39 55
02 83 11 058 34 2024 4 17 20 39 55
02 84 57 002 30 2024 4 17 20 39 55
02 85 33 277 47 2024 4 17 20 39 55
06 21 22 137 38 2024 4 17 20 39 55
06 22 28 081 42 2024 4 17 20 39 55
06 23 17 315 39 2024 4 17 20 39 55
06 24 26 199 44 2024 4 17 20 39 55
06 25 41 264 47 2024 4 17 20 39 55
06 34 61 304 45 2024 4 17 20 39 55
06 43 18 273 44 2024 4 17 20 39 55
06 44 49 060 45 2024 4 17 20 39 55
11 21 22 137 33 2024 4 17 20 39 55
11 22 28 081 39 2024 4 17 20 39 55
11 23 17 315 43 2024 4 17 20 39 55
11 24 26 199 33 2024 4 17 20 39 55
11 25 41 264 44 2024 4 17 20 39 55
11 34 61 304 41 2024 4 17 20 39 55
11 43 18 273 40 2024 4 17 20 39 55
11 44 49 060 37 2024 4 17 20 39 55
07 02 59 295 43 2024 4 17 20 39 55
07 11 53 042 42 2024 4 17 20 39 55
07 25 57 175 44 2024 4 17 20 39 55
07 34 18 240 38 2024 4 17 20 39 55
07 36 68 262 45 2024 4 17 20 39 55
12 02 59 295 41 2024 4 17 20 39 55
12 11 53 042 37 2024 4 17 20 39 55
12 25 57 175 40 2024 4 17 20 39 55
12 34 18 240 40 2024 4 17 20 39 55
12 36 68 262 37 2024 4 17 20 39 55
01 05 30 177 46 2024 4 17 20 39 56
01 06 32 049 43 2024 4 17 20 39 56
01 11 71 034 47 2024 4 17 20 39 56
01 12 74 244 48 2024 4 17 20 39 56
01 19 16 093 41 2024 4 17 20 39 56
01 20 59 146 44 2024 4 17 20 39 56
01 25 50 299 45 2024 4 17 20 39 56
01 29 18 292 42 2024 4 17 20 39 56
08 06 32 049 41 2024 4 17 20 39 56
08 25 50 299 44 2024 4 17 20 39 56
02 68 22 057 42 2024 4 17 20 39 56
02 69 20 110 44 2024 4 17 20 39 56
02 73 17 184 43 2024 4 17 20 39 56
02 74 51 222 36 2024 4 17 20 39 56
02 75 41 310 42 2024 4 17 20 39 56
02 83 11 058 33 2024 4 17 20 39 56
02 84 57 002 29 2024 4 17 20 39 56
02 85 33 277 47 2024 4 17 20 39 56
06 21 22 137 38 2024 4 17 20 39 56
06 22 28 081 42 2024 4 17 20 39 56
06 23 17 315 39 2024 4 17 20 39 56
06 24 26 199 44 2024 4 17 20 39 56
06 25 41 264 47 2024 4 17 20 39 56
06 34 61 304 45 2024 4 17 20 39 56
06 43 18 273 44 2024 4 17 20 39 56
06 44 49 060 45 2024 4 17 20 39 56
11 21 22 137 33 2024 4 17 20 39 56
11 22 28 081 39 2024 4 17 20 39 56
11 23 17 315 43 2024 4 17 20 39 56
11 24 26 199 33 2024 4 17 20 39 56
11 25 41 264 44 2024 4 17 20 39 56
11 34 61 304 41 2024 4 17 20 39 56
11 43 18 273 40 2024 4 17 20 39 56
11 44 49 060 37 2024 4 17 20 39 56
07 02 59 295 43 2024 4 17 20 39 56
07 11 53 042 42 2024 4 17 20 39 56
07 25 56 174 44 2024 4 17 20 39 56
07 34 18 240 38 2024 4 17 20 39 56
07 36 68 262 45 2024 4 17 20 39 56
12 02 59 295 41 2024 4 17 20 39 56
12 11 53 042 36 2024 4 17 20 39 56
12 25 56 174 40 2024 4 17 20 39 56
12 34 18 240 40 2024 4 17 20 39 56
12 36 68 262 37 2024 4 17 20 39 56
01 05 30 177 46 2024 4 17 20 39 57
01 06 32 049 42 2024 4 17 20 39 57
01 11 71 034 46 2024 4 17 20 39 57
01 12 74 244 48 2024 4 17 20 39 57
01 19 16 093 41 2024 4 17 20 39 57
01 20 59 146 44 2024 4 17 20 39 57
01 25 50 299 45 2024 4 17 20 39 57
01 29 18 292 41 2024 4 17 20 39 57
08 06 32 049 41 2024 4 17 20 39 57
08 25 50 299 44 2024 4 17 20 39 57
02 68 22 057 41 2024 4 17 20 39 57
02 69 20 110 43 2024 4 17 20 39 57
02 73 17 184 43 2024 4 17 20 39 57
02 74 51 222 35 2024 4 17 20 39 57
02 75 41 310 41 2024 4 17 20 39 57
02 83 11 058 32 2024 4 17 20 39 57
02 84 57 002 29 2024 4 17 20 39 57
02 85 33 277 46 2024 4 17 20 39 57
06 21 22 137 38 2024 4 17 20 39 57
06 22 28 081 42 2024 4 17 20 39 57
06 23 17 315 39 2024 4 17 20 39 57
06 24 26 199 44 2024 4 17 20 39 57
06 25 41 264 48 2024 4 17 20 39 57
06 34 61 304 45 2024 4 17 20 39 57
06 43 18 273 44 2024 4 17 20 39 57
06 44 49 060 45 2024 4 17 20 39 57
11 21 22 137 33 2024 4 17 20 39 57
11 22 28 081 39 2024 4 17 20 39 57
11 23 17 315 43 2024 4 17 20 39 57
11 24 26 199 33 2024 4 17 20 39 57
11 25 41 264 44 2024 4 17 20 39 57
11 34 61 304 41 2024 4 17 20 39 57
11 43 18 273 40 2024 4 17 20 39 57
11 44 49 060 37 2024 4 17 20 39 57
07 02 59 295 42 2024 4 17 20 39 57
07 11 53 042 42 2024 4 17 20 39 57
07 25 56 174 43 2024 4 17 20 39 57
07 34 18 240 38 2024 4 17 20 39 57
07 36 69 263 45 2024 4 17 20 39 57
12 02 59 295 41 2024 4 17 20 39 57
12 11 53 042 36 2024 4 17 20 39 57
12 25 56 174 40 2024 4 17 20 39 57
12 34 18 240 40 2024 4 17 20 39 57
12 36 69 263 37 2024 4 17 20 39 57
01 05 30 177 46 2024 4 17 20 39 58
01 06 32 049 42 2024 4 17 20 39 58
01 11 71 034 46 2024 4 17 20 39 58
01 12 74 244 48 2024 4 17 20 39 58
01 19 16 093 41 2024 4 17 20 39 58
01 20 59 146 44 2024 4 17 20 39 58
01 25 50 299 44 2024 4 17 20 39 58
01 29 18 292 42 2024 4 17 20 39 58
08 06 32 049 40 2024 4 17 20 39 58
08 25 50 299 44 2024 4 17 20 39 58
02 68 22 057 41 2024 4 17 20 39 58
02 69 20 110 43 2024 4 17 20 39 58
02 73 17 184 42 2024 4 17 20 39 58
02 74 51 222 35 2024 4 17 20 39 58
02 75 41 310 41 2024 4 17 20 39 58
02 83 11 058 32 2024 4 17 20 39 58
02 84 57 002 28 2024 4 17 20 39 58
02 85 33 277 46 2024 4 17 20 39 58
06 21 22 137 39 2024 4 17 20 39 58
06 22 28 081 42 2024 4 17 20 39 58
06 23 17 315 40 2024 4 17 20 39 58
06 24 26 199 44 2024 4 17 20 39 58
06 25 41 264 47 2024 4 17 20 39 58
06 34 61 304 45 2024 4 17 20 39 58
06 43 18 273 45 2024 4 17 20 39 58
06 44 49 060 45 2024 4 17 20 39 58
11 21 22 137 33 2024 4 17 20 39 58
11 22 28 081 39 2024 4 17 20 39 58
11 23 17 315 43 2024 4 17 20 39 58
11 24 26 199 33 2024 4 17 20 39 58
11 25 41 264 44 2024 4 17 20 39 58
11 34 61 304 41 2024 4 17 20 39 58
11 43 18 273 40 2024 4 17 20 39 58
11 44 49 060 37 2024 4 17 20 39 58
07 02 59 295 42 2024 4 17 20 39 58
07 11 53 042 42 2024 4 17 20 39 58
07 25 56 174 43 2024 4 17 20 39 58
07 34 18 240 38 2024 4 17 20 39 58
07 36 69 263 45 2024 4 17 20 39 58
12 02 59 295 41 2024 4 17 20 39 58
12 11 53 042 37 2024 4 17 20 39 58
12 25 56 174 40 2024 4 17 20 39 58
12 34 18 240 40 2024 4 17 20 39 58
12 36 69 263 37 2024 4 17 20 39 58
01 05 30 177 46 2024 4 17 20 39 59
01 06 32 049 42 2024 4 17 20 39 59
01 11 71 034 46 2024 4 17 20 39 59
01 12 74 244 48 2024 4 17 20 39 59
01 19 16 093 41 2024 4 17 20 39 59
01 20 59 146 45 2024 4 17 20 39 59
01 25 50 299 44 2024 4 17 20 39 59
01 29 18 292 42 2024 4 17 20 39 59
08 06 32 049 40 2024 4 17 20 39 59
08 25 50 299 44 2024 4 17 20 39 59
02 68 22 057 41 2024 4 17 20 39 59
02 69 20 110 43 2024 4 17 20 39 59
02 73 17 184 43 2024 4 17 20 39 59
02 74 51 222 34 2024 4 17 20 39 59
02 75 41 310 41 2024 4 17 20 39 59
02 83 11 058 33 2024 4 17 20 39 59
02 84 57 002 29 2024 4 17 20 39 59
02 85 33 277 46 2024 4 17 20 39 59
06 21 22 137 38 2024 4 17 20 39 59
06 22 28 081 42 2024 4 17 20 39 59
06 23 17 315 39 2024 4 17 20 39 59
06 24 26 199 44 2024 4 17 20 39 59
06 25 41 264 48 2024 4 17 20 39 59
06 34 61 304 45 2024 4 17 20 39 59
06 43 18 273 45 2024 4 17 20 39 59
06 44 49 060 45 2024 4 17 20 39 59
11 21 22 137 33 2024 4 17 20 39 59
11 22 28 081 39 2024 4 17 20 39 59
11 23 17 315 43 2024 4 17 20 39 59
11 24 26 199 33 2024 4 17 20 39 59
11 25 41 264 44 2024 4 17 20 39 59
11 34 61 304 41 2024 4 17 20 39 59
11 43 18 273 40 2024 4 17 20 39 59
11 44 49 060 38 2024 4 17 20 39 59
07 02 59 295 42 2024 4 17 20 39 59
07 11 53 042 42 2024 4 17 20 39 59
07 25 56 174 43 2024 4 17 20 39 59
07 34 18 240 37 2024 4 17 20 39 59
07 36 69 263 45 2024 4 17 20 39 59
12 02 59 295 41 2024 4 17 20 39 59
12 11 53 042 36 2024 4 17 20 39 59
12 25 56 174 40 2024 4 17 20 39 59
12 34 18 240 40 2024 4 17 20 39 59
12 36 69 263 37 2024 4 17 20 39 59
01 05 30 177 46 2024 4 17 20 40 0
01 06 32 049 42 2024 4 17 20 40 0
01 11 71 034 47 2024 4 17 20 40 0
01 12 74 244 49 2024 4 17 20 40 0
01 19 16 093 42 2024 4 17 20 40 0
01 20 59 146 45 2024 4 17 20 40 0
01 25 50 299 44 2024 4 17 20 40 0
01 29 18 292 43 2024 4 17 20 40 0
08 06 32 049 41 2024 4 17 20 40 0
08 25 50 299 44 2024 4 17 20 40 0
02 68 22 057 41 2024 4 17 20 40 0
02 69 20 110 43 2024 4 17 20 40 0
02 73 17 184 43 2024 4 17 20 40 0
02 74 51 222 34 2024 4 17 20 40 0
02 75 41 310 41 2024 4 17 20 40 0
02 83 11 058 33 2024 4 17 20 40 0
02 84 57 002 29 2024 4 17 20 40 0
02 85 33 277 46 2024 4 17 20 40 0
06 21 22 137 39 2024 4 17 20 40 0
06 22 28 081 42 2024 4 17 20 40 0
06 23 17 315 40 2024 4 17 20 40 0
06 24 26 199 44 2024 4 17 20 40 0
06 25 41 264 47 2024 4 17 20 40 0
06 34 61 304 45 2024 4 17 20 40 0
06 43 18 273 45 2024 4 17 20 40 0
06 44 49 060 45 2024 4 17 20 40 0
11 21 22 137 33 2024 4 17 20 40 0
11 22 28 081 39 2024 4 17 20 40 0
11 23 17 315 43 2024 4 17 20 40 0
11 24 26 199 33 2024 4 17 20 40 0
11 25 41 264 44 2024 4 17 20 40 0
11 34 61 304 41 2024 4 17 20 40 0
11 43 18 273 40 2024 4 17 20 40 0
11 44 49 060 38 2024 4 17 20 40 0
07 02 59 295 42 2024 4 17 20 40 0
07 11 53 042 42 2024 4 17 20 40 0
07 25 56 174 43 2024 4 17 20 40 0
07 34 18 240 37 2024 4 17 20 40 0
07 36 69 263 45 2024 4 17 20 40 0
12 02 59 295 41 2024 4 17 20 40 0
12 11 53 042 37 2024 4 17 20 40 0
12 25 56 174 40 2024 4 17 20 40 0
12 34 18 240 40 2024 4 17 20 40 0
12 36 69 263 37 2024 4 17 20 40 0
