01 11 75 209 25 2024 4 5 20 18 35
01 20 28 165 31 2024 4 5 20 18 35
01 22 19 134 22 2024 4 5 20 18 35
01 24 26 234 22 2024 4 5 20 18 35
02 76 07 161 30 2024 4 5 20 18 35
02 81 11 244 29 2024 4 5 20 18 35
01 11 75 209 20 2024 4 5 20 18 36
01 20 28 165 25 2024 4 5 20 18 36
01 22 19 134 19 2024 4 5 20 18 36
01 24 26 234 26 2024 4 5 20 18 36
02 76 07 161 31 2024 4 5 20 18 36
02 81 11 244 30 2024 4 5 20 18 36
01 11 75 209 20 2024 4 5 20 18 37
01 20 28 165 26 2024 4 5 20 18 37
01 22 19 134 23 2024 4 5 20 18 37
01 24 26 234 27 2024 4 5 20 18 37
08 24 26 234 10 2024 4 5 20 18 37
02 76 07 161 32 2024 4 5 20 18 37
02 81 11 244 31 2024 4 5 20 18 37
01 11 75 209 21 2024 4 5 20 18 38
01 20 28 165 28 2024 4 5 20 18 38
01 22 19 134 21 2024 4 5 20 18 38
01 24 26 234 26 2024 4 5 20 18 38
08 24 26 234 02 2024 4 5 20 18 38
02 76 07 161 33 2024 4 5 20 18 38
02 81 11 244 30 2024 4 5 20 18 38
01 11 75 209 20 2024 4 5 20 18 39
01 20 28 165 28 2024 4 5 20 18 39
01 22 19 134 21 2024 4 5 20 18 39
01 24 26 234 25 2024 4 5 20 18 39
08 24 26 234 14 2024 4 5 20 18 39
02 76 07 161 34 2024 4 5 20 18 39
02 81 11 244 30 2024 4 5 20 18 39
01 11 75 209 22 2024 4 5 20 18 40
01 20 28 165 27 2024 4 5 20 18 40
01 22 19 134 22 2024 4 5 20 18 40
01 24 26 234 26 2024 4 5 20 18 40
08 24 26 234 07 2024 4 5 20 18 40
02 76 07 161 33 2024 4 5 20 18 40
02 81 11 244 29 2024 4 5 20 18 40
01 11 75 209 20 2024 4 5 20 18 41
01 20 28 165 28 2024 4 5 20 18 41
01 22 19 134 24 2024 4 5 20 18 41
01 24 26 234 27 2024 4 5 20 18 41
08 24 26 234 13 2024 4 5 20 18 41
02 76 07 161 33 2024 4 5 20 18 41
02 81 11 244 28 2024 4 5 20 18 41
01 11 75 209 19 2024 4 5 20 18 42
01 20 28 165 28 2024 4 5 20 18 42
01 22 19 134 24 2024 4 5 20 18 42
01 24 26 234 28 2024 4 5 20 18 42
08 24 26 234 14 2024 4 5 20 18 42
02 76 07 161 33 2024 4 5 20 18 42
02 81 11 244 27 2024 4 5 20 18 42
01 11 75 209 20 2024 4 5 20 18 44
01 20 28 165 28 2024 4 5 20 18 44
01 22 19 134 24 2024 4 5 20 18 44
01 24 26 234 28 2024 4 5 20 18 44
08 24 26 234 14 2024 4 5 20 18 44
02 76 07 161 32 2024 4 5 20 18 44
02 81 11 244 26 2024 4 5 20 18 44
01 11 75 209 19 2024 4 5 20 18 45
01 20 28 165 28 2024 4 5 20 18 45
01 22 19 134 23 2024 4 5 20 18 45
01 24 26 234 27 2024 4 5 20 18 45
08 24 26 234 17 2024 4 5 20 18 45
02 76 07 161 32 2024 4 5 20 18 45
02 81 11 244 27 2024 4 5 20 18 45
01 11 75 209 19 2024 4 5 20 18 46
01 20 28 165 28 2024 4 5 20 18 46
01 22 19 134 24 2024 4 5 20 18 46
01 24 26 234 27 2024 4 5 20 18 46
08 24 26 234 16 2024 4 5 20 18 46
02 76 07 161 32 2024 4 5 20 18 46
02 81 11 244 28 2024 4 5 20 18 46
01 11 75 209 19 2024 4 5 20 18 47
01 20 28 165 29 2024 4 5 20 18 47
01 22 19 134 23 2024 4 5 20 18 47
01 24 26 234 27 2024 4 5 20 18 47
08 24 26 234 20 2024 4 5 20 18 47
02 76 07 161 32 2024 4 5 20 18 47
02 81 11 244 28 2024 4 5 20 18 47
01 11 75 209 17 2024 4 5 20 18 48
01 20 28 165 30 2024 4 5 20 18 48
01 22 19 134 20 2024 4 5 20 18 48
01 24 26 234 26 2024 4 5 20 18 48
08 24 26 234 19 2024 4 5 20 18 48
02 76 07 161 32 2024 4 5 20 18 48
02 81 11 244 28 2024 4 5 20 18 48
01 11 75 209 15 2024 4 5 20 18 49
01 20 28 165 31 2024 4 5 20 18 49
01 22 19 134 20 2024 4 5 20 18 49
01 24 26 234 27 2024 4 5 20 18 49
08 24 26 234 18 2024 4 5 20 18 49
02 76 07 161 32 2024 4 5 20 18 49
02 81 11 244 28 2024 4 5 20 18 49
01 11 75 209 19 2024 4 5 20 18 50
01 20 28 165 31 2024 4 5 20 18 50
01 22 19 134 22 2024 4 5 20 18 50
01 24 26 234 28 2024 4 5 20 18 50
08 24 26 234 17 2024 4 5 20 18 50
02 76 07 161 33 2024 4 5 20 18 50
02 81 11 244 28 2024 4 5 20 18 50
01 20 28 165 29 2024 4 5 20 18 56
01 24 26 234 27 2024 4 5 20 18 56
02 76 07 161 33 2024 4 5 20 18 56
02 81 11 244 24 2024 4 5 20 18 56
06 20 10 124 31 2024 4 5 20 18 56
01 20 28 165 30 2024 4 5 20 18 57
01 22 19 134 22 2024 4 5 20 18 57
01 24 26 234 26 2024 4 5 20 18 57
02 76 07 161 34 2024 4 5 20 18 57
02 81 11 244 26 2024 4 5 20 18 57
06 20 10 124 32 2024 4 5 20 18 57
01 20 28 165 30 2024 4 5 20 18 58
01 22 19 134 23 2024 4 5 20 18 58
01 24 26 234 27 2024 4 5 20 18 58
08 24 26 234 15 2024 4 5 20 18 58
02 76 07 161 35 2024 4 5 20 18 58
02 81 11 244 28 2024 4 5 20 18 58
06 20 10 124 32 2024 4 5 20 18 58
11 20 10 124 25 2024 4 5 20 18 58
01 20 28 165 32 2024 4 5 20 18 59
01 22 19 134 23 2024 4 5 20 18 59
01 24 26 234 26 2024 4 5 20 18 59
08 24 26 234 16 2024 4 5 20 18 59
02 76 07 161 35 2024 4 5 20 18 59
02 81 11 244 26 2024 4 5 20 18 59
06 20 10 124 31 2024 4 5 20 18 59
11 20 10 124 27 2024 4 5 20 18 59
01 20 28 165 32 2024 4 5 20 19 0
01 22 19 134 22 2024 4 5 20 19 0
01 24 26 234 26 2024 4 5 20 19 0
08 24 26 234 15 2024 4 5 20 19 0
02 76 07 161 35 2024 4 5 20 19 0
02 81 11 244 24 2024 4 5 20 19 0
06 20 11 124 31 2024 4 5 20 19 0
11 20 11 124 27 2024 4 5 20 19 0
01 20 28 165 32 2024 4 5 20 19 2
01 22 19 134 19 2024 4 5 20 19 2
01 24 26 234 28 2024 4 5 20 19 2
08 24 26 234 14 2024 4 5 20 19 2
02 76 07 161 34 2024 4 5 20 19 2
02 81 11 244 25 2024 4 5 20 19 2
06 20 11 124 31 2024 4 5 20 19 2
11 20 11 124 27 2024 4 5 20 19 2
01 20 28 165 33 2024 4 5 20 19 3
01 22 19 134 19 2024 4 5 20 19 3
01 24 26 234 27 2024 4 5 20 19 3
08 24 26 234 11 2024 4 5 20 19 3
02 76 07 161 35 2024 4 5 20 19 3
02 81 11 244 25 2024 4 5 20 19 3
06 20 11 124 32 2024 4 5 20 19 3
11 20 11 124 28 2024 4 5 20 19 3
01 20 28 165 32 2024 4 5 20 19 4
01 22 19 134 20 2024 4 5 20 19 4
01 24 26 234 26 2024 4 5 20 19 4
08 24 26 234 14 2024 4 5 20 19 4
02 76 07 161 35 2024 4 5 20 19 4
02 81 11 244 27 2024 4 5 20 19 4
06 20 11 124 32 2024 4 5 20 19 4
11 20 11 124 28 2024 4 5 20 19 4
01 20 28 165 32 2024 4 5 20 19 5
01 22 19 134 17 2024 4 5 20 19 5
01 24 26 234 26 2024 4 5 20 19 5
08 24 26 234 18 2024 4 5 20 19 5
02 76 07 161 34 2024 4 5 20 19 5
02 81 11 244 28 2024 4 5 20 19 5
06 20 11 124 32 2024 4 5 20 19 5
11 20 11 124 28 2024 4 5 20 19 5
01 20 28 165 32 2024 4 5 20 19 6
01 22 19 134 18 2024 4 5 20 19 6
01 24 26 234 25 2024 4 5 20 19 6
08 24 26 234 18 2024 4 5 20 19 6
02 76 07 161 34 2024 4 5 20 19 6
02 81 11 244 28 2024 4 5 20 19 6
06 20 11 124 33 2024 4 5 20 19 6
11 20 11 124 28 2024 4 5 20 19 6
01 20 28 165 31 2024 4 5 20 19 7
01 22 19 134 20 2024 4 5 20 19 7
01 24 26 233 25 2024 4 5 20 19 7
08 24 26 233 19 2024 4 5 20 19 7
02 76 07 161 34 2024 4 5 20 19 7
02 81 11 244 29 2024 4 5 20 19 7
06 20 11 124 32 2024 4 5 20 19 7
11 20 11 124 28 2024 4 5 20 19 7
01 20 28 165 30 2024 4 5 20 19 8
01 22 19 134 16 2024 4 5 20 19 8
01 24 26 233 24 2024 4 5 20 19 8
08 24 26 233 21 2024 4 5 20 19 8
02 76 07 161 33 2024 4 5 20 19 8
02 81 11 244 28 2024 4 5 20 19 8
06 20 11 124 32 2024 4 5 20 19 8
11 20 11 124 28 2024 4 5 20 19 8
01 20 28 165 29 2024 4 5 20 19 9
01 22 19 134 18 2024 4 5 20 19 9
01 24 26 233 25 2024 4 5 20 19 9
08 24 26 233 19 2024 4 5 20 19 9
02 76 07 161 33 2024 4 5 20 19 9
02 81 11 244 28 2024 4 5 20 19 9
06 20 11 124 32 2024 4 5 20 19 9
11 20 11 124 28 2024 4 5 20 19 9
