01 14 05 132 33 2024 4 5 19 54 47
02 76 19 158 36 2024 4 5 19 54 47
01 14 05 132 33 2024 4 5 19 54 50
02 76 19 158 36 2024 4 5 19 54 50
01 14 05 132 34 2024 4 5 19 54 51
01 22 28 128 23 2024 4 5 19 54 51
08 14 05 132 23 2024 4 5 19 54 51
02 76 19 158 37 2024 4 5 19 54 51
01 14 05 132 34 2024 4 5 19 54 52
01 22 28 128 26 2024 4 5 19 54 52
08 14 05 132 26 2024 4 5 19 54 52
02 76 19 158 36 2024 4 5 19 54 52
01 14 05 132 33 2024 4 5 19 54 53
01 22 28 128 26 2024 4 5 19 54 53
08 14 05 132 26 2024 4 5 19 54 53
02 76 19 158 36 2024 4 5 19 54 53
01 14 05 132 32 2024 4 5 19 54 54
01 22 28 128 27 2024 4 5 19 54 54
08 14 05 132 26 2024 4 5 19 54 54
02 76 19 158 35 2024 4 5 19 54 54
01 14 05 132 33 2024 4 5 19 54 55
01 22 28 128 27 2024 4 5 19 54 55
08 14 05 132 28 2024 4 5 19 54 55
02 76 19 158 36 2024 4 5 19 54 55
01 14 05 132 33 2024 4 5 19 54 56
01 22 28 128 29 2024 4 5 19 54 56
01 24 33 243 09 2024 4 5 19 54 56
08 14 05 132 28 2024 4 5 19 54 56
02 76 19 158 36 2024 4 5 19 54 56
01 14 05 132 33 2024 4 5 19 54 57
01 22 28 128 29 2024 4 5 19 54 57
08 14 05 132 27 2024 4 5 19 54 57
02 76 19 158 36 2024 4 5 19 54 57
01 14 05 132 34 2024 4 5 19 54 58
01 22 28 128 29 2024 4 5 19 54 58
08 14 05 132 27 2024 4 5 19 54 58
02 76 19 158 36 2024 4 5 19 54 58
01 14 05 132 34 2024 4 5 19 54 59
01 22 28 128 30 2024 4 5 19 54 59
08 14 05 132 27 2024 4 5 19 54 59
02 76 19 158 36 2024 4 5 19 54 59
01 14 05 132 34 2024 4 5 19 55 0
01 22 28 128 30 2024 4 5 19 55 0
08 14 05 132 26 2024 4 5 19 55 0
02 76 19 158 36 2024 4 5 19 55 0
01 14 05 132 33 2024 4 5 19 55 1
01 22 28 128 30 2024 4 5 19 55 1
08 14 05 132 27 2024 4 5 19 55 1
02 76 19 158 36 2024 4 5 19 55 1
01 14 05 132 33 2024 4 5 19 55 2
01 22 28 128 31 2024 4 5 19 55 2
08 14 05 132 26 2024 4 5 19 55 2
02 76 19 158 36 2024 4 5 19 55 2
01 14 05 132 33 2024 4 5 19 55 3
01 22 28 128 30 2024 4 5 19 55 3
08 14 05 132 26 2024 4 5 19 55 3
02 76 19 158 36 2024 4 5 19 55 3
01 14 05 132 32 2024 4 5 19 55 4
01 20 18 169 24 2024 4 5 19 55 4
01 22 28 128 30 2024 4 5 19 55 4
08 14 05 132 25 2024 4 5 19 55 4
02 76 19 158 36 2024 4 5 19 55 4
01 14 05 132 32 2024 4 5 19 55 5
01 20 18 169 21 2024 4 5 19 55 5
01 22 28 128 30 2024 4 5 19 55 5
08 14 05 132 25 2024 4 5 19 55 5
02 76 19 158 35 2024 4 5 19 55 5
01 14 05 132 32 2024 4 5 19 55 6
01 20 18 169 22 2024 4 5 19 55 6
01 22 28 128 32 2024 4 5 19 55 6
08 14 05 132 26 2024 4 5 19 55 6
02 76 19 158 35 2024 4 5 19 55 6
01 14 05 132 32 2024 4 5 19 55 7
01 20 18 169 21 2024 4 5 19 55 7
01 22 28 128 31 2024 4 5 19 55 7
08 14 05 132 25 2024 4 5 19 55 7
02 76 19 158 34 2024 4 5 19 55 7
01 14 05 132 32 2024 4 5 19 55 8
01 20 18 169 22 2024 4 5 19 55 8
01 22 28 128 30 2024 4 5 19 55 8
08 14 05 132 26 2024 4 5 19 55 8
02 76 19 158 33 2024 4 5 19 55 8
01 14 05 132 31 2024 4 5 19 55 9
01 20 18 169 21 2024 4 5 19 55 9
01 22 28 128 30 2024 4 5 19 55 9
08 14 05 132 24 2024 4 5 19 55 9
02 76 19 158 32 2024 4 5 19 55 9
01 14 05 132 30 2024 4 5 19 55 10
01 20 18 169 19 2024 4 5 19 55 10
01 22 28 128 30 2024 4 5 19 55 10
08 14 05 132 24 2024 4 5 19 55 10
02 76 19 158 32 2024 4 5 19 55 10
