06 21 23 317 42 2024 4 24 10 56 25
06 22 59 262 08 2024 4 24 10 56 25
01 04 60 140 06 2024 4 24 10 56 30
06 21 23 317 49 2024 4 24 10 56 30
11 21 23 317 45 2024 4 24 10 56 30
01 04 60 140 11 2024 4 24 19 55 30
01 20 08 321 46 2024 4 24 19 55 30
06 21 17 141 48 2024 4 24 19 55 30
11 21 17 141 45 2024 4 24 19 55 30
01 20 08 321 47 2024 4 24 19 55 35
02 66 07 020 22 2024 4 24 19 55 35
02 67 21 069 43 2024 4 24 19 55 35
02 68 13 118 46 2024 4 24 19 55 35
06 19 09 038 35 2024 4 24 19 55 35
06 21 17 141 48 2024 4 24 19 55 35
06 22 26 088 43 2024 4 24 19 55 35
11 21 17 141 45 2024 4 24 19 55 35
01 05 23 178 45 2024 4 24 19 55 40
01 11 78 028 46 2024 4 24 19 55 40
01 12 73 272 46 2024 4 24 19 55 40
01 19 21 088 42 2024 4 24 19 55 40
01 20 52 154 48 2024 4 24 19 55 40
01 24 08 218 46 2024 4 24 19 55 40
01 25 45 305 44 2024 4 24 19 55 40
01 29 13 288 40 2024 4 24 19 55 40
08 24 08 218 46 2024 4 24 19 55 40
08 25 45 305 36 2024 4 24 19 55 40
02 66 07 020 24 2024 4 24 19 55 40
02 67 21 068 42 2024 4 24 19 55 40
02 68 13 118 46 2024 4 24 19 55 40
02 74 37 317 37 2024 4 24 19 55 40
02 80 24 183 48 2024 4 24 19 55 40
02 82 24 049 34 2024 4 24 19 55 40
02 84 32 268 35 2024 4 24 19 55 40
06 19 09 038 36 2024 4 24 19 55 40
06 21 17 141 48 2024 4 24 19 55 40
06 22 26 088 42 2024 4 24 19 55 40
11 19 09 038 31 2024 4 24 19 55 40
11 21 17 141 45 2024 4 24 19 55 40
11 22 26 088 40 2024 4 24 19 55 40
01 05 23 178 44 2024 4 24 19 55 45
01 11 78 028 46 2024 4 24 19 55 45
01 12 73 272 47 2024 4 24 19 55 45
01 19 21 088 40 2024 4 24 19 55 45
01 20 52 154 49 2024 4 24 19 55 45
01 24 08 218 45 2024 4 24 19 55 45
01 25 45 305 44 2024 4 24 19 55 45
01 29 13 288 41 2024 4 24 19 55 45
08 24 08 218 46 2024 4 24 19 55 45
08 25 45 305 36 2024 4 24 19 55 45
02 66 07 020 27 2024 4 24 19 55 45
02 67 21 068 41 2024 4 24 19 55 45
02 68 13 118 46 2024 4 24 19 55 45
02 74 37 317 37 2024 4 24 19 55 45
02 80 24 183 49 2024 4 24 19 55 45
02 82 24 049 31 2024 4 24 19 55 45
02 84 32 268 35 2024 4 24 19 55 45
06 19 09 038 39 2024 4 24 19 55 45
06 21 17 141 47 2024 4 24 19 55 45
06 22 26 088 42 2024 4 24 19 55 45
11 19 09 038 32 2024 4 24 19 55 45
11 21 17 141 45 2024 4 24 19 55 45
11 22 26 088 40 2024 4 24 19 55 45
01 05 23 178 43 2024 4 24 19 55 50
01 11 78 028 47 2024 4 24 19 55 50
01 12 73 272 48 2024 4 24 19 55 50
01 19 21 088 41 2024 4 24 19 55 50
01 20 52 154 48 2024 4 24 19 55 50
01 24 08 218 45 2024 4 24 19 55 50
01 25 45 305 43 2024 4 24 19 55 50
01 29 13 288 40 2024 4 24 19 55 50
08 24 08 218 47 2024 4 24 19 55 50
08 25 45 305 36 2024 4 24 19 55 50
02 66 07 020 28 2024 4 24 19 55 50
02 67 21 068 37 2024 4 24 19 55 50
02 68 13 118 45 2024 4 24 19 55 50
02 74 37 317 37 2024 4 24 19 55 50
02 80 24 183 48 2024 4 24 19 55 50
02 82 24 049 35 2024 4 24 19 55 50
02 84 32 268 37 2024 4 24 19 55 50
06 19 09 038 40 2024 4 24 19 55 50
06 21 17 141 47 2024 4 24 19 55 50
06 22 26 088 42 2024 4 24 19 55 50
11 19 09 038 32 2024 4 24 19 55 50
11 21 17 141 45 2024 4 24 19 55 50
11 22 26 088 40 2024 4 24 19 55 50
01 05 24 178 43 2024 4 24 19 55 55
01 11 78 028 46 2024 4 24 19 55 55
01 12 73 272 47 2024 4 24 19 55 55
01 19 21 088 40 2024 4 24 19 55 55
01 20 52 153 48 2024 4 24 19 55 55
01 24 08 218 44 2024 4 24 19 55 55
01 25 45 305 44 2024 4 24 19 55 55
01 29 13 288 39 2024 4 24 19 55 55
08 24 08 218 46 2024 4 24 19 55 55
08 25 45 305 36 2024 4 24 19 55 55
02 66 07 020 19 2024 4 24 19 55 55
02 67 21 068 38 2024 4 24 19 55 55
02 68 13 118 47 2024 4 24 19 55 55
02 74 37 317 36 2024 4 24 19 55 55
02 80 24 183 48 2024 4 24 19 55 55
02 82 24 049 37 2024 4 24 19 55 55
02 84 32 269 38 2024 4 24 19 55 55
06 19 09 038 39 2024 4 24 19 55 55
06 21 17 141 47 2024 4 24 19 55 55
06 22 26 088 41 2024 4 24 19 55 55
11 19 09 038 32 2024 4 24 19 55 55
11 21 17 141 45 2024 4 24 19 55 55
11 22 26 088 40 2024 4 24 19 55 55
07 31 05 147 37 2024 4 24 19 55 55
12 31 05 147 30 2024 4 24 19 55 55
01 05 24 178 43 2024 4 24 19 56 0
01 11 78 028 46 2024 4 24 19 56 0
01 12 73 272 45 2024 4 24 19 56 0
01 19 21 088 42 2024 4 24 19 56 0
01 20 52 153 48 2024 4 24 19 56 0
01 24 08 218 42 2024 4 24 19 56 0
01 25 45 305 44 2024 4 24 19 56 0
01 29 13 288 39 2024 4 24 19 56 0
08 24 08 218 47 2024 4 24 19 56 0
08 25 45 305 36 2024 4 24 19 56 0
02 66 07 020 28 2024 4 24 19 56 0
02 67 21 068 41 2024 4 24 19 56 0
02 68 13 118 49 2024 4 24 19 56 0
02 74 37 317 36 2024 4 24 19 56 0
02 80 24 183 49 2024 4 24 19 56 0
02 82 24 049 28 2024 4 24 19 56 0
02 84 32 269 38 2024 4 24 19 56 0
06 19 09 038 38 2024 4 24 19 56 0
06 21 17 141 48 2024 4 24 19 56 0
06 22 26 088 39 2024 4 24 19 56 0
10 19 09 038 28 2024 4 24 19 56 0
10 21 17 141 43 2024 4 24 19 56 0
10 22 26 088 35 2024 4 24 19 56 0
11 19 09 038 32 2024 4 24 19 56 0
11 21 17 141 45 2024 4 24 19 56 0
11 22 26 088 40 2024 4 24 19 56 0
07 31 05 147 36 2024 4 24 19 56 0
12 31 05 147 34 2024 4 24 19 56 0
01 05 24 178 43 2024 4 24 19 56 5
01 11 78 028 45 2024 4 24 19 56 5
01 12 73 271 46 2024 4 24 19 56 5
01 19 21 088 43 2024 4 24 19 56 5
01 20 52 153 48 2024 4 24 19 56 5
01 24 08 218 42 2024 4 24 19 56 5
01 25 45 305 44 2024 4 24 19 56 5
01 29 13 288 40 2024 4 24 19 56 5
08 24 08 218 46 2024 4 24 19 56 5
08 25 45 305 37 2024 4 24 19 56 5
02 66 07 020 18 2024 4 24 19 56 5
02 67 21 068 39 2024 4 24 19 56 5
02 68 13 118 49 2024 4 24 19 56 5
02 74 37 317 36 2024 4 24 19 56 5
02 80 24 183 48 2024 4 24 19 56 5
02 82 24 049 31 2024 4 24 19 56 5
02 84 32 269 37 2024 4 24 19 56 5
06 19 09 038 36 2024 4 24 19 56 5
06 21 17 141 48 2024 4 24 19 56 5
06 22 26 088 38 2024 4 24 19 56 5
10 19 09 038 28 2024 4 24 19 56 5
10 21 17 141 42 2024 4 24 19 56 5
10 22 26 088 37 2024 4 24 19 56 5
11 19 09 038 33 2024 4 24 19 56 5
11 21 17 141 46 2024 4 24 19 56 5
11 22 26 088 40 2024 4 24 19 56 5
07 02 16 318 37 2024 4 24 19 56 5
07 10 72 028 33 2024 4 24 19 56 5
07 11 74 259 37 2024 4 24 19 56 5
07 12 47 044 37 2024 4 24 19 56 5
07 31 05 147 37 2024 4 24 19 56 5
12 31 05 147 34 2024 4 24 19 56 5
01 05 24 178 43 2024 4 24 19 56 10
01 11 78 028 45 2024 4 24 19 56 10
01 12 73 271 46 2024 4 24 19 56 10
01 19 21 088 42 2024 4 24 19 56 10
01 20 52 153 49 2024 4 24 19 56 10
01 24 08 217 42 2024 4 24 19 56 10
01 25 45 305 44 2024 4 24 19 56 10
01 29 13 288 38 2024 4 24 19 56 10
08 24 08 217 46 2024 4 24 19 56 10
08 25 45 305 37 2024 4 24 19 56 10
02 66 07 020 21 2024 4 24 19 56 10
02 67 21 068 35 2024 4 24 19 56 10
02 68 13 118 49 2024 4 24 19 56 10
02 74 37 316 35 2024 4 24 19 56 10
02 80 24 183 48 2024 4 24 19 56 10
02 82 24 049 34 2024 4 24 19 56 10
02 83 57 007 31 2024 4 24 19 56 10
02 84 33 269 39 2024 4 24 19 56 10
06 11 36 275 45 2024 4 24 19 56 10
06 12 69 007 40 2024 4 24 19 56 10
10 19 09 037 28 2024 4 24 19 56 10
10 21 17 141 42 2024 4 24 19 56 10
10 22 26 087 38 2024 4 24 19 56 10
10 24 33 201 38 2024 4 24 19 56 10
10 25 43 272 16 2024 4 24 19 56 10
11 19 09 037 33 2024 4 24 19 56 10
11 21 17 141 46 2024 4 24 19 56 10
11 22 26 087 41 2024 4 24 19 56 10
07 02 16 318 38 2024 4 24 19 56 10
07 10 72 028 36 2024 4 24 19 56 10
07 11 74 259 39 2024 4 24 19 56 10
07 12 47 044 36 2024 4 24 19 56 10
07 24 53 163 46 2024 4 24 19 56 10
07 25 64 293 43 2024 4 24 19 56 10
07 31 05 147 36 2024 4 24 19 56 10
12 02 16 318 35 2024 4 24 19 56 10
12 10 72 028 42 2024 4 24 19 56 10
12 11 74 259 41 2024 4 24 19 56 10
12 12 47 044 30 2024 4 24 19 56 10
12 24 53 163 46 2024 4 24 19 56 10
12 25 64 293 43 2024 4 24 19 56 10
12 31 05 147 35 2024 4 24 19 56 10
01 05 24 178 44 2024 4 24 19 56 15
01 11 78 028 46 2024 4 24 19 56 15
01 12 73 271 47 2024 4 24 19 56 15
01 19 21 088 42 2024 4 24 19 56 15
01 20 52 153 50 2024 4 24 19 56 15
01 24 08 217 44 2024 4 24 19 56 15
01 25 45 305 45 2024 4 24 19 56 15
01 29 13 288 37 2024 4 24 19 56 15
08 24 08 217 46 2024 4 24 19 56 15
08 25 45 305 37 2024 4 24 19 56 15
02 66 07 020 25 2024 4 24 19 56 15
02 67 21 068 39 2024 4 24 19 56 15
02 68 13 118 49 2024 4 24 19 56 15
02 74 37 316 35 2024 4 24 19 56 15
02 80 24 183 47 2024 4 24 19 56 15
02 82 24 049 31 2024 4 24 19 56 15
02 83 57 007 32 2024 4 24 19 56 15
02 84 33 269 39 2024 4 24 19 56 15
06 11 36 275 45 2024 4 24 19 56 15
06 12 69 007 40 2024 4 24 19 56 15
10 19 09 037 29 2024 4 24 19 56 15
10 21 17 141 41 2024 4 24 19 56 15
10 22 26 087 37 2024 4 24 19 56 15
10 24 33 201 41 2024 4 24 19 56 15
10 25 43 272 41 2024 4 24 19 56 15
11 19 09 037 33 2024 4 24 19 56 15
11 21 17 141 45 2024 4 24 19 56 15
11 22 26 087 41 2024 4 24 19 56 15
11 23 14 319 37 2024 4 24 19 56 15
11 24 33 201 43 2024 4 24 19 56 15
11 25 43 272 39 2024 4 24 19 56 15
11 34 57 294 43 2024 4 24 19 56 15
11 43 14 269 36 2024 4 24 19 56 15
11 44 54 053 44 2024 4 24 19 56 15
07 02 16 318 37 2024 4 24 19 56 15
07 10 72 028 35 2024 4 24 19 56 15
07 11 74 259 40 2024 4 24 19 56 15
07 12 47 044 36 2024 4 24 19 56 15
07 24 53 163 47 2024 4 24 19 56 15
07 25 64 293 43 2024 4 24 19 56 15
07 31 05 147 37 2024 4 24 19 56 15
12 02 16 318 35 2024 4 24 19 56 15
12 10 72 028 42 2024 4 24 19 56 15
12 11 74 259 41 2024 4 24 19 56 15
12 12 47 044 30 2024 4 24 19 56 15
12 24 53 163 47 2024 4 24 19 56 15
12 25 64 293 44 2024 4 24 19 56 15
12 31 05 147 35 2024 4 24 19 56 15
12 36 24 237 40 2024 4 24 19 56 15
01 05 24 178 44 2024 4 24 19 56 20
01 11 78 028 46 2024 4 24 19 56 20
01 12 73 271 46 2024 4 24 19 56 20
01 19 21 088 42 2024 4 24 19 56 20
01 20 52 153 49 2024 4 24 19 56 20
01 24 08 217 43 2024 4 24 19 56 20
01 25 45 305 44 2024 4 24 19 56 20
01 29 13 288 38 2024 4 24 19 56 20
08 24 08 217 45 2024 4 24 19 56 20
08 25 45 305 37 2024 4 24 19 56 20
02 66 07 020 26 2024 4 24 19 56 20
02 67 21 068 42 2024 4 24 19 56 20
02 68 13 117 49 2024 4 24 19 56 20
02 74 37 316 35 2024 4 24 19 56 20
02 80 24 183 48 2024 4 24 19 56 20
02 82 24 049 32 2024 4 24 19 56 20
02 83 57 007 31 2024 4 24 19 56 20
02 84 33 269 38 2024 4 24 19 56 20
06 11 36 275 44 2024 4 24 19 56 20
06 12 69 007 40 2024 4 24 19 56 20
10 19 09 037 30 2024 4 24 19 56 20
10 21 17 141 41 2024 4 24 19 56 20
10 22 26 087 34 2024 4 24 19 56 20
10 24 33 201 41 2024 4 24 19 56 20
10 25 43 272 41 2024 4 24 19 56 20
11 19 09 037 33 2024 4 24 19 56 20
11 21 17 141 45 2024 4 24 19 56 20
11 22 26 087 41 2024 4 24 19 56 20
11 23 14 319 37 2024 4 24 19 56 20
11 24 33 201 48 2024 4 24 19 56 20
11 25 43 272 40 2024 4 24 19 56 20
11 34 57 294 42 2024 4 24 19 56 20
11 43 14 269 35 2024 4 24 19 56 20
11 44 54 053 44 2024 4 24 19 56 20
07 02 16 318 37 2024 4 24 19 56 20
07 10 72 028 35 2024 4 24 19 56 20
07 11 74 259 40 2024 4 24 19 56 20
07 12 47 044 35 2024 4 24 19 56 20
07 24 53 163 47 2024 4 24 19 56 20
07 25 64 293 43 2024 4 24 19 56 20
07 31 05 147 37 2024 4 24 19 56 20
12 02 16 318 35 2024 4 24 19 56 20
12 10 72 028 42 2024 4 24 19 56 20
12 11 74 259 40 2024 4 24 19 56 20
12 12 47 044 30 2024 4 24 19 56 20
12 24 53 163 48 2024 4 24 19 56 20
12 25 64 293 43 2024 4 24 19 56 20
12 31 05 147 36 2024 4 24 19 56 20
12 36 24 237 47 2024 4 24 19 56 20
01 05 24 178 44 2024 4 24 19 56 25
01 11 78 028 47 2024 4 24 19 56 25
01 12 73 271 45 2024 4 24 19 56 25
01 19 21 088 44 2024 4 24 19 56 25
01 20 52 153 48 2024 4 24 19 56 25
01 24 08 217 43 2024 4 24 19 56 25
01 25 45 305 43 2024 4 24 19 56 25
01 29 13 288 39 2024 4 24 19 56 25
08 24 08 217 46 2024 4 24 19 56 25
08 25 45 305 37 2024 4 24 19 56 25
02 66 07 020 25 2024 4 24 19 56 25
02 67 21 068 40 2024 4 24 19 56 25
02 68 13 117 51 2024 4 24 19 56 25
02 74 37 316 35 2024 4 24 19 56 25
02 80 24 183 48 2024 4 24 19 56 25
02 82 24 049 36 2024 4 24 19 56 25
02 83 57 007 31 2024 4 24 19 56 25
02 84 33 269 37 2024 4 24 19 56 25
06 11 36 275 44 2024 4 24 19 56 25
06 12 69 007 40 2024 4 24 19 56 25
10 19 09 037 35 2024 4 24 19 56 25
10 21 17 141 46 2024 4 24 19 56 25
10 22 26 087 36 2024 4 24 19 56 25
10 24 33 201 42 2024 4 24 19 56 25
10 25 43 272 40 2024 4 24 19 56 25
11 19 09 037 33 2024 4 24 19 56 25
11 21 17 141 45 2024 4 24 19 56 25
11 22 26 087 41 2024 4 24 19 56 25
11 23 14 319 37 2024 4 24 19 56 25
11 24 33 201 49 2024 4 24 19 56 25
11 25 43 272 40 2024 4 24 19 56 25
11 34 57 294 43 2024 4 24 19 56 25
11 43 14 269 35 2024 4 24 19 56 25
11 44 54 054 44 2024 4 24 19 56 25
07 02 16 318 37 2024 4 24 19 56 25
07 10 72 028 35 2024 4 24 19 56 25
07 11 74 260 40 2024 4 24 19 56 25
07 12 47 044 36 2024 4 24 19 56 25
07 24 52 163 47 2024 4 24 19 56 25
07 25 64 292 43 2024 4 24 19 56 25
07 31 05 147 37 2024 4 24 19 56 25
12 02 16 318 35 2024 4 24 19 56 25
12 10 72 028 42 2024 4 24 19 56 25
12 11 74 260 40 2024 4 24 19 56 25
12 12 47 044 29 2024 4 24 19 56 25
12 24 52 163 47 2024 4 24 19 56 25
12 25 64 292 43 2024 4 24 19 56 25
12 31 05 147 36 2024 4 24 19 56 25
12 36 24 237 47 2024 4 24 19 56 25
01 05 24 178 44 2024 4 24 19 56 30
01 11 78 028 46 2024 4 24 19 56 30
01 12 73 271 46 2024 4 24 19 56 30
01 19 21 088 43 2024 4 24 19 56 30
01 20 52 153 49 2024 4 24 19 56 30
01 24 08 217 42 2024 4 24 19 56 30
01 25 45 305 43 2024 4 24 19 56 30
01 29 13 288 39 2024 4 24 19 56 30
08 24 08 217 46 2024 4 24 19 56 30
08 25 45 305 38 2024 4 24 19 56 30
02 66 07 020 28 2024 4 24 19 56 30
02 67 21 068 41 2024 4 24 19 56 30
02 68 13 117 51 2024 4 24 19 56 30
02 74 37 316 33 2024 4 24 19 56 30
02 80 24 183 49 2024 4 24 19 56 30
02 82 24 049 37 2024 4 24 19 56 30
02 83 57 007 30 2024 4 24 19 56 30
02 84 33 269 35 2024 4 24 19 56 30
06 11 36 275 45 2024 4 24 19 56 30
06 12 69 007 40 2024 4 24 19 56 30
10 19 09 037 35 2024 4 24 19 56 30
10 21 17 141 46 2024 4 24 19 56 30
10 22 26 087 37 2024 4 24 19 56 30
10 24 33 201 43 2024 4 24 19 56 30
10 25 43 272 41 2024 4 24 19 56 30
11 19 09 037 33 2024 4 24 19 56 30
11 21 17 141 45 2024 4 24 19 56 30
11 22 26 087 41 2024 4 24 19 56 30
11 23 14 319 37 2024 4 24 19 56 30
11 24 33 201 50 2024 4 24 19 56 30
11 25 43 272 40 2024 4 24 19 56 30
11 34 57 294 43 2024 4 24 19 56 30
11 43 14 269 35 2024 4 24 19 56 30
11 44 54 054 44 2024 4 24 19 56 30
07 02 16 318 36 2024 4 24 19 56 30
07 10 72 028 36 2024 4 24 19 56 30
07 11 74 260 40 2024 4 24 19 56 30
07 12 47 044 35 2024 4 24 19 56 30
07 24 52 163 47 2024 4 24 19 56 30
07 25 64 292 43 2024 4 24 19 56 30
07 31 05 147 38 2024 4 24 19 56 30
12 02 16 318 35 2024 4 24 19 56 30
12 10 72 028 43 2024 4 24 19 56 30
12 11 74 260 40 2024 4 24 19 56 30
12 12 47 044 29 2024 4 24 19 56 30
12 24 52 163 48 2024 4 24 19 56 30
12 25 64 292 44 2024 4 24 19 56 30
12 31 05 147 36 2024 4 24 19 56 30
12 36 24 237 47 2024 4 24 19 56 30
01 05 24 178 44 2024 4 24 19 56 35
01 11 78 028 46 2024 4 24 19 56 35
01 12 74 271 47 2024 4 24 19 56 35
01 19 21 088 42 2024 4 24 19 56 35
01 20 52 153 49 2024 4 24 19 56 35
01 24 08 217 42 2024 4 24 19 56 35
01 25 45 305 42 2024 4 24 19 56 35
01 29 14 288 38 2024 4 24 19 56 35
08 24 08 217 45 2024 4 24 19 56 35
08 25 45 305 38 2024 4 24 19 56 35
02 66 07 020 29 2024 4 24 19 56 35
02 67 21 068 37 2024 4 24 19 56 35
02 68 13 117 50 2024 4 24 19 56 35
02 74 38 316 33 2024 4 24 19 56 35
02 80 24 183 48 2024 4 24 19 56 35
02 82 24 049 38 2024 4 24 19 56 35
02 83 57 007 29 2024 4 24 19 56 35
02 84 33 269 37 2024 4 24 19 56 35
06 11 36 275 46 2024 4 24 19 56 35
06 12 69 007 39 2024 4 24 19 56 35
10 19 09 037 33 2024 4 24 19 56 35
10 21 17 141 45 2024 4 24 19 56 35
10 22 26 087 40 2024 4 24 19 56 35
10 24 33 201 42 2024 4 24 19 56 35
10 25 43 272 41 2024 4 24 19 56 35
11 19 09 037 33 2024 4 24 19 56 35
11 21 17 141 44 2024 4 24 19 56 35
11 22 26 087 40 2024 4 24 19 56 35
11 23 14 319 37 2024 4 24 19 56 35
11 24 33 201 49 2024 4 24 19 56 35
11 25 43 272 40 2024 4 24 19 56 35
11 34 57 294 42 2024 4 24 19 56 35
11 43 14 269 34 2024 4 24 19 56 35
11 44 54 054 44 2024 4 24 19 56 35
07 02 16 318 36 2024 4 24 19 56 35
07 10 72 028 37 2024 4 24 19 56 35
07 11 74 260 39 2024 4 24 19 56 35
07 12 47 044 34 2024 4 24 19 56 35
07 24 52 163 47 2024 4 24 19 56 35
07 25 64 292 43 2024 4 24 19 56 35
07 31 05 147 37 2024 4 24 19 56 35
12 02 16 318 35 2024 4 24 19 56 35
12 10 72 028 43 2024 4 24 19 56 35
12 11 74 260 41 2024 4 24 19 56 35
12 12 47 044 29 2024 4 24 19 56 35
12 24 52 163 48 2024 4 24 19 56 35
12 25 64 292 44 2024 4 24 19 56 35
12 31 05 147 36 2024 4 24 19 56 35
12 36 24 237 47 2024 4 24 19 56 35
01 05 24 178 45 2024 4 24 19 56 40
01 11 78 028 46 2024 4 24 19 56 40
01 12 74 271 47 2024 4 24 19 56 40
01 19 21 088 42 2024 4 24 19 56 40
01 20 52 153 49 2024 4 24 19 56 40
01 24 08 217 42 2024 4 24 19 56 40
01 25 45 305 43 2024 4 24 19 56 40
01 29 14 288 38 2024 4 24 19 56 40
08 24 08 217 46 2024 4 24 19 56 40
08 25 45 305 38 2024 4 24 19 56 40
02 66 07 020 32 2024 4 24 19 56 40
02 67 21 068 39 2024 4 24 19 56 40
02 68 13 117 50 2024 4 24 19 56 40
02 73 59 249 47 2024 4 24 19 56 40
02 74 38 316 33 2024 4 24 19 56 40
02 80 24 183 48 2024 4 24 19 56 40
02 82 24 049 38 2024 4 24 19 56 40
02 83 57 007 30 2024 4 24 19 56 40
02 84 33 269 37 2024 4 24 19 56 40
06 11 36 275 46 2024 4 24 19 56 40
06 12 69 007 39 2024 4 24 19 56 40
10 19 09 037 33 2024 4 24 19 56 40
10 21 17 141 45 2024 4 24 19 56 40
10 22 26 087 37 2024 4 24 19 56 40
10 24 33 201 46 2024 4 24 19 56 40
10 25 43 272 45 2024 4 24 19 56 40
11 19 09 037 33 2024 4 24 19 56 40
11 21 17 141 44 2024 4 24 19 56 40
11 22 26 087 40 2024 4 24 19 56 40
11 23 14 319 37 2024 4 24 19 56 40
11 24 33 201 49 2024 4 24 19 56 40
11 25 43 272 40 2024 4 24 19 56 40
11 34 57 294 42 2024 4 24 19 56 40
11 43 14 269 34 2024 4 24 19 56 40
11 44 54 054 43 2024 4 24 19 56 40
07 02 16 318 36 2024 4 24 19 56 40
07 10 72 028 38 2024 4 24 19 56 40
07 11 74 260 39 2024 4 24 19 56 40
07 12 46 044 34 2024 4 24 19 56 40
07 24 52 163 47 2024 4 24 19 56 40
07 25 64 292 43 2024 4 24 19 56 40
07 36 24 237 44 2024 4 24 19 56 40
12 02 16 318 35 2024 4 24 19 56 40
12 10 72 028 42 2024 4 24 19 56 40
12 11 74 260 40 2024 4 24 19 56 40
12 12 46 044 28 2024 4 24 19 56 40
12 24 52 163 48 2024 4 24 19 56 40
12 25 64 292 44 2024 4 24 19 56 40
12 36 24 237 47 2024 4 24 19 56 40
01 05 24 178 46 2024 4 24 19 56 45
01 11 78 028 46 2024 4 24 19 56 45
01 12 74 270 45 2024 4 24 19 56 45
01 19 21 088 41 2024 4 24 19 56 45
01 20 52 153 49 2024 4 24 19 56 45
01 24 08 217 42 2024 4 24 19 56 45
01 25 45 305 43 2024 4 24 19 56 45
01 29 14 288 38 2024 4 24 19 56 45
08 24 08 217 45 2024 4 24 19 56 45
08 25 45 305 38 2024 4 24 19 56 45
02 66 07 020 23 2024 4 24 19 56 45
02 67 21 068 40 2024 4 24 19 56 45
02 68 13 117 50 2024 4 24 19 56 45
02 73 59 249 47 2024 4 24 19 56 45
02 74 38 316 34 2024 4 24 19 56 45
02 80 24 183 47 2024 4 24 19 56 45
02 82 24 049 37 2024 4 24 19 56 45
02 83 57 007 30 2024 4 24 19 56 45
02 84 33 269 38 2024 4 24 19 56 45
06 11 36 275 45 2024 4 24 19 56 45
06 12 69 007 40 2024 4 24 19 56 45
10 19 09 037 34 2024 4 24 19 56 45
10 21 17 141 46 2024 4 24 19 56 45
10 22 26 087 34 2024 4 24 19 56 45
10 24 33 201 46 2024 4 24 19 56 45
10 25 43 272 45 2024 4 24 19 56 45
11 19 09 037 33 2024 4 24 19 56 45
11 21 17 141 44 2024 4 24 19 56 45
11 22 26 087 40 2024 4 24 19 56 45
11 23 14 319 36 2024 4 24 19 56 45
11 24 33 201 49 2024 4 24 19 56 45
11 25 43 272 40 2024 4 24 19 56 45
11 34 57 294 42 2024 4 24 19 56 45
11 43 14 269 33 2024 4 24 19 56 45
11 44 54 054 43 2024 4 24 19 56 45
07 02 16 318 36 2024 4 24 19 56 45
07 10 72 028 38 2024 4 24 19 56 45
07 11 74 260 39 2024 4 24 19 56 45
07 12 46 044 34 2024 4 24 19 56 45
07 24 52 163 47 2024 4 24 19 56 45
07 25 64 292 43 2024 4 24 19 56 45
07 36 24 237 43 2024 4 24 19 56 45
12 02 16 318 34 2024 4 24 19 56 45
12 10 72 028 42 2024 4 24 19 56 45
12 11 74 260 40 2024 4 24 19 56 45
12 12 46 044 28 2024 4 24 19 56 45
12 24 52 163 48 2024 4 24 19 56 45
12 25 64 292 43 2024 4 24 19 56 45
12 36 24 237 46 2024 4 24 19 56 45
01 05 24 178 46 2024 4 24 19 56 50
01 06 37 047 33 2024 4 24 19 56 50
01 11 78 028 46 2024 4 24 19 56 50
01 12 74 270 45 2024 4 24 19 56 50
01 19 21 088 42 2024 4 24 19 56 50
01 20 52 153 49 2024 4 24 19 56 50
01 24 08 217 42 2024 4 24 19 56 50
01 25 45 305 43 2024 4 24 19 56 50
01 29 14 288 39 2024 4 24 19 56 50
08 06 37 047 31 2024 4 24 19 56 50
08 24 08 217 45 2024 4 24 19 56 50
08 25 45 305 38 2024 4 24 19 56 50
02 66 06 020 27 2024 4 24 19 56 50
02 67 21 068 43 2024 4 24 19 56 50
02 68 13 117 51 2024 4 24 19 56 50
02 73 59 249 47 2024 4 24 19 56 50
02 74 38 316 34 2024 4 24 19 56 50
02 80 24 183 47 2024 4 24 19 56 50
02 82 24 049 38 2024 4 24 19 56 50
02 83 57 007 28 2024 4 24 19 56 50
02 84 33 269 38 2024 4 24 19 56 50
06 11 36 275 44 2024 4 24 19 56 50
06 12 69 007 40 2024 4 24 19 56 50
10 19 09 037 33 2024 4 24 19 56 50
10 21 17 141 46 2024 4 24 19 56 50
10 22 26 087 36 2024 4 24 19 56 50
10 24 33 201 45 2024 4 24 19 56 50
10 25 43 272 45 2024 4 24 19 56 50
11 19 09 037 34 2024 4 24 19 56 50
11 21 17 141 44 2024 4 24 19 56 50
11 22 26 087 40 2024 4 24 19 56 50
11 23 14 319 36 2024 4 24 19 56 50
11 24 33 201 49 2024 4 24 19 56 50
11 25 43 272 40 2024 4 24 19 56 50
11 34 57 294 43 2024 4 24 19 56 50
11 43 14 269 33 2024 4 24 19 56 50
11 44 54 054 43 2024 4 24 19 56 50
07 02 16 318 36 2024 4 24 19 56 50
07 10 72 028 38 2024 4 24 19 56 50
07 11 74 260 39 2024 4 24 19 56 50
07 12 46 044 34 2024 4 24 19 56 50
07 24 52 163 47 2024 4 24 19 56 50
07 25 64 292 43 2024 4 24 19 56 50
07 36 24 237 44 2024 4 24 19 56 50
12 02 16 318 35 2024 4 24 19 56 50
12 10 72 028 43 2024 4 24 19 56 50
12 11 74 260 40 2024 4 24 19 56 50
12 12 46 044 29 2024 4 24 19 56 50
12 24 52 163 48 2024 4 24 19 56 50
12 25 64 292 44 2024 4 24 19 56 50
12 36 24 237 46 2024 4 24 19 56 50
01 05 24 178 46 2024 4 24 19 56 55
01 06 37 047 35 2024 4 24 19 56 55
01 11 78 028 46 2024 4 24 19 56 55
01 12 74 270 45 2024 4 24 19 56 55
01 19 21 088 42 2024 4 24 19 56 55
01 20 52 153 48 2024 4 24 19 56 55
01 24 08 217 42 2024 4 24 19 56 55
01 25 45 305 44 2024 4 24 19 56 55
01 29 14 288 39 2024 4 24 19 56 55
08 06 37 047 32 2024 4 24 19 56 55
08 24 08 217 46 2024 4 24 19 56 55
08 25 45 305 38 2024 4 24 19 56 55
02 66 06 020 24 2024 4 24 19 56 55
02 67 21 068 43 2024 4 24 19 56 55
02 68 13 117 51 2024 4 24 19 56 55
02 73 59 249 46 2024 4 24 19 56 55
02 74 38 316 32 2024 4 24 19 56 55
02 80 24 183 47 2024 4 24 19 56 55
02 82 24 049 35 2024 4 24 19 56 55
02 83 57 007 29 2024 4 24 19 56 55
02 84 33 269 38 2024 4 24 19 56 55
06 11 36 275 44 2024 4 24 19 56 55
06 12 69 007 41 2024 4 24 19 56 55
10 19 09 037 31 2024 4 24 19 56 55
10 21 17 141 46 2024 4 24 19 56 55
10 22 26 087 36 2024 4 24 19 56 55
10 24 33 201 46 2024 4 24 19 56 55
10 25 43 272 44 2024 4 24 19 56 55
11 19 09 037 35 2024 4 24 19 56 55
11 21 17 141 44 2024 4 24 19 56 55
11 22 26 087 41 2024 4 24 19 56 55
11 23 14 319 36 2024 4 24 19 56 55
11 24 33 201 49 2024 4 24 19 56 55
11 25 43 272 40 2024 4 24 19 56 55
11 34 57 294 42 2024 4 24 19 56 55
11 43 14 269 32 2024 4 24 19 56 55
11 44 54 054 43 2024 4 24 19 56 55
07 02 16 318 35 2024 4 24 19 56 55
07 10 72 028 37 2024 4 24 19 56 55
07 11 74 260 39 2024 4 24 19 56 55
07 12 46 044 35 2024 4 24 19 56 55
07 24 52 163 46 2024 4 24 19 56 55
07 25 64 292 43 2024 4 24 19 56 55
07 36 24 237 44 2024 4 24 19 56 55
12 02 16 318 34 2024 4 24 19 56 55
12 10 72 028 42 2024 4 24 19 56 55
12 11 74 260 40 2024 4 24 19 56 55
12 12 46 044 28 2024 4 24 19 56 55
12 24 52 163 48 2024 4 24 19 56 55
12 25 64 292 44 2024 4 24 19 56 55
12 36 24 237 45 2024 4 24 19 56 55
01 05 24 178 46 2024 4 24 19 57 0
01 06 37 047 35 2024 4 24 19 57 0
01 11 77 028 46 2024 4 24 19 57 0
01 12 74 270 45 2024 4 24 19 57 0
01 19 21 088 43 2024 4 24 19 57 0
01 20 52 153 49 2024 4 24 19 57 0
01 24 08 217 42 2024 4 24 19 57 0
01 25 45 305 45 2024 4 24 19 57 0
01 29 14 288 40 2024 4 24 19 57 0
08 06 37 047 32 2024 4 24 19 57 0
08 24 08 217 46 2024 4 24 19 57 0
08 25 45 305 38 2024 4 24 19 57 0
02 66 06 019 27 2024 4 24 19 57 0
02 67 21 068 44 2024 4 24 19 57 0
02 68 13 117 51 2024 4 24 19 57 0
02 73 59 248 46 2024 4 24 19 57 0
02 74 38 316 31 2024 4 24 19 57 0
02 80 24 183 47 2024 4 24 19 57 0
02 82 24 049 35 2024 4 24 19 57 0
02 83 57 007 29 2024 4 24 19 57 0
02 84 33 269 38 2024 4 24 19 57 0
06 11 36 275 44 2024 4 24 19 57 0
06 12 69 007 41 2024 4 24 19 57 0
10 19 09 037 31 2024 4 24 19 57 0
10 21 17 141 47 2024 4 24 19 57 0
10 22 26 087 36 2024 4 24 19 57 0
10 24 33 201 46 2024 4 24 19 57 0
10 25 43 272 44 2024 4 24 19 57 0
11 19 09 037 36 2024 4 24 19 57 0
11 21 17 141 45 2024 4 24 19 57 0
11 22 26 087 41 2024 4 24 19 57 0
11 23 14 319 36 2024 4 24 19 57 0
11 24 33 201 49 2024 4 24 19 57 0
11 25 43 272 40 2024 4 24 19 57 0
11 34 57 294 43 2024 4 24 19 57 0
11 43 14 269 32 2024 4 24 19 57 0
11 44 54 054 43 2024 4 24 19 57 0
07 02 16 318 34 2024 4 24 19 57 0
07 10 72 028 36 2024 4 24 19 57 0
07 11 74 260 39 2024 4 24 19 57 0
07 12 46 044 35 2024 4 24 19 57 0
07 24 52 163 47 2024 4 24 19 57 0
07 25 64 292 43 2024 4 24 19 57 0
07 36 24 237 45 2024 4 24 19 57 0
12 02 16 318 34 2024 4 24 19 57 0
12 10 72 028 43 2024 4 24 19 57 0
12 11 74 260 40 2024 4 24 19 57 0
12 12 46 044 28 2024 4 24 19 57 0
12 24 52 163 48 2024 4 24 19 57 0
12 25 64 292 44 2024 4 24 19 57 0
12 36 24 237 46 2024 4 24 19 57 0
01 05 24 178 44 2024 4 24 19 57 5
01 06 37 047 35 2024 4 24 19 57 5
01 11 77 028 46 2024 4 24 19 57 5
01 12 74 270 45 2024 4 24 19 57 5
01 19 21 088 44 2024 4 24 19 57 5
01 20 52 153 49 2024 4 24 19 57 5
01 24 08 217 42 2024 4 24 19 57 5
01 25 45 305 46 2024 4 24 19 57 5
01 29 14 288 38 2024 4 24 19 57 5
08 06 37 047 33 2024 4 24 19 57 5
08 24 08 217 46 2024 4 24 19 57 5
08 25 45 305 38 2024 4 24 19 57 5
02 66 06 019 28 2024 4 24 19 57 5
02 67 21 068 43 2024 4 24 19 57 5
02 68 13 117 50 2024 4 24 19 57 5
02 73 59 248 46 2024 4 24 19 57 5
02 74 38 316 31 2024 4 24 19 57 5
02 80 24 183 45 2024 4 24 19 57 5
02 82 24 049 39 2024 4 24 19 57 5
02 83 57 007 28 2024 4 24 19 57 5
02 84 33 269 36 2024 4 24 19 57 5
06 11 36 275 45 2024 4 24 19 57 5
06 12 69 007 41 2024 4 24 19 57 5
10 19 09 037 30 2024 4 24 19 57 5
10 21 17 141 47 2024 4 24 19 57 5
10 22 26 087 36 2024 4 24 19 57 5
10 24 32 201 45 2024 4 24 19 57 5
10 25 43 272 44 2024 4 24 19 57 5
11 19 09 037 36 2024 4 24 19 57 5
11 21 17 141 45 2024 4 24 19 57 5
11 22 26 087 41 2024 4 24 19 57 5
11 23 14 319 36 2024 4 24 19 57 5
11 24 32 201 49 2024 4 24 19 57 5
11 25 43 272 40 2024 4 24 19 57 5
11 34 57 294 42 2024 4 24 19 57 5
11 43 14 269 33 2024 4 24 19 57 5
11 44 54 054 43 2024 4 24 19 57 5
07 02 16 318 34 2024 4 24 19 57 5
07 10 72 028 35 2024 4 24 19 57 5
07 11 74 261 38 2024 4 24 19 57 5
07 12 46 044 35 2024 4 24 19 57 5
07 24 52 163 46 2024 4 24 19 57 5
07 25 64 292 43 2024 4 24 19 57 5
07 36 24 237 44 2024 4 24 19 57 5
12 02 16 318 35 2024 4 24 19 57 5
12 10 72 028 42 2024 4 24 19 57 5
12 11 74 261 40 2024 4 24 19 57 5
12 12 46 044 28 2024 4 24 19 57 5
12 24 52 163 48 2024 4 24 19 57 5
12 25 64 292 44 2024 4 24 19 57 5
12 36 24 237 46 2024 4 24 19 57 5
01 05 24 178 44 2024 4 24 19 57 10
01 06 37 047 37 2024 4 24 19 57 10
01 11 77 028 46 2024 4 24 19 57 10
01 12 74 270 47 2024 4 24 19 57 10
01 19 21 088 44 2024 4 24 19 57 10
01 20 52 153 50 2024 4 24 19 57 10
01 24 08 217 42 2024 4 24 19 57 10
01 25 45 305 44 2024 4 24 19 57 10
01 29 14 288 37 2024 4 24 19 57 10
08 06 37 047 33 2024 4 24 19 57 10
08 24 08 217 47 2024 4 24 19 57 10
08 25 45 305 38 2024 4 24 19 57 10
02 66 06 019 23 2024 4 24 19 57 10
02 67 21 068 43 2024 4 24 19 57 10
02 68 13 117 51 2024 4 24 19 57 10
02 73 59 248 46 2024 4 24 19 57 10
02 74 38 316 32 2024 4 24 19 57 10
02 80 24 183 44 2024 4 24 19 57 10
02 82 24 049 39 2024 4 24 19 57 10
02 83 57 007 28 2024 4 24 19 57 10
02 84 33 269 37 2024 4 24 19 57 10
06 11 36 275 45 2024 4 24 19 57 10
06 12 69 007 42 2024 4 24 19 57 10
10 19 09 037 30 2024 4 24 19 57 10
10 21 17 141 48 2024 4 24 19 57 10
10 22 26 087 36 2024 4 24 19 57 10
10 24 32 201 45 2024 4 24 19 57 10
10 25 43 272 44 2024 4 24 19 57 10
11 19 09 037 37 2024 4 24 19 57 10
11 21 17 141 45 2024 4 24 19 57 10
11 22 26 087 40 2024 4 24 19 57 10
11 23 14 319 36 2024 4 24 19 57 10
11 24 32 201 50 2024 4 24 19 57 10
11 25 43 272 40 2024 4 24 19 57 10
11 34 57 294 43 2024 4 24 19 57 10
11 43 14 269 33 2024 4 24 19 57 10
11 44 54 054 43 2024 4 24 19 57 10
07 02 16 318 35 2024 4 24 19 57 10
07 10 72 028 35 2024 4 24 19 57 10
07 11 74 261 39 2024 4 24 19 57 10
07 12 46 044 35 2024 4 24 19 57 10
07 24 52 163 46 2024 4 24 19 57 10
07 25 64 292 43 2024 4 24 19 57 10
07 36 24 237 44 2024 4 24 19 57 10
12 02 16 318 35 2024 4 24 19 57 10
12 10 72 028 43 2024 4 24 19 57 10
12 11 74 261 40 2024 4 24 19 57 10
12 12 46 044 27 2024 4 24 19 57 10
12 24 52 163 48 2024 4 24 19 57 10
12 25 64 292 44 2024 4 24 19 57 10
12 36 24 237 46 2024 4 24 19 57 10
01 05 24 178 46 2024 4 24 19 57 15
01 06 37 047 37 2024 4 24 19 57 15
01 11 77 028 45 2024 4 24 19 57 15
01 12 74 270 47 2024 4 24 19 57 15
01 19 21 088 42 2024 4 24 19 57 15
01 20 53 153 49 2024 4 24 19 57 15
01 24 08 217 42 2024 4 24 19 57 15
01 25 45 305 44 2024 4 24 19 57 15
01 29 14 288 36 2024 4 24 19 57 15
08 06 37 047 33 2024 4 24 19 57 15
08 24 08 217 47 2024 4 24 19 57 15
08 25 45 305 38 2024 4 24 19 57 15
02 66 06 019 29 2024 4 24 19 57 15
02 67 21 068 46 2024 4 24 19 57 15
02 68 13 117 51 2024 4 24 19 57 15
02 73 59 248 46 2024 4 24 19 57 15
02 74 38 316 33 2024 4 24 19 57 15
02 80 24 183 44 2024 4 24 19 57 15
02 82 24 049 40 2024 4 24 19 57 15
02 83 57 007 28 2024 4 24 19 57 15
02 84 33 269 37 2024 4 24 19 57 15
06 11 36 275 45 2024 4 24 19 57 15
06 12 69 008 42 2024 4 24 19 57 15
10 19 09 037 29 2024 4 24 19 57 15
10 21 17 141 47 2024 4 24 19 57 15
10 22 26 087 36 2024 4 24 19 57 15
10 24 32 201 46 2024 4 24 19 57 15
10 25 43 272 45 2024 4 24 19 57 15
11 19 09 037 37 2024 4 24 19 57 15
11 21 17 141 45 2024 4 24 19 57 15
11 22 26 087 40 2024 4 24 19 57 15
11 23 14 319 36 2024 4 24 19 57 15
11 24 32 201 50 2024 4 24 19 57 15
11 25 43 272 40 2024 4 24 19 57 15
11 34 57 294 43 2024 4 24 19 57 15
11 43 14 269 33 2024 4 24 19 57 15
11 44 54 054 43 2024 4 24 19 57 15
07 02 16 318 35 2024 4 24 19 57 15
07 10 72 028 35 2024 4 24 19 57 15
07 11 74 261 39 2024 4 24 19 57 15
07 12 46 044 35 2024 4 24 19 57 15
07 24 52 163 46 2024 4 24 19 57 15
07 25 64 292 43 2024 4 24 19 57 15
07 36 24 237 44 2024 4 24 19 57 15
12 02 16 318 35 2024 4 24 19 57 15
12 10 72 028 43 2024 4 24 19 57 15
12 11 74 261 40 2024 4 24 19 57 15
12 12 46 044 27 2024 4 24 19 57 15
12 24 52 163 49 2024 4 24 19 57 15
12 25 64 292 45 2024 4 24 19 57 15
12 36 24 237 46 2024 4 24 19 57 15
01 05 24 178 46 2024 4 24 19 57 20
01 06 37 047 37 2024 4 24 19 57 20
01 11 77 028 47 2024 4 24 19 57 20
01 12 74 270 46 2024 4 24 19 57 20
01 19 21 088 43 2024 4 24 19 57 20
01 20 53 153 49 2024 4 24 19 57 20
01 24 08 217 41 2024 4 24 19 57 20
01 25 45 305 44 2024 4 24 19 57 20
01 29 14 288 37 2024 4 24 19 57 20
08 06 37 047 34 2024 4 24 19 57 20
08 24 08 217 47 2024 4 24 19 57 20
08 25 45 305 38 2024 4 24 19 57 20
02 66 06 019 19 2024 4 24 19 57 20
02 67 21 068 44 2024 4 24 19 57 20
02 68 13 117 52 2024 4 24 19 57 20
02 73 59 248 45 2024 4 24 19 57 20
02 74 38 316 32 2024 4 24 19 57 20
02 80 24 183 45 2024 4 24 19 57 20
02 82 24 049 39 2024 4 24 19 57 20
02 83 57 007 28 2024 4 24 19 57 20
02 84 33 269 37 2024 4 24 19 57 20
06 11 36 275 45 2024 4 24 19 57 20
06 12 69 008 42 2024 4 24 19 57 20
10 19 09 037 29 2024 4 24 19 57 20
10 21 17 141 46 2024 4 24 19 57 20
10 22 26 087 35 2024 4 24 19 57 20
10 24 32 201 46 2024 4 24 19 57 20
10 25 43 272 45 2024 4 24 19 57 20
11 19 09 037 37 2024 4 24 19 57 20
11 21 17 141 45 2024 4 24 19 57 20
11 22 26 087 40 2024 4 24 19 57 20
11 23 14 319 37 2024 4 24 19 57 20
11 24 32 201 49 2024 4 24 19 57 20
11 25 43 272 39 2024 4 24 19 57 20
11 34 57 294 43 2024 4 24 19 57 20
11 43 14 269 33 2024 4 24 19 57 20
11 44 54 054 43 2024 4 24 19 57 20
07 02 16 318 34 2024 4 24 19 57 20
07 10 72 028 35 2024 4 24 19 57 20
07 11 74 261 38 2024 4 24 19 57 20
07 12 46 044 35 2024 4 24 19 57 20
07 24 52 163 46 2024 4 24 19 57 20
07 25 64 292 43 2024 4 24 19 57 20
07 36 24 237 44 2024 4 24 19 57 20
12 02 16 318 35 2024 4 24 19 57 20
12 10 72 028 43 2024 4 24 19 57 20
12 11 74 261 40 2024 4 24 19 57 20
12 12 46 044 28 2024 4 24 19 57 20
12 24 52 163 49 2024 4 24 19 57 20
12 25 64 292 44 2024 4 24 19 57 20
12 36 24 237 46 2024 4 24 19 57 20
01 05 24 178 46 2024 4 24 19 57 25
01 06 37 047 36 2024 4 24 19 57 25
01 11 77 029 46 2024 4 24 19 57 25
01 12 74 269 47 2024 4 24 19 57 25
01 19 20 088 44 2024 4 24 19 57 25
01 20 53 153 49 2024 4 24 19 57 25
01 24 08 217 40 2024 4 24 19 57 25
01 25 45 304 43 2024 4 24 19 57 25
01 29 14 288 39 2024 4 24 19 57 25
08 06 37 047 35 2024 4 24 19 57 25
08 24 08 217 47 2024 4 24 19 57 25
08 25 45 304 38 2024 4 24 19 57 25
02 66 06 019 17 2024 4 24 19 57 25
02 67 21 068 43 2024 4 24 19 57 25
02 68 13 117 50 2024 4 24 19 57 25
02 73 59 248 45 2024 4 24 19 57 25
02 74 38 316 31 2024 4 24 19 57 25
02 80 24 183 47 2024 4 24 19 57 25
02 82 24 049 40 2024 4 24 19 57 25
02 83 57 007 26 2024 4 24 19 57 25
02 84 33 269 37 2024 4 24 19 57 25
06 11 36 275 45 2024 4 24 19 57 25
06 12 69 008 42 2024 4 24 19 57 25
10 19 09 037 29 2024 4 24 19 57 25
10 21 17 141 46 2024 4 24 19 57 25
10 22 26 087 36 2024 4 24 19 57 25
10 24 32 201 46 2024 4 24 19 57 25
10 25 43 272 45 2024 4 24 19 57 25
11 19 09 037 36 2024 4 24 19 57 25
11 21 17 141 45 2024 4 24 19 57 25
11 22 26 087 39 2024 4 24 19 57 25
11 23 14 319 36 2024 4 24 19 57 25
11 24 32 201 49 2024 4 24 19 57 25
11 25 43 272 39 2024 4 24 19 57 25
11 34 57 294 42 2024 4 24 19 57 25
11 43 14 269 32 2024 4 24 19 57 25
11 44 54 054 43 2024 4 24 19 57 25
07 02 16 318 35 2024 4 24 19 57 25
07 10 72 028 35 2024 4 24 19 57 25
07 11 74 261 38 2024 4 24 19 57 25
07 12 46 044 35 2024 4 24 19 57 25
07 24 52 163 46 2024 4 24 19 57 25
07 25 64 292 43 2024 4 24 19 57 25
07 36 24 237 44 2024 4 24 19 57 25
12 02 16 318 35 2024 4 24 19 57 25
12 10 72 028 43 2024 4 24 19 57 25
12 11 74 261 40 2024 4 24 19 57 25
12 12 46 044 28 2024 4 24 19 57 25
12 24 52 163 49 2024 4 24 19 57 25
12 25 64 292 45 2024 4 24 19 57 25
12 36 24 237 46 2024 4 24 19 57 25
01 05 24 178 46 2024 4 24 19 57 30
01 06 37 047 36 2024 4 24 19 57 30
01 11 77 029 46 2024 4 24 19 57 30
01 12 74 269 46 2024 4 24 19 57 30
01 19 20 088 43 2024 4 24 19 57 30
01 20 53 153 49 2024 4 24 19 57 30
01 24 08 217 40 2024 4 24 19 57 30
01 25 45 304 44 2024 4 24 19 57 30
01 29 14 288 36 2024 4 24 19 57 30
08 06 37 047 35 2024 4 24 19 57 30
08 24 08 217 48 2024 4 24 19 57 30
08 25 45 304 37 2024 4 24 19 57 30
02 66 06 019 24 2024 4 24 19 57 30
02 67 21 067 42 2024 4 24 19 57 30
02 68 14 117 51 2024 4 24 19 57 30
02 73 59 248 45 2024 4 24 19 57 30
02 74 38 316 30 2024 4 24 19 57 30
02 80 23 183 49 2024 4 24 19 57 30
02 82 24 049 39 2024 4 24 19 57 30
02 83 57 008 27 2024 4 24 19 57 30
02 84 33 269 37 2024 4 24 19 57 30
06 11 36 275 45 2024 4 24 19 57 30
06 12 69 008 42 2024 4 24 19 57 30
10 19 09 037 29 2024 4 24 19 57 30
10 21 17 141 47 2024 4 24 19 57 30
10 22 26 087 37 2024 4 24 19 57 30
10 24 32 201 45 2024 4 24 19 57 30
10 25 43 272 45 2024 4 24 19 57 30
11 19 09 037 35 2024 4 24 19 57 30
11 21 17 141 45 2024 4 24 19 57 30
11 22 26 087 38 2024 4 24 19 57 30
11 23 14 319 36 2024 4 24 19 57 30
11 24 32 201 49 2024 4 24 19 57 30
11 25 43 272 39 2024 4 24 19 57 30
11 34 58 294 42 2024 4 24 19 57 30
11 43 14 269 32 2024 4 24 19 57 30
11 44 54 054 43 2024 4 24 19 57 30
07 02 16 318 35 2024 4 24 19 57 30
07 10 72 028 35 2024 4 24 19 57 30
07 11 74 261 39 2024 4 24 19 57 30
07 12 46 044 34 2024 4 24 19 57 30
07 24 52 163 46 2024 4 24 19 57 30
07 25 64 292 43 2024 4 24 19 57 30
07 36 24 237 44 2024 4 24 19 57 30
12 02 16 318 36 2024 4 24 19 57 30
12 10 72 028 42 2024 4 24 19 57 30
12 11 74 261 39 2024 4 24 19 57 30
12 12 46 044 28 2024 4 24 19 57 30
12 24 52 163 49 2024 4 24 19 57 30
12 25 64 292 44 2024 4 24 19 57 30
12 36 24 237 45 2024 4 24 19 57 30
01 05 24 178 46 2024 4 24 19 57 35
01 06 37 047 36 2024 4 24 19 57 35
01 11 77 029 46 2024 4 24 19 57 35
01 12 74 269 45 2024 4 24 19 57 35
01 19 20 088 44 2024 4 24 19 57 35
01 20 53 153 49 2024 4 24 19 57 35
01 24 08 217 40 2024 4 24 19 57 35
01 25 45 304 44 2024 4 24 19 57 35
01 29 14 288 35 2024 4 24 19 57 35
08 06 37 047 36 2024 4 24 19 57 35
08 24 08 217 48 2024 4 24 19 57 35
08 25 45 304 37 2024 4 24 19 57 35
02 66 06 019 27 2024 4 24 19 57 35
02 67 21 067 39 2024 4 24 19 57 35
02 68 14 117 52 2024 4 24 19 57 35
02 73 59 248 46 2024 4 24 19 57 35
02 74 38 316 31 2024 4 24 19 57 35
02 80 23 183 49 2024 4 24 19 57 35
02 82 24 049 37 2024 4 24 19 57 35
02 83 57 008 28 2024 4 24 19 57 35
02 84 33 269 36 2024 4 24 19 57 35
06 11 36 275 45 2024 4 24 19 57 35
06 12 69 008 42 2024 4 24 19 57 35
10 19 09 037 31 2024 4 24 19 57 35
10 21 17 141 48 2024 4 24 19 57 35
10 22 26 087 38 2024 4 24 19 57 35
10 24 32 201 45 2024 4 24 19 57 35
10 25 43 272 44 2024 4 24 19 57 35
11 19 09 037 34 2024 4 24 19 57 35
11 21 17 141 45 2024 4 24 19 57 35
11 22 26 087 38 2024 4 24 19 57 35
11 23 14 319 36 2024 4 24 19 57 35
11 24 32 201 49 2024 4 24 19 57 35
11 25 43 272 39 2024 4 24 19 57 35
11 34 58 294 42 2024 4 24 19 57 35
11 43 14 269 32 2024 4 24 19 57 35
11 44 54 054 43 2024 4 24 19 57 35
07 02 16 318 36 2024 4 24 19 57 35
07 10 72 028 35 2024 4 24 19 57 35
07 11 74 261 39 2024 4 24 19 57 35
07 12 46 044 35 2024 4 24 19 57 35
07 24 52 163 46 2024 4 24 19 57 35
07 25 64 292 42 2024 4 24 19 57 35
07 36 24 237 44 2024 4 24 19 57 35
12 02 16 318 36 2024 4 24 19 57 35
12 10 72 028 43 2024 4 24 19 57 35
12 11 74 261 40 2024 4 24 19 57 35
12 12 46 044 28 2024 4 24 19 57 35
12 24 52 163 49 2024 4 24 19 57 35
12 25 64 292 44 2024 4 24 19 57 35
12 36 24 237 45 2024 4 24 19 57 35
01 05 24 178 46 2024 4 24 19 57 40
01 06 37 047 37 2024 4 24 19 57 40
01 11 77 029 45 2024 4 24 19 57 40
01 12 74 269 45 2024 4 24 19 57 40
01 19 20 089 44 2024 4 24 19 57 40
01 20 53 153 49 2024 4 24 19 57 40
01 24 08 217 38 2024 4 24 19 57 40
01 25 45 304 44 2024 4 24 19 57 40
01 29 14 288 36 2024 4 24 19 57 40
08 06 37 047 36 2024 4 24 19 57 40
08 24 08 217 46 2024 4 24 19 57 40
08 25 45 304 38 2024 4 24 19 57 40
02 66 06 019 23 2024 4 24 19 57 40
02 67 21 067 38 2024 4 24 19 57 40
02 68 14 117 52 2024 4 24 19 57 40
02 73 59 248 46 2024 4 24 19 57 40
02 74 38 316 34 2024 4 24 19 57 40
02 80 23 183 48 2024 4 24 19 57 40
02 82 24 050 40 2024 4 24 19 57 40
02 83 56 008 29 2024 4 24 19 57 40
02 84 33 270 35 2024 4 24 19 57 40
06 11 36 275 45 2024 4 24 19 57 40
06 12 69 008 41 2024 4 24 19 57 40
10 19 09 037 33 2024 4 24 19 57 40
10 21 17 141 48 2024 4 24 19 57 40
10 22 26 087 36 2024 4 24 19 57 40
10 24 32 201 46 2024 4 24 19 57 40
10 25 43 272 44 2024 4 24 19 57 40
11 19 09 037 33 2024 4 24 19 57 40
11 21 17 141 45 2024 4 24 19 57 40
11 22 26 087 38 2024 4 24 19 57 40
11 23 14 319 36 2024 4 24 19 57 40
11 24 32 201 49 2024 4 24 19 57 40
11 25 43 272 39 2024 4 24 19 57 40
11 34 58 294 42 2024 4 24 19 57 40
11 43 14 269 32 2024 4 24 19 57 40
11 44 54 054 43 2024 4 24 19 57 40
07 02 16 318 36 2024 4 24 19 57 40
07 10 72 028 35 2024 4 24 19 57 40
07 11 74 261 39 2024 4 24 19 57 40
07 12 46 044 36 2024 4 24 19 57 40
07 24 52 163 45 2024 4 24 19 57 40
07 25 64 292 43 2024 4 24 19 57 40
07 36 24 237 45 2024 4 24 19 57 40
12 02 16 318 36 2024 4 24 19 57 40
12 10 72 028 43 2024 4 24 19 57 40
12 11 74 261 40 2024 4 24 19 57 40
12 12 46 044 28 2024 4 24 19 57 40
12 24 52 163 49 2024 4 24 19 57 40
12 25 64 292 44 2024 4 24 19 57 40
12 36 24 237 45 2024 4 24 19 57 40
01 05 24 178 45 2024 4 24 19 57 45
01 06 37 047 37 2024 4 24 19 57 45
01 11 77 029 45 2024 4 24 19 57 45
01 12 74 269 44 2024 4 24 19 57 45
01 19 20 089 44 2024 4 24 19 57 45
01 20 53 153 48 2024 4 24 19 57 45
01 24 08 217 37 2024 4 24 19 57 45
01 25 45 304 44 2024 4 24 19 57 45
01 29 14 288 35 2024 4 24 19 57 45
08 06 37 047 37 2024 4 24 19 57 45
08 24 08 217 45 2024 4 24 19 57 45
08 25 45 304 37 2024 4 24 19 57 45
02 66 06 019 29 2024 4 24 19 57 45
02 67 21 067 43 2024 4 24 19 57 45
02 68 14 117 51 2024 4 24 19 57 45
02 73 59 248 43 2024 4 24 19 57 45
02 74 38 316 34 2024 4 24 19 57 45
02 80 23 183 47 2024 4 24 19 57 45
02 82 24 050 41 2024 4 24 19 57 45
02 83 56 008 30 2024 4 24 19 57 45
02 84 33 270 36 2024 4 24 19 57 45
06 11 36 275 44 2024 4 24 19 57 45
06 12 69 008 40 2024 4 24 19 57 45
10 19 09 037 31 2024 4 24 19 57 45
10 21 18 141 48 2024 4 24 19 57 45
10 22 26 087 36 2024 4 24 19 57 45
10 24 32 201 46 2024 4 24 19 57 45
10 25 43 271 45 2024 4 24 19 57 45
11 19 09 037 33 2024 4 24 19 57 45
11 21 18 141 46 2024 4 24 19 57 45
11 22 26 087 38 2024 4 24 19 57 45
11 23 14 319 36 2024 4 24 19 57 45
11 24 32 201 49 2024 4 24 19 57 45
11 25 43 271 39 2024 4 24 19 57 45
11 34 58 294 42 2024 4 24 19 57 45
11 43 14 269 32 2024 4 24 19 57 45
11 44 54 054 43 2024 4 24 19 57 45
07 02 16 318 36 2024 4 24 19 57 45
07 10 71 028 35 2024 4 24 19 57 45
07 11 74 261 39 2024 4 24 19 57 45
07 12 46 044 35 2024 4 24 19 57 45
07 24 52 163 45 2024 4 24 19 57 45
07 25 64 291 43 2024 4 24 19 57 45
07 36 24 237 45 2024 4 24 19 57 45
12 02 16 318 36 2024 4 24 19 57 45
12 10 71 028 43 2024 4 24 19 57 45
12 11 74 261 39 2024 4 24 19 57 45
12 12 46 044 28 2024 4 24 19 57 45
12 24 52 163 49 2024 4 24 19 57 45
12 25 64 291 44 2024 4 24 19 57 45
12 36 24 237 45 2024 4 24 19 57 45
01 05 24 178 46 2024 4 24 19 57 50
01 06 37 047 38 2024 4 24 19 57 50
01 11 77 029 45 2024 4 24 19 57 50
01 12 74 268 45 2024 4 24 19 57 50
01 19 20 089 44 2024 4 24 19 57 50
01 20 53 153 47 2024 4 24 19 57 50
01 24 08 217 38 2024 4 24 19 57 50
01 25 45 304 44 2024 4 24 19 57 50
01 29 14 288 35 2024 4 24 19 57 50
08 06 37 047 37 2024 4 24 19 57 50
08 24 08 217 44 2024 4 24 19 57 50
08 25 45 304 36 2024 4 24 19 57 50
02 66 06 019 26 2024 4 24 19 57 50
02 67 21 067 42 2024 4 24 19 57 50
02 68 14 117 50 2024 4 24 19 57 50
02 73 59 248 43 2024 4 24 19 57 50
02 74 38 316 34 2024 4 24 19 57 50
02 80 23 183 46 2024 4 24 19 57 50
02 82 24 050 41 2024 4 24 19 57 50
02 83 56 008 28 2024 4 24 19 57 50
02 84 33 270 35 2024 4 24 19 57 50
06 11 36 275 44 2024 4 24 19 57 50
06 12 69 008 39 2024 4 24 19 57 50
10 19 09 037 28 2024 4 24 19 57 50
10 21 18 141 48 2024 4 24 19 57 50
10 22 26 087 35 2024 4 24 19 57 50
10 24 32 201 47 2024 4 24 19 57 50
10 25 43 271 44 2024 4 24 19 57 50
11 19 09 037 32 2024 4 24 19 57 50
11 21 18 141 46 2024 4 24 19 57 50
11 22 26 087 38 2024 4 24 19 57 50
11 23 14 319 36 2024 4 24 19 57 50
11 24 32 201 49 2024 4 24 19 57 50
11 25 43 271 39 2024 4 24 19 57 50
11 34 58 294 42 2024 4 24 19 57 50
11 43 14 269 32 2024 4 24 19 57 50
11 44 54 054 42 2024 4 24 19 57 50
07 02 16 318 36 2024 4 24 19 57 50
07 10 71 028 35 2024 4 24 19 57 50
07 11 74 261 39 2024 4 24 19 57 50
07 12 46 044 35 2024 4 24 19 57 50
07 24 52 163 45 2024 4 24 19 57 50
07 25 64 291 42 2024 4 24 19 57 50
07 36 24 237 45 2024 4 24 19 57 50
12 02 16 318 36 2024 4 24 19 57 50
12 10 71 028 43 2024 4 24 19 57 50
12 11 74 261 39 2024 4 24 19 57 50
12 12 46 044 28 2024 4 24 19 57 50
12 24 52 163 49 2024 4 24 19 57 50
12 25 64 291 44 2024 4 24 19 57 50
12 36 24 237 44 2024 4 24 19 57 50
01 05 24 178 47 2024 4 24 19 57 55
01 06 37 047 38 2024 4 24 19 57 55
01 11 77 029 45 2024 4 24 19 57 55
01 12 74 268 45 2024 4 24 19 57 55
01 19 20 089 43 2024 4 24 19 57 55
01 20 53 153 48 2024 4 24 19 57 55
01 24 08 217 39 2024 4 24 19 57 55
01 25 46 304 43 2024 4 24 19 57 55
01 29 14 288 35 2024 4 24 19 57 55
08 06 37 047 38 2024 4 24 19 57 55
08 24 08 217 45 2024 4 24 19 57 55
08 25 46 304 36 2024 4 24 19 57 55
02 66 06 019 22 2024 4 24 19 57 55
02 67 21 067 43 2024 4 24 19 57 55
02 68 14 117 51 2024 4 24 19 57 55
02 73 58 247 45 2024 4 24 19 57 55
02 74 38 316 35 2024 4 24 19 57 55
02 80 23 183 46 2024 4 24 19 57 55
02 82 23 050 41 2024 4 24 19 57 55
02 83 56 008 28 2024 4 24 19 57 55
02 84 33 270 35 2024 4 24 19 57 55
06 11 36 276 44 2024 4 24 19 57 55
06 12 69 008 40 2024 4 24 19 57 55
10 19 09 037 32 2024 4 24 19 57 55
10 21 18 141 48 2024 4 24 19 57 55
10 22 26 087 35 2024 4 24 19 57 55
10 24 32 201 47 2024 4 24 19 57 55
10 25 42 271 44 2024 4 24 19 57 55
11 19 09 037 32 2024 4 24 19 57 55
11 21 18 141 46 2024 4 24 19 57 55
11 22 26 087 38 2024 4 24 19 57 55
11 23 14 319 36 2024 4 24 19 57 55
11 24 32 201 49 2024 4 24 19 57 55
11 25 42 271 39 2024 4 24 19 57 55
11 34 58 295 42 2024 4 24 19 57 55
11 43 14 269 32 2024 4 24 19 57 55
11 44 53 054 42 2024 4 24 19 57 55
07 02 16 318 36 2024 4 24 19 57 55
07 10 71 028 35 2024 4 24 19 57 55
07 11 74 261 39 2024 4 24 19 57 55
07 12 46 044 36 2024 4 24 19 57 55
07 24 52 163 45 2024 4 24 19 57 55
07 25 64 291 42 2024 4 24 19 57 55
07 36 24 237 45 2024 4 24 19 57 55
12 02 16 318 37 2024 4 24 19 57 55
12 10 71 028 43 2024 4 24 19 57 55
12 11 74 261 39 2024 4 24 19 57 55
12 12 46 044 28 2024 4 24 19 57 55
12 24 52 163 49 2024 4 24 19 57 55
12 25 64 291 45 2024 4 24 19 57 55
12 36 24 237 44 2024 4 24 19 57 55
01 05 24 178 47 2024 4 24 19 58 0
01 06 37 047 38 2024 4 24 19 58 0
01 11 77 029 44 2024 4 24 19 58 0
01 12 74 268 46 2024 4 24 19 58 0
01 19 20 089 42 2024 4 24 19 58 0
01 20 53 153 49 2024 4 24 19 58 0
01 24 08 217 40 2024 4 24 19 58 0
01 25 46 304 43 2024 4 24 19 58 0
01 29 14 288 35 2024 4 24 19 58 0
08 06 37 047 39 2024 4 24 19 58 0
08 24 08 217 45 2024 4 24 19 58 0
08 25 46 304 36 2024 4 24 19 58 0
02 66 06 019 27 2024 4 24 19 58 0
02 67 21 067 40 2024 4 24 19 58 0
02 68 14 117 51 2024 4 24 19 58 0
02 73 58 247 45 2024 4 24 19 58 0
02 74 38 316 34 2024 4 24 19 58 0
02 80 23 183 46 2024 4 24 19 58 0
02 82 23 050 41 2024 4 24 19 58 0
02 83 56 008 28 2024 4 24 19 58 0
02 84 33 270 36 2024 4 24 19 58 0
06 11 36 276 44 2024 4 24 19 58 0
06 12 69 008 40 2024 4 24 19 58 0
10 19 09 037 32 2024 4 24 19 58 0
10 21 18 141 47 2024 4 24 19 58 0
10 22 26 087 35 2024 4 24 19 58 0
10 24 32 201 46 2024 4 24 19 58 0
10 25 42 271 44 2024 4 24 19 58 0
11 19 09 037 31 2024 4 24 19 58 0
11 21 18 141 46 2024 4 24 19 58 0
11 22 26 087 38 2024 4 24 19 58 0
11 23 14 319 36 2024 4 24 19 58 0
11 24 32 201 49 2024 4 24 19 58 0
11 25 42 271 39 2024 4 24 19 58 0
11 34 58 295 42 2024 4 24 19 58 0
11 43 14 269 31 2024 4 24 19 58 0
11 44 53 054 42 2024 4 24 19 58 0
07 02 16 318 36 2024 4 24 19 58 0
07 10 71 028 35 2024 4 24 19 58 0
07 11 74 262 39 2024 4 24 19 58 0
07 12 46 044 36 2024 4 24 19 58 0
07 24 52 163 45 2024 4 24 19 58 0
07 25 64 291 42 2024 4 24 19 58 0
07 36 24 237 46 2024 4 24 19 58 0
12 02 16 318 36 2024 4 24 19 58 0
12 10 71 028 43 2024 4 24 19 58 0
12 11 74 262 39 2024 4 24 19 58 0
12 12 46 044 28 2024 4 24 19 58 0
12 24 52 163 49 2024 4 24 19 58 0
12 25 64 291 45 2024 4 24 19 58 0
12 36 24 237 44 2024 4 24 19 58 0
01 05 25 178 47 2024 4 24 19 58 5
01 06 37 047 39 2024 4 24 19 58 5
01 11 77 029 44 2024 4 24 19 58 5
01 12 74 268 45 2024 4 24 19 58 5
01 19 20 089 43 2024 4 24 19 58 5
01 20 53 153 49 2024 4 24 19 58 5
01 24 08 217 41 2024 4 24 19 58 5
01 25 46 304 42 2024 4 24 19 58 5
01 29 14 288 37 2024 4 24 19 58 5
08 06 37 047 39 2024 4 24 19 58 5
08 24 08 217 45 2024 4 24 19 58 5
08 25 46 304 36 2024 4 24 19 58 5
02 66 06 019 26 2024 4 24 19 58 5
02 67 21 067 40 2024 4 24 19 58 5
02 68 14 117 51 2024 4 24 19 58 5
02 73 58 247 45 2024 4 24 19 58 5
02 74 38 316 33 2024 4 24 19 58 5
02 80 23 183 45 2024 4 24 19 58 5
02 82 23 050 37 2024 4 24 19 58 5
02 83 56 008 28 2024 4 24 19 58 5
02 84 33 270 37 2024 4 24 19 58 5
06 11 36 276 44 2024 4 24 19 58 5
06 12 69 008 40 2024 4 24 19 58 5
10 19 09 037 28 2024 4 24 19 58 5
10 21 18 141 47 2024 4 24 19 58 5
10 22 26 087 37 2024 4 24 19 58 5
10 24 32 201 46 2024 4 24 19 58 5
10 25 42 271 43 2024 4 24 19 58 5
11 19 09 037 31 2024 4 24 19 58 5
11 21 18 141 45 2024 4 24 19 58 5
11 22 26 087 39 2024 4 24 19 58 5
11 23 14 319 35 2024 4 24 19 58 5
11 24 32 201 49 2024 4 24 19 58 5
11 25 42 271 38 2024 4 24 19 58 5
11 34 58 295 42 2024 4 24 19 58 5
11 43 14 269 32 2024 4 24 19 58 5
11 44 53 054 42 2024 4 24 19 58 5
07 02 16 318 35 2024 4 24 19 58 5
07 10 71 028 35 2024 4 24 19 58 5
07 11 74 262 39 2024 4 24 19 58 5
07 12 46 044 35 2024 4 24 19 58 5
07 24 52 163 45 2024 4 24 19 58 5
07 25 64 291 41 2024 4 24 19 58 5
07 36 24 237 46 2024 4 24 19 58 5
12 02 16 318 37 2024 4 24 19 58 5
12 10 71 028 43 2024 4 24 19 58 5
12 11 74 262 39 2024 4 24 19 58 5
12 12 46 044 28 2024 4 24 19 58 5
12 24 52 163 49 2024 4 24 19 58 5
12 25 64 291 45 2024 4 24 19 58 5
12 36 24 237 44 2024 4 24 19 58 5
01 05 25 178 46 2024 4 24 19 58 10
01 06 37 047 38 2024 4 24 19 58 10
01 11 77 029 45 2024 4 24 19 58 10
01 12 74 268 44 2024 4 24 19 58 10
01 19 20 089 44 2024 4 24 19 58 10
01 20 53 153 48 2024 4 24 19 58 10
01 24 08 217 40 2024 4 24 19 58 10
01 25 46 304 42 2024 4 24 19 58 10
01 29 14 288 37 2024 4 24 19 58 10
08 06 37 047 39 2024 4 24 19 58 10
08 24 08 217 45 2024 4 24 19 58 10
08 25 46 304 35 2024 4 24 19 58 10
02 66 06 019 27 2024 4 24 19 58 10
02 67 21 067 40 2024 4 24 19 58 10
02 68 14 117 50 2024 4 24 19 58 10
02 73 58 247 43 2024 4 24 19 58 10
02 74 38 316 33 2024 4 24 19 58 10
02 80 23 183 45 2024 4 24 19 58 10
02 82 23 050 38 2024 4 24 19 58 10
02 83 56 008 28 2024 4 24 19 58 10
02 84 33 270 36 2024 4 24 19 58 10
06 11 36 276 43 2024 4 24 19 58 10
06 12 69 009 40 2024 4 24 19 58 10
10 19 09 037 24 2024 4 24 19 58 10
10 21 18 141 47 2024 4 24 19 58 10
10 22 26 087 36 2024 4 24 19 58 10
10 24 32 201 46 2024 4 24 19 58 10
10 25 42 271 43 2024 4 24 19 58 10
11 19 09 037 30 2024 4 24 19 58 10
11 21 18 141 45 2024 4 24 19 58 10
11 22 26 087 39 2024 4 24 19 58 10
11 23 14 319 35 2024 4 24 19 58 10
11 24 32 201 49 2024 4 24 19 58 10
11 25 42 271 38 2024 4 24 19 58 10
11 34 58 295 42 2024 4 24 19 58 10
11 43 14 269 31 2024 4 24 19 58 10
11 44 53 054 41 2024 4 24 19 58 10
07 02 16 318 35 2024 4 24 19 58 10
07 10 71 028 33 2024 4 24 19 58 10
07 11 74 262 39 2024 4 24 19 58 10
07 12 46 044 33 2024 4 24 19 58 10
07 24 52 163 45 2024 4 24 19 58 10
07 25 64 291 41 2024 4 24 19 58 10
07 36 24 237 45 2024 4 24 19 58 10
12 02 16 318 37 2024 4 24 19 58 10
12 10 71 028 43 2024 4 24 19 58 10
12 11 74 262 39 2024 4 24 19 58 10
12 12 46 044 28 2024 4 24 19 58 10
12 24 52 163 49 2024 4 24 19 58 10
12 25 64 291 44 2024 4 24 19 58 10
12 36 24 237 44 2024 4 24 19 58 10
01 05 25 178 46 2024 4 24 19 58 15
01 06 37 047 38 2024 4 24 19 58 15
01 11 77 029 44 2024 4 24 19 58 15
01 12 74 268 45 2024 4 24 19 58 15
01 19 20 089 44 2024 4 24 19 58 15
01 20 53 153 48 2024 4 24 19 58 15
01 24 08 217 36 2024 4 24 19 58 15
01 25 46 304 43 2024 4 24 19 58 15
01 29 14 288 38 2024 4 24 19 58 15
08 06 37 047 39 2024 4 24 19 58 15
08 24 08 217 46 2024 4 24 19 58 15
08 25 46 304 35 2024 4 24 19 58 15
02 66 06 019 26 2024 4 24 19 58 15
02 67 21 067 40 2024 4 24 19 58 15
02 68 14 117 51 2024 4 24 19 58 15
02 73 58 247 43 2024 4 24 19 58 15
02 74 38 316 32 2024 4 24 19 58 15
02 80 23 183 45 2024 4 24 19 58 15
02 82 23 050 41 2024 4 24 19 58 15
02 83 56 008 28 2024 4 24 19 58 15
02 84 33 270 34 2024 4 24 19 58 15
06 11 36 276 42 2024 4 24 19 58 15
06 12 69 009 41 2024 4 24 19 58 15
10 19 09 037 20 2024 4 24 19 58 15
10 21 18 141 48 2024 4 24 19 58 15
10 22 26 087 37 2024 4 24 19 58 15
10 24 32 201 47 2024 4 24 19 58 15
10 25 42 271 43 2024 4 24 19 58 15
11 19 09 037 31 2024 4 24 19 58 15
11 21 18 141 45 2024 4 24 19 58 15
11 22 26 087 39 2024 4 24 19 58 15
11 23 14 319 34 2024 4 24 19 58 15
11 24 32 201 49 2024 4 24 19 58 15
11 25 42 271 38 2024 4 24 19 58 15
11 34 58 295 42 2024 4 24 19 58 15
11 43 14 269 31 2024 4 24 19 58 15
11 44 53 054 41 2024 4 24 19 58 15
07 02 16 318 34 2024 4 24 19 58 15
07 10 71 028 32 2024 4 24 19 58 15
07 11 74 262 39 2024 4 24 19 58 15
07 12 46 044 32 2024 4 24 19 58 15
07 24 52 163 44 2024 4 24 19 58 15
07 25 64 291 41 2024 4 24 19 58 15
07 36 24 238 46 2024 4 24 19 58 15
12 02 16 318 37 2024 4 24 19 58 15
12 10 71 028 43 2024 4 24 19 58 15
12 11 74 262 39 2024 4 24 19 58 15
12 12 46 044 28 2024 4 24 19 58 15
12 24 52 163 49 2024 4 24 19 58 15
12 25 64 291 44 2024 4 24 19 58 15
12 36 24 238 44 2024 4 24 19 58 15
01 05 25 178 46 2024 4 24 19 58 20
01 06 37 047 38 2024 4 24 19 58 20
01 11 77 029 44 2024 4 24 19 58 20
01 12 74 268 45 2024 4 24 19 58 20
01 19 20 089 44 2024 4 24 19 58 20
01 20 53 152 49 2024 4 24 19 58 20
01 24 08 217 32 2024 4 24 19 58 20
01 25 46 304 43 2024 4 24 19 58 20
01 29 14 288 39 2024 4 24 19 58 20
08 06 37 047 40 2024 4 24 19 58 20
08 24 08 217 46 2024 4 24 19 58 20
08 25 46 304 35 2024 4 24 19 58 20
02 66 06 019 16 2024 4 24 19 58 20
02 67 21 067 42 2024 4 24 19 58 20
02 68 14 117 51 2024 4 24 19 58 20
02 73 58 247 44 2024 4 24 19 58 20
02 74 38 315 33 2024 4 24 19 58 20
02 80 23 183 44 2024 4 24 19 58 20
02 82 23 050 42 2024 4 24 19 58 20
02 83 56 008 27 2024 4 24 19 58 20
02 84 33 270 35 2024 4 24 19 58 20
06 11 37 276 43 2024 4 24 19 58 20
06 12 69 009 40 2024 4 24 19 58 20
10 19 09 037 18 2024 4 24 19 58 20
10 21 18 141 47 2024 4 24 19 58 20
10 22 26 087 39 2024 4 24 19 58 20
10 24 32 201 47 2024 4 24 19 58 20
10 25 42 271 43 2024 4 24 19 58 20
11 19 09 037 31 2024 4 24 19 58 20
11 21 18 141 45 2024 4 24 19 58 20
11 22 26 087 39 2024 4 24 19 58 20
11 23 14 319 34 2024 4 24 19 58 20
11 24 32 201 49 2024 4 24 19 58 20
11 25 42 271 38 2024 4 24 19 58 20
11 34 58 295 42 2024 4 24 19 58 20
11 43 14 269 31 2024 4 24 19 58 20
11 44 53 054 41 2024 4 24 19 58 20
07 02 16 318 33 2024 4 24 19 58 20
07 10 71 028 31 2024 4 24 19 58 20
07 11 74 262 39 2024 4 24 19 58 20
07 12 46 044 32 2024 4 24 19 58 20
07 24 52 163 45 2024 4 24 19 58 20
07 25 64 291 41 2024 4 24 19 58 20
07 36 24 238 46 2024 4 24 19 58 20
12 02 16 318 37 2024 4 24 19 58 20
12 10 71 028 42 2024 4 24 19 58 20
12 11 74 262 39 2024 4 24 19 58 20
12 12 46 044 29 2024 4 24 19 58 20
12 24 52 163 49 2024 4 24 19 58 20
12 25 64 291 45 2024 4 24 19 58 20
12 36 24 238 44 2024 4 24 19 58 20
01 05 25 178 47 2024 4 24 19 58 25
01 06 37 047 38 2024 4 24 19 58 25
01 11 77 029 43 2024 4 24 19 58 25
01 12 74 268 47 2024 4 24 19 58 25
01 19 20 089 43 2024 4 24 19 58 25
01 20 53 152 49 2024 4 24 19 58 25
01 24 08 217 35 2024 4 24 19 58 25
01 25 46 304 44 2024 4 24 19 58 25
01 29 14 288 39 2024 4 24 19 58 25
08 06 37 047 40 2024 4 24 19 58 25
08 24 08 217 46 2024 4 24 19 58 25
08 25 46 304 36 2024 4 24 19 58 25
02 66 06 019 19 2024 4 24 19 58 25
02 67 21 067 45 2024 4 24 19 58 25
02 68 14 117 51 2024 4 24 19 58 25
02 73 58 247 45 2024 4 24 19 58 25
02 74 38 315 33 2024 4 24 19 58 25
02 80 23 183 45 2024 4 24 19 58 25
02 82 23 050 42 2024 4 24 19 58 25
02 83 56 008 28 2024 4 24 19 58 25
02 84 33 270 36 2024 4 24 19 58 25
06 11 37 276 44 2024 4 24 19 58 25
06 12 69 009 40 2024 4 24 19 58 25
10 19 09 037 21 2024 4 24 19 58 25
10 21 18 140 48 2024 4 24 19 58 25
10 22 26 086 40 2024 4 24 19 58 25
10 24 32 201 48 2024 4 24 19 58 25
10 25 42 271 43 2024 4 24 19 58 25
11 19 09 037 31 2024 4 24 19 58 25
11 21 18 140 45 2024 4 24 19 58 25
11 22 26 086 38 2024 4 24 19 58 25
11 23 14 319 34 2024 4 24 19 58 25
11 24 32 201 48 2024 4 24 19 58 25
11 25 42 271 38 2024 4 24 19 58 25
11 34 58 295 42 2024 4 24 19 58 25
11 43 14 269 31 2024 4 24 19 58 25
11 44 53 054 41 2024 4 24 19 58 25
07 02 16 318 34 2024 4 24 19 58 25
07 10 71 028 31 2024 4 24 19 58 25
07 11 74 262 39 2024 4 24 19 58 25
07 12 46 044 31 2024 4 24 19 58 25
07 24 52 163 44 2024 4 24 19 58 25
07 25 65 291 41 2024 4 24 19 58 25
07 36 24 238 46 2024 4 24 19 58 25
12 02 16 318 37 2024 4 24 19 58 25
12 10 71 028 43 2024 4 24 19 58 25
12 11 74 262 39 2024 4 24 19 58 25
12 12 46 044 28 2024 4 24 19 58 25
12 24 52 163 49 2024 4 24 19 58 25
12 25 65 291 45 2024 4 24 19 58 25
12 36 24 238 43 2024 4 24 19 58 25
01 05 25 178 47 2024 4 24 19 58 30
01 06 36 047 38 2024 4 24 19 58 30
01 11 77 029 43 2024 4 24 19 58 30
01 12 74 267 45 2024 4 24 19 58 30
01 19 20 089 43 2024 4 24 19 58 30
01 20 53 152 48 2024 4 24 19 58 30
01 24 08 217 36 2024 4 24 19 58 30
01 25 46 304 43 2024 4 24 19 58 30
01 29 14 288 40 2024 4 24 19 58 30
08 06 36 047 39 2024 4 24 19 58 30
08 24 08 217 45 2024 4 24 19 58 30
08 25 46 304 35 2024 4 24 19 58 30
02 66 06 019 23 2024 4 24 19 58 30
02 67 21 067 45 2024 4 24 19 58 30
02 68 14 117 52 2024 4 24 19 58 30
02 73 58 247 44 2024 4 24 19 58 30
02 74 38 315 33 2024 4 24 19 58 30
02 80 23 183 45 2024 4 24 19 58 30
02 82 23 050 41 2024 4 24 19 58 30
02 83 56 008 29 2024 4 24 19 58 30
02 84 33 270 36 2024 4 24 19 58 30
06 11 37 276 44 2024 4 24 19 58 30
06 12 69 009 40 2024 4 24 19 58 30
10 19 09 037 23 2024 4 24 19 58 30
10 21 18 140 48 2024 4 24 19 58 30
10 22 26 086 41 2024 4 24 19 58 30
10 24 32 201 48 2024 4 24 19 58 30
10 25 42 271 43 2024 4 24 19 58 30
11 19 09 037 31 2024 4 24 19 58 30
11 21 18 140 45 2024 4 24 19 58 30
11 22 26 086 38 2024 4 24 19 58 30
11 23 14 319 34 2024 4 24 19 58 30
11 24 32 201 48 2024 4 24 19 58 30
11 25 42 271 37 2024 4 24 19 58 30
11 34 58 295 42 2024 4 24 19 58 30
11 43 14 269 31 2024 4 24 19 58 30
11 44 53 054 41 2024 4 24 19 58 30
07 02 16 318 34 2024 4 24 19 58 30
07 10 71 028 32 2024 4 24 19 58 30
07 11 74 262 39 2024 4 24 19 58 30
07 12 46 044 32 2024 4 24 19 58 30
07 24 52 163 44 2024 4 24 19 58 30
07 25 65 291 42 2024 4 24 19 58 30
07 36 24 238 46 2024 4 24 19 58 30
12 02 16 318 36 2024 4 24 19 58 30
12 10 71 028 43 2024 4 24 19 58 30
12 11 74 262 39 2024 4 24 19 58 30
12 12 46 044 29 2024 4 24 19 58 30
12 24 52 163 49 2024 4 24 19 58 30
12 25 65 291 45 2024 4 24 19 58 30
12 36 24 238 43 2024 4 24 19 58 30
01 05 25 178 48 2024 4 24 19 58 35
01 06 36 047 38 2024 4 24 19 58 35
01 11 77 029 43 2024 4 24 19 58 35
01 12 74 267 44 2024 4 24 19 58 35
01 19 20 089 42 2024 4 24 19 58 35
01 20 53 152 47 2024 4 24 19 58 35
01 24 08 217 37 2024 4 24 19 58 35
01 25 46 304 44 2024 4 24 19 58 35
01 29 14 288 39 2024 4 24 19 58 35
08 06 36 047 40 2024 4 24 19 58 35
08 24 08 217 44 2024 4 24 19 58 35
08 25 46 304 35 2024 4 24 19 58 35
02 66 06 019 24 2024 4 24 19 58 35
02 67 21 067 45 2024 4 24 19 58 35
02 68 14 117 52 2024 4 24 19 58 35
02 73 58 247 43 2024 4 24 19 58 35
02 74 38 315 32 2024 4 24 19 58 35
02 80 23 183 44 2024 4 24 19 58 35
02 82 23 050 40 2024 4 24 19 58 35
02 83 56 009 31 2024 4 24 19 58 35
02 84 33 270 35 2024 4 24 19 58 35
06 11 37 276 44 2024 4 24 19 58 35
06 12 69 009 40 2024 4 24 19 58 35
10 19 09 037 20 2024 4 24 19 58 35
10 21 18 140 49 2024 4 24 19 58 35
10 22 27 086 40 2024 4 24 19 58 35
10 24 32 201 48 2024 4 24 19 58 35
10 25 42 271 43 2024 4 24 19 58 35
11 19 09 037 31 2024 4 24 19 58 35
11 21 18 140 45 2024 4 24 19 58 35
11 22 27 086 38 2024 4 24 19 58 35
11 23 14 319 33 2024 4 24 19 58 35
11 24 32 201 47 2024 4 24 19 58 35
11 25 42 271 37 2024 4 24 19 58 35
11 34 58 295 42 2024 4 24 19 58 35
11 43 14 270 32 2024 4 24 19 58 35
11 44 53 055 40 2024 4 24 19 58 35
07 02 16 318 35 2024 4 24 19 58 35
07 10 71 028 30 2024 4 24 19 58 35
07 11 74 262 39 2024 4 24 19 58 35
07 12 46 044 31 2024 4 24 19 58 35
07 24 52 163 44 2024 4 24 19 58 35
07 25 65 291 41 2024 4 24 19 58 35
07 36 24 238 45 2024 4 24 19 58 35
12 02 16 318 37 2024 4 24 19 58 35
12 10 71 028 43 2024 4 24 19 58 35
12 11 74 262 39 2024 4 24 19 58 35
12 12 46 044 28 2024 4 24 19 58 35
12 24 52 163 48 2024 4 24 19 58 35
12 25 65 291 44 2024 4 24 19 58 35
12 36 24 238 42 2024 4 24 19 58 35
01 05 25 178 49 2024 4 24 19 58 40
01 06 36 047 35 2024 4 24 19 58 40
01 11 77 029 41 2024 4 24 19 58 40
01 12 74 267 45 2024 4 24 19 58 40
01 19 20 089 43 2024 4 24 19 58 40
01 20 53 152 47 2024 4 24 19 58 40
01 24 08 217 36 2024 4 24 19 58 40
01 25 46 304 44 2024 4 24 19 58 40
01 29 14 288 40 2024 4 24 19 58 40
08 06 36 047 40 2024 4 24 19 58 40
08 24 08 217 44 2024 4 24 19 58 40
08 25 46 304 35 2024 4 24 19 58 40
02 66 06 019 24 2024 4 24 19 58 40
02 67 21 067 45 2024 4 24 19 58 40
02 68 14 117 52 2024 4 24 19 58 40
02 73 58 247 42 2024 4 24 19 58 40
02 74 38 315 31 2024 4 24 19 58 40
02 80 23 183 44 2024 4 24 19 58 40
02 82 23 050 41 2024 4 24 19 58 40
02 83 56 009 30 2024 4 24 19 58 40
02 84 33 270 36 2024 4 24 19 58 40
06 11 37 276 43 2024 4 24 19 58 40
06 12 69 009 40 2024 4 24 19 58 40
10 19 09 037 25 2024 4 24 19 58 40
10 21 18 140 49 2024 4 24 19 58 40
10 22 27 086 39 2024 4 24 19 58 40
10 24 32 201 48 2024 4 24 19 58 40
10 25 42 271 43 2024 4 24 19 58 40
11 19 09 037 31 2024 4 24 19 58 40
11 21 18 140 45 2024 4 24 19 58 40
11 22 27 086 38 2024 4 24 19 58 40
11 23 14 319 34 2024 4 24 19 58 40
11 24 32 201 47 2024 4 24 19 58 40
11 25 42 271 38 2024 4 24 19 58 40
11 34 58 295 42 2024 4 24 19 58 40
11 43 14 270 32 2024 4 24 19 58 40
11 44 53 055 40 2024 4 24 19 58 40
07 02 16 318 35 2024 4 24 19 58 40
07 10 71 028 31 2024 4 24 19 58 40
07 11 74 262 39 2024 4 24 19 58 40
07 12 46 045 32 2024 4 24 19 58 40
07 24 52 164 44 2024 4 24 19 58 40
07 25 65 291 42 2024 4 24 19 58 40
07 36 24 238 46 2024 4 24 19 58 40
12 02 16 318 37 2024 4 24 19 58 40
12 10 71 028 43 2024 4 24 19 58 40
12 11 74 262 39 2024 4 24 19 58 40
12 12 46 045 29 2024 4 24 19 58 40
12 24 52 164 49 2024 4 24 19 58 40
12 25 65 291 45 2024 4 24 19 58 40
12 36 24 238 42 2024 4 24 19 58 40
01 05 25 178 48 2024 4 24 19 58 45
01 06 36 047 35 2024 4 24 19 58 45
01 11 77 029 44 2024 4 24 19 58 45
01 12 74 267 45 2024 4 24 19 58 45
01 19 20 089 44 2024 4 24 19 58 45
01 20 53 152 47 2024 4 24 19 58 45
01 24 08 217 33 2024 4 24 19 58 45
01 25 46 304 43 2024 4 24 19 58 45
01 29 14 289 41 2024 4 24 19 58 45
08 06 36 047 40 2024 4 24 19 58 45
08 24 08 217 45 2024 4 24 19 58 45
08 25 46 304 35 2024 4 24 19 58 45
02 66 06 019 30 2024 4 24 19 58 45
02 67 21 067 45 2024 4 24 19 58 45
02 68 14 117 51 2024 4 24 19 58 45
02 73 58 247 41 2024 4 24 19 58 45
02 74 38 315 34 2024 4 24 19 58 45
02 80 23 183 44 2024 4 24 19 58 45
02 82 23 050 43 2024 4 24 19 58 45
02 83 56 009 29 2024 4 24 19 58 45
02 84 33 270 34 2024 4 24 19 58 45
06 11 37 276 42 2024 4 24 19 58 45
06 12 69 009 41 2024 4 24 19 58 45
10 19 09 037 25 2024 4 24 19 58 45
10 21 18 140 49 2024 4 24 19 58 45
10 22 27 086 38 2024 4 24 19 58 45
10 24 32 201 48 2024 4 24 19 58 45
10 25 42 271 43 2024 4 24 19 58 45
11 19 09 037 31 2024 4 24 19 58 45
11 21 18 140 45 2024 4 24 19 58 45
11 22 27 086 37 2024 4 24 19 58 45
11 23 14 319 33 2024 4 24 19 58 45
11 24 32 201 47 2024 4 24 19 58 45
11 25 42 271 37 2024 4 24 19 58 45
11 34 58 295 42 2024 4 24 19 58 45
11 43 14 270 33 2024 4 24 19 58 45
11 44 53 055 40 2024 4 24 19 58 45
07 02 16 318 36 2024 4 24 19 58 45
07 10 71 028 30 2024 4 24 19 58 45
07 11 74 262 39 2024 4 24 19 58 45
07 12 46 045 32 2024 4 24 19 58 45
07 24 52 164 44 2024 4 24 19 58 45
07 25 65 291 42 2024 4 24 19 58 45
07 36 24 238 46 2024 4 24 19 58 45
12 02 16 318 37 2024 4 24 19 58 45
12 10 71 028 43 2024 4 24 19 58 45
12 11 74 262 39 2024 4 24 19 58 45
12 12 46 045 28 2024 4 24 19 58 45
12 24 52 164 49 2024 4 24 19 58 45
12 25 65 291 45 2024 4 24 19 58 45
12 36 24 238 41 2024 4 24 19 58 45
01 05 25 178 47 2024 4 24 19 58 50
01 06 36 047 33 2024 4 24 19 58 50
01 11 77 029 44 2024 4 24 19 58 50
01 12 74 267 45 2024 4 24 19 58 50
01 19 20 089 43 2024 4 24 19 58 50
01 20 53 152 47 2024 4 24 19 58 50
01 24 08 217 34 2024 4 24 19 58 50
01 25 46 304 43 2024 4 24 19 58 50
01 29 14 289 41 2024 4 24 19 58 50
08 06 36 047 40 2024 4 24 19 58 50
08 24 08 217 45 2024 4 24 19 58 50
08 25 46 304 35 2024 4 24 19 58 50
02 66 06 019 31 2024 4 24 19 58 50
02 67 21 067 44 2024 4 24 19 58 50
02 68 14 117 50 2024 4 24 19 58 50
02 73 58 247 41 2024 4 24 19 58 50
02 74 38 315 32 2024 4 24 19 58 50
02 80 23 183 43 2024 4 24 19 58 50
02 82 23 050 44 2024 4 24 19 58 50
02 83 56 009 27 2024 4 24 19 58 50
02 84 33 270 34 2024 4 24 19 58 50
06 11 37 276 43 2024 4 24 19 58 50
06 12 69 009 41 2024 4 24 19 58 50
10 19 09 037 24 2024 4 24 19 58 50
10 21 18 140 49 2024 4 24 19 58 50
10 22 27 086 38 2024 4 24 19 58 50
10 24 32 201 48 2024 4 24 19 58 50
10 25 42 271 43 2024 4 24 19 58 50
11 19 09 037 30 2024 4 24 19 58 50
11 21 18 140 45 2024 4 24 19 58 50
11 22 27 086 37 2024 4 24 19 58 50
11 23 14 319 34 2024 4 24 19 58 50
11 24 32 201 47 2024 4 24 19 58 50
11 25 42 271 37 2024 4 24 19 58 50
11 34 58 295 42 2024 4 24 19 58 50
11 43 14 270 32 2024 4 24 19 58 50
11 44 53 055 40 2024 4 24 19 58 50
07 02 16 318 36 2024 4 24 19 58 50
07 10 71 028 29 2024 4 24 19 58 50
07 11 74 263 39 2024 4 24 19 58 50
07 12 46 045 31 2024 4 24 19 58 50
07 24 52 164 44 2024 4 24 19 58 50
07 25 65 291 42 2024 4 24 19 58 50
07 36 24 238 46 2024 4 24 19 58 50
12 02 16 318 37 2024 4 24 19 58 50
12 10 71 028 43 2024 4 24 19 58 50
12 11 74 263 39 2024 4 24 19 58 50
12 12 46 045 28 2024 4 24 19 58 50
12 24 52 164 49 2024 4 24 19 58 50
12 25 65 291 44 2024 4 24 19 58 50
12 36 24 238 41 2024 4 24 19 58 50
01 05 25 178 45 2024 4 24 19 58 55
01 06 36 047 33 2024 4 24 19 58 55
01 11 77 029 45 2024 4 24 19 58 55
01 12 74 267 44 2024 4 24 19 58 55
01 19 20 089 43 2024 4 24 19 58 55
01 20 53 152 47 2024 4 24 19 58 55
01 24 08 217 35 2024 4 24 19 58 55
01 25 46 304 43 2024 4 24 19 58 55
01 29 14 289 41 2024 4 24 19 58 55
08 06 36 047 39 2024 4 24 19 58 55
08 24 08 217 46 2024 4 24 19 58 55
08 25 46 304 35 2024 4 24 19 58 55
02 66 06 019 26 2024 4 24 19 58 55
02 67 21 067 40 2024 4 24 19 58 55
02 68 14 117 49 2024 4 24 19 58 55
02 73 58 247 39 2024 4 24 19 58 55
02 74 38 315 32 2024 4 24 19 58 55
02 80 23 183 43 2024 4 24 19 58 55
02 82 23 050 44 2024 4 24 19 58 55
02 83 56 009 25 2024 4 24 19 58 55
02 84 33 270 35 2024 4 24 19 58 55
06 11 37 276 43 2024 4 24 19 58 55
06 12 69 009 41 2024 4 24 19 58 55
10 19 09 037 27 2024 4 24 19 58 55
10 21 18 140 49 2024 4 24 19 58 55
10 22 27 086 39 2024 4 24 19 58 55
10 24 32 201 48 2024 4 24 19 58 55
10 25 42 271 43 2024 4 24 19 58 55
11 19 09 037 30 2024 4 24 19 58 55
11 21 18 140 45 2024 4 24 19 58 55
11 22 27 086 38 2024 4 24 19 58 55
11 23 14 319 33 2024 4 24 19 58 55
11 24 32 201 47 2024 4 24 19 58 55
11 25 42 271 38 2024 4 24 19 58 55
11 34 58 295 42 2024 4 24 19 58 55
11 43 14 270 32 2024 4 24 19 58 55
11 44 53 055 40 2024 4 24 19 58 55
07 02 16 318 36 2024 4 24 19 58 55
07 10 71 028 30 2024 4 24 19 58 55
07 11 74 263 40 2024 4 24 19 58 55
07 12 46 045 30 2024 4 24 19 58 55
07 24 51 164 44 2024 4 24 19 58 55
07 25 65 291 42 2024 4 24 19 58 55
07 36 25 238 46 2024 4 24 19 58 55
12 02 16 318 36 2024 4 24 19 58 55
12 10 71 028 43 2024 4 24 19 58 55
12 11 74 263 39 2024 4 24 19 58 55
12 12 46 045 28 2024 4 24 19 58 55
12 24 51 164 49 2024 4 24 19 58 55
12 25 65 291 44 2024 4 24 19 58 55
12 36 25 238 40 2024 4 24 19 58 55
01 05 25 178 46 2024 4 24 19 59 0
01 06 36 047 33 2024 4 24 19 59 0
01 11 77 029 44 2024 4 24 19 59 0
01 12 74 266 44 2024 4 24 19 59 0
01 19 20 089 44 2024 4 24 19 59 0
01 20 53 152 46 2024 4 24 19 59 0
01 24 07 217 37 2024 4 24 19 59 0
01 25 46 304 44 2024 4 24 19 59 0
01 29 14 289 40 2024 4 24 19 59 0
08 06 36 047 40 2024 4 24 19 59 0
08 24 07 217 46 2024 4 24 19 59 0
08 25 46 304 35 2024 4 24 19 59 0
02 66 06 019 27 2024 4 24 19 59 0
02 67 21 067 41 2024 4 24 19 59 0
02 68 14 117 50 2024 4 24 19 59 0
02 73 58 246 39 2024 4 24 19 59 0
02 74 38 315 32 2024 4 24 19 59 0
02 80 23 183 46 2024 4 24 19 59 0
02 82 23 050 45 2024 4 24 19 59 0
02 83 56 009 29 2024 4 24 19 59 0
02 84 33 270 35 2024 4 24 19 59 0
06 11 37 276 43 2024 4 24 19 59 0
06 12 69 010 41 2024 4 24 19 59 0
10 19 09 037 23 2024 4 24 19 59 0
10 21 18 140 49 2024 4 24 19 59 0
10 22 27 086 39 2024 4 24 19 59 0
10 24 32 201 49 2024 4 24 19 59 0
10 25 42 271 42 2024 4 24 19 59 0
11 19 09 037 29 2024 4 24 19 59 0
11 21 18 140 45 2024 4 24 19 59 0
11 22 27 086 38 2024 4 24 19 59 0
11 23 14 319 33 2024 4 24 19 59 0
11 24 32 201 47 2024 4 24 19 59 0
11 25 42 271 38 2024 4 24 19 59 0
11 34 58 295 42 2024 4 24 19 59 0
11 43 14 270 31 2024 4 24 19 59 0
11 44 53 055 39 2024 4 24 19 59 0
07 02 16 318 36 2024 4 24 19 59 0
07 10 71 028 30 2024 4 24 19 59 0
07 11 74 263 40 2024 4 24 19 59 0
07 12 46 045 31 2024 4 24 19 59 0
07 24 51 164 43 2024 4 24 19 59 0
07 25 65 291 42 2024 4 24 19 59 0
07 36 25 238 46 2024 4 24 19 59 0
12 02 16 318 36 2024 4 24 19 59 0
12 10 71 028 43 2024 4 24 19 59 0
12 11 74 263 39 2024 4 24 19 59 0
12 12 46 045 29 2024 4 24 19 59 0
12 24 51 164 48 2024 4 24 19 59 0
12 25 65 291 44 2024 4 24 19 59 0
12 36 25 238 40 2024 4 24 19 59 0
01 05 25 178 47 2024 4 24 19 59 5
01 06 36 047 34 2024 4 24 19 59 5
01 11 77 029 43 2024 4 24 19 59 5
01 12 74 266 45 2024 4 24 19 59 5
01 19 20 089 46 2024 4 24 19 59 5
01 20 53 152 45 2024 4 24 19 59 5
01 24 07 217 39 2024 4 24 19 59 5
01 25 46 304 44 2024 4 24 19 59 5
01 29 14 289 40 2024 4 24 19 59 5
08 06 36 047 40 2024 4 24 19 59 5
08 24 07 217 46 2024 4 24 19 59 5
08 25 46 304 35 2024 4 24 19 59 5
02 66 06 019 29 2024 4 24 19 59 5
02 67 21 067 44 2024 4 24 19 59 5
02 68 14 117 49 2024 4 24 19 59 5
02 73 58 246 42 2024 4 24 19 59 5
02 74 38 315 35 2024 4 24 19 59 5
02 80 23 183 46 2024 4 24 19 59 5
02 82 23 050 43 2024 4 24 19 59 5
02 83 56 009 30 2024 4 24 19 59 5
02 84 33 270 35 2024 4 24 19 59 5
06 11 37 276 44 2024 4 24 19 59 5
06 12 69 010 40 2024 4 24 19 59 5
10 19 09 037 19 2024 4 24 19 59 5
10 21 18 140 49 2024 4 24 19 59 5
10 22 27 086 39 2024 4 24 19 59 5
10 24 32 201 49 2024 4 24 19 59 5
10 25 42 271 41 2024 4 24 19 59 5
11 19 09 037 27 2024 4 24 19 59 5
11 21 18 140 45 2024 4 24 19 59 5
11 22 27 086 37 2024 4 24 19 59 5
11 23 14 319 34 2024 4 24 19 59 5
11 24 32 201 46 2024 4 24 19 59 5
11 25 42 271 38 2024 4 24 19 59 5
11 34 58 295 42 2024 4 24 19 59 5
11 43 15 270 31 2024 4 24 19 59 5
11 44 53 055 39 2024 4 24 19 59 5
07 02 17 318 36 2024 4 24 19 59 5
07 10 71 029 30 2024 4 24 19 59 5
07 11 74 263 40 2024 4 24 19 59 5
07 12 46 045 33 2024 4 24 19 59 5
07 24 51 164 43 2024 4 24 19 59 5
07 25 65 291 42 2024 4 24 19 59 5
07 36 25 238 46 2024 4 24 19 59 5
12 02 17 318 37 2024 4 24 19 59 5
12 10 71 029 43 2024 4 24 19 59 5
12 11 74 263 39 2024 4 24 19 59 5
12 12 46 045 28 2024 4 24 19 59 5
12 24 51 164 49 2024 4 24 19 59 5
12 25 65 291 45 2024 4 24 19 59 5
12 36 25 238 40 2024 4 24 19 59 5
01 05 25 178 46 2024 4 24 19 59 10
01 06 36 047 33 2024 4 24 19 59 10
01 11 76 029 43 2024 4 24 19 59 10
01 12 74 266 45 2024 4 24 19 59 10
01 19 20 089 45 2024 4 24 19 59 10
01 20 53 152 45 2024 4 24 19 59 10
01 24 07 217 40 2024 4 24 19 59 10
01 25 46 304 44 2024 4 24 19 59 10
01 29 14 289 41 2024 4 24 19 59 10
08 06 36 047 39 2024 4 24 19 59 10
08 24 07 217 46 2024 4 24 19 59 10
08 25 46 304 36 2024 4 24 19 59 10
02 66 06 019 26 2024 4 24 19 59 10
02 67 21 067 44 2024 4 24 19 59 10
02 68 14 117 48 2024 4 24 19 59 10
02 73 58 246 41 2024 4 24 19 59 10
02 74 38 315 36 2024 4 24 19 59 10
02 80 23 183 46 2024 4 24 19 59 10
02 82 23 050 44 2024 4 24 19 59 10
02 83 56 009 27 2024 4 24 19 59 10
02 84 33 270 34 2024 4 24 19 59 10
06 11 37 276 44 2024 4 24 19 59 10
06 12 69 010 39 2024 4 24 19 59 10
10 19 09 037 22 2024 4 24 19 59 10
10 21 18 140 50 2024 4 24 19 59 10
10 22 27 086 40 2024 4 24 19 59 10
10 24 32 201 48 2024 4 24 19 59 10
10 25 42 271 42 2024 4 24 19 59 10
11 19 09 037 27 2024 4 24 19 59 10
11 21 18 140 45 2024 4 24 19 59 10
11 22 27 086 36 2024 4 24 19 59 10
11 23 14 319 34 2024 4 24 19 59 10
11 24 32 201 46 2024 4 24 19 59 10
11 25 42 271 38 2024 4 24 19 59 10
11 34 58 295 42 2024 4 24 19 59 10
11 43 15 270 31 2024 4 24 19 59 10
11 44 53 055 38 2024 4 24 19 59 10
07 02 17 318 36 2024 4 24 19 59 10
07 10 71 029 30 2024 4 24 19 59 10
07 11 74 263 40 2024 4 24 19 59 10
07 12 46 045 34 2024 4 24 19 59 10
07 24 51 164 42 2024 4 24 19 59 10
07 25 65 291 42 2024 4 24 19 59 10
07 36 25 238 45 2024 4 24 19 59 10
12 02 17 318 37 2024 4 24 19 59 10
12 10 71 029 43 2024 4 24 19 59 10
12 11 74 263 39 2024 4 24 19 59 10
12 12 46 045 28 2024 4 24 19 59 10
12 24 51 164 48 2024 4 24 19 59 10
12 25 65 291 45 2024 4 24 19 59 10
12 36 25 238 39 2024 4 24 19 59 10
01 05 25 178 47 2024 4 24 19 59 15
01 06 36 047 32 2024 4 24 19 59 15
01 11 76 029 43 2024 4 24 19 59 15
01 12 74 266 45 2024 4 24 19 59 15
01 19 20 089 43 2024 4 24 19 59 15
01 20 53 152 46 2024 4 24 19 59 15
01 24 07 217 40 2024 4 24 19 59 15
01 25 46 304 43 2024 4 24 19 59 15
01 29 14 289 40 2024 4 24 19 59 15
08 06 36 047 39 2024 4 24 19 59 15
08 24 07 217 46 2024 4 24 19 59 15
08 25 46 304 36 2024 4 24 19 59 15
02 66 06 019 29 2024 4 24 19 59 15
02 67 21 066 44 2024 4 24 19 59 15
02 68 14 116 49 2024 4 24 19 59 15
02 73 58 246 42 2024 4 24 19 59 15
02 74 38 315 35 2024 4 24 19 59 15
02 80 22 183 46 2024 4 24 19 59 15
02 82 23 050 45 2024 4 24 19 59 15
02 83 56 009 27 2024 4 24 19 59 15
02 84 33 270 34 2024 4 24 19 59 15
06 11 37 276 42 2024 4 24 19 59 15
06 12 69 010 39 2024 4 24 19 59 15
10 19 09 036 24 2024 4 24 19 59 15
10 21 18 140 50 2024 4 24 19 59 15
10 22 27 086 41 2024 4 24 19 59 15
10 24 32 201 49 2024 4 24 19 59 15
10 25 42 271 43 2024 4 24 19 59 15
11 19 09 036 26 2024 4 24 19 59 15
11 21 18 140 46 2024 4 24 19 59 15
11 22 27 086 35 2024 4 24 19 59 15
11 23 14 319 34 2024 4 24 19 59 15
11 24 32 201 46 2024 4 24 19 59 15
11 25 42 271 38 2024 4 24 19 59 15
11 34 58 295 42 2024 4 24 19 59 15
11 43 15 270 31 2024 4 24 19 59 15
11 44 53 055 38 2024 4 24 19 59 15
07 02 17 318 36 2024 4 24 19 59 15
07 10 71 029 31 2024 4 24 19 59 15
07 11 74 263 40 2024 4 24 19 59 15
07 12 46 045 35 2024 4 24 19 59 15
07 24 51 164 42 2024 4 24 19 59 15
07 25 65 291 41 2024 4 24 19 59 15
07 36 25 238 45 2024 4 24 19 59 15
12 02 17 318 36 2024 4 24 19 59 15
12 10 71 029 43 2024 4 24 19 59 15
12 11 74 263 39 2024 4 24 19 59 15
12 12 46 045 27 2024 4 24 19 59 15
12 24 51 164 48 2024 4 24 19 59 15
12 25 65 291 44 2024 4 24 19 59 15
12 36 25 238 39 2024 4 24 19 59 15
01 05 25 178 47 2024 4 24 19 59 20
01 06 36 047 34 2024 4 24 19 59 20
01 11 76 029 43 2024 4 24 19 59 20
01 12 74 266 44 2024 4 24 19 59 20
01 19 20 089 41 2024 4 24 19 59 20
01 20 53 152 45 2024 4 24 19 59 20
01 24 07 217 41 2024 4 24 19 59 20
01 25 46 304 42 2024 4 24 19 59 20
01 29 14 289 38 2024 4 24 19 59 20
08 06 36 047 39 2024 4 24 19 59 20
08 24 07 217 45 2024 4 24 19 59 20
08 25 46 304 37 2024 4 24 19 59 20
02 66 06 019 26 2024 4 24 19 59 20
02 67 21 066 41 2024 4 24 19 59 20
02 68 14 116 49 2024 4 24 19 59 20
02 73 58 246 41 2024 4 24 19 59 20
02 74 38 315 36 2024 4 24 19 59 20
02 80 22 183 46 2024 4 24 19 59 20
02 82 23 050 44 2024 4 24 19 59 20
02 83 56 009 26 2024 4 24 19 59 20
02 84 33 270 34 2024 4 24 19 59 20
06 11 37 276 41 2024 4 24 19 59 20
06 12 69 010 40 2024 4 24 19 59 20
10 19 09 036 24 2024 4 24 19 59 20
10 21 18 140 50 2024 4 24 19 59 20
10 22 27 086 41 2024 4 24 19 59 20
10 24 32 201 49 2024 4 24 19 59 20
10 25 42 271 43 2024 4 24 19 59 20
11 19 09 036 27 2024 4 24 19 59 20
11 21 18 140 46 2024 4 24 19 59 20
11 22 27 086 34 2024 4 24 19 59 20
11 23 14 319 34 2024 4 24 19 59 20
11 24 32 201 46 2024 4 24 19 59 20
11 25 42 271 38 2024 4 24 19 59 20
11 34 58 295 42 2024 4 24 19 59 20
11 43 15 270 32 2024 4 24 19 59 20
11 44 53 055 38 2024 4 24 19 59 20
07 02 17 318 35 2024 4 24 19 59 20
07 10 71 029 30 2024 4 24 19 59 20
07 11 74 263 40 2024 4 24 19 59 20
07 12 46 045 35 2024 4 24 19 59 20
07 24 51 164 43 2024 4 24 19 59 20
07 25 65 290 41 2024 4 24 19 59 20
07 36 25 238 45 2024 4 24 19 59 20
12 02 17 318 36 2024 4 24 19 59 20
12 10 71 029 43 2024 4 24 19 59 20
12 11 74 263 39 2024 4 24 19 59 20
12 12 46 045 27 2024 4 24 19 59 20
12 24 51 164 49 2024 4 24 19 59 20
12 25 65 290 45 2024 4 24 19 59 20
12 36 25 238 39 2024 4 24 19 59 20
01 05 25 178 47 2024 4 24 19 59 25
01 06 36 047 36 2024 4 24 19 59 25
01 11 76 029 42 2024 4 24 19 59 25
01 12 74 266 45 2024 4 24 19 59 25
01 19 20 089 43 2024 4 24 19 59 25
01 20 53 152 45 2024 4 24 19 59 25
01 24 07 217 40 2024 4 24 19 59 25
01 25 46 304 42 2024 4 24 19 59 25
01 29 14 289 38 2024 4 24 19 59 25
08 06 36 047 39 2024 4 24 19 59 25
08 24 07 217 44 2024 4 24 19 59 25
08 25 46 304 37 2024 4 24 19 59 25
02 66 06 018 22 2024 4 24 19 59 25
02 67 21 066 42 2024 4 24 19 59 25
02 68 14 116 48 2024 4 24 19 59 25
02 73 58 246 40 2024 4 24 19 59 25
02 74 38 315 36 2024 4 24 19 59 25
02 80 22 183 46 2024 4 24 19 59 25
02 82 23 050 44 2024 4 24 19 59 25
02 83 56 009 24 2024 4 24 19 59 25
02 84 33 270 34 2024 4 24 19 59 25
06 11 37 276 42 2024 4 24 19 59 25
06 12 69 010 39 2024 4 24 19 59 25
10 19 09 036 27 2024 4 24 19 59 25
10 21 18 140 50 2024 4 24 19 59 25
10 22 27 086 40 2024 4 24 19 59 25
10 24 32 201 49 2024 4 24 19 59 25
10 25 42 271 44 2024 4 24 19 59 25
11 19 09 036 27 2024 4 24 19 59 25
11 21 18 140 46 2024 4 24 19 59 25
11 22 27 086 34 2024 4 24 19 59 25
11 23 14 319 34 2024 4 24 19 59 25
11 24 32 201 47 2024 4 24 19 59 25
11 25 42 271 39 2024 4 24 19 59 25
11 34 58 295 43 2024 4 24 19 59 25
11 43 15 270 32 2024 4 24 19 59 25
11 44 53 055 37 2024 4 24 19 59 25
07 02 17 318 35 2024 4 24 19 59 25
07 10 71 029 31 2024 4 24 19 59 25
07 11 74 263 40 2024 4 24 19 59 25
07 12 46 045 36 2024 4 24 19 59 25
07 24 51 164 43 2024 4 24 19 59 25
07 25 65 290 41 2024 4 24 19 59 25
07 36 25 238 45 2024 4 24 19 59 25
12 02 17 318 36 2024 4 24 19 59 25
12 10 71 029 43 2024 4 24 19 59 25
12 11 74 263 40 2024 4 24 19 59 25
12 12 46 045 27 2024 4 24 19 59 25
12 24 51 164 49 2024 4 24 19 59 25
12 25 65 290 45 2024 4 24 19 59 25
12 36 25 238 39 2024 4 24 19 59 25
01 05 25 178 46 2024 4 24 19 59 30
01 06 36 047 36 2024 4 24 19 59 30
01 11 76 029 42 2024 4 24 19 59 30
01 12 74 266 46 2024 4 24 19 59 30
01 19 20 089 43 2024 4 24 19 59 30
01 20 53 152 45 2024 4 24 19 59 30
01 24 07 217 38 2024 4 24 19 59 30
01 25 46 304 43 2024 4 24 19 59 30
01 29 14 289 38 2024 4 24 19 59 30
08 06 36 047 39 2024 4 24 19 59 30
08 24 07 217 43 2024 4 24 19 59 30
08 25 46 304 37 2024 4 24 19 59 30
02 66 06 018 30 2024 4 24 19 59 30
02 67 21 066 43 2024 4 24 19 59 30
02 68 14 116 48 2024 4 24 19 59 30
02 73 58 246 40 2024 4 24 19 59 30
02 74 39 315 36 2024 4 24 19 59 30
02 80 22 183 45 2024 4 24 19 59 30
02 82 23 050 44 2024 4 24 19 59 30
02 83 56 009 19 2024 4 24 19 59 30
02 84 34 271 34 2024 4 24 19 59 30
06 11 37 276 43 2024 4 24 19 59 30
06 12 69 010 39 2024 4 24 19 59 30
10 19 08 036 29 2024 4 24 19 59 30
10 21 18 140 49 2024 4 24 19 59 30
10 22 27 086 40 2024 4 24 19 59 30
10 24 31 201 49 2024 4 24 19 59 30
10 25 42 270 44 2024 4 24 19 59 30
11 19 08 036 28 2024 4 24 19 59 30
11 21 18 140 46 2024 4 24 19 59 30
11 22 27 086 33 2024 4 24 19 59 30
11 23 14 319 35 2024 4 24 19 59 30
11 24 31 201 47 2024 4 24 19 59 30
11 25 42 270 39 2024 4 24 19 59 30
11 34 58 296 42 2024 4 24 19 59 30
11 43 15 270 32 2024 4 24 19 59 30
11 44 53 055 37 2024 4 24 19 59 30
07 02 17 318 35 2024 4 24 19 59 30
07 10 71 029 31 2024 4 24 19 59 30
07 11 75 264 40 2024 4 24 19 59 30
07 12 46 045 37 2024 4 24 19 59 30
07 24 51 164 42 2024 4 24 19 59 30
07 25 65 290 41 2024 4 24 19 59 30
07 36 25 238 44 2024 4 24 19 59 30
12 02 17 318 36 2024 4 24 19 59 30
12 10 71 029 43 2024 4 24 19 59 30
12 11 75 264 39 2024 4 24 19 59 30
12 12 46 045 28 2024 4 24 19 59 30
12 24 51 164 48 2024 4 24 19 59 30
12 25 65 290 45 2024 4 24 19 59 30
12 36 25 238 39 2024 4 24 19 59 30
01 05 25 178 46 2024 4 24 19 59 35
01 06 36 047 36 2024 4 24 19 59 35
01 11 76 029 43 2024 4 24 19 59 35
01 12 74 266 44 2024 4 24 19 59 35
01 19 20 089 42 2024 4 24 19 59 35
01 20 53 152 46 2024 4 24 19 59 35
01 24 07 217 37 2024 4 24 19 59 35
01 25 46 304 41 2024 4 24 19 59 35
01 29 14 289 38 2024 4 24 19 59 35
08 06 36 047 39 2024 4 24 19 59 35
08 24 07 217 42 2024 4 24 19 59 35
08 25 46 304 37 2024 4 24 19 59 35
02 66 06 018 33 2024 4 24 19 59 35
02 67 21 066 43 2024 4 24 19 59 35
02 68 14 116 48 2024 4 24 19 59 35
02 73 58 246 41 2024 4 24 19 59 35
02 74 39 315 34 2024 4 24 19 59 35
02 80 22 183 44 2024 4 24 19 59 35
02 82 23 050 44 2024 4 24 19 59 35
02 83 56 009 20 2024 4 24 19 59 35
02 84 34 271 35 2024 4 24 19 59 35
06 11 37 276 44 2024 4 24 19 59 35
06 12 69 010 38 2024 4 24 19 59 35
10 19 08 036 30 2024 4 24 19 59 35
10 21 18 140 49 2024 4 24 19 59 35
10 22 27 086 39 2024 4 24 19 59 35
10 24 31 201 49 2024 4 24 19 59 35
10 25 42 270 43 2024 4 24 19 59 35
11 19 08 036 29 2024 4 24 19 59 35
11 21 18 140 47 2024 4 24 19 59 35
11 22 27 086 33 2024 4 24 19 59 35
11 23 14 319 35 2024 4 24 19 59 35
11 24 31 201 46 2024 4 24 19 59 35
11 25 42 270 39 2024 4 24 19 59 35
11 34 58 296 42 2024 4 24 19 59 35
11 43 15 270 33 2024 4 24 19 59 35
11 44 53 055 36 2024 4 24 19 59 35
07 02 17 318 36 2024 4 24 19 59 35
07 10 71 029 30 2024 4 24 19 59 35
07 11 75 264 40 2024 4 24 19 59 35
07 12 46 045 37 2024 4 24 19 59 35
07 24 51 164 42 2024 4 24 19 59 35
07 25 65 290 41 2024 4 24 19 59 35
07 36 25 238 44 2024 4 24 19 59 35
12 02 17 318 36 2024 4 24 19 59 35
12 10 71 029 44 2024 4 24 19 59 35
12 11 75 264 39 2024 4 24 19 59 35
12 12 46 045 26 2024 4 24 19 59 35
12 24 51 164 48 2024 4 24 19 59 35
12 25 65 290 45 2024 4 24 19 59 35
12 36 25 238 39 2024 4 24 19 59 35
01 05 25 178 46 2024 4 24 19 59 40
01 06 36 047 34 2024 4 24 19 59 40
01 11 76 029 41 2024 4 24 19 59 40
01 12 74 265 45 2024 4 24 19 59 40
01 19 20 089 42 2024 4 24 19 59 40
01 20 54 152 46 2024 4 24 19 59 40
01 24 07 217 34 2024 4 24 19 59 40
01 25 46 304 43 2024 4 24 19 59 40
01 29 15 289 39 2024 4 24 19 59 40
08 06 36 047 38 2024 4 24 19 59 40
08 24 07 217 41 2024 4 24 19 59 40
08 25 46 304 37 2024 4 24 19 59 40
02 66 06 018 32 2024 4 24 19 59 40
02 67 21 066 44 2024 4 24 19 59 40
02 68 14 116 46 2024 4 24 19 59 40
02 73 58 246 42 2024 4 24 19 59 40
02 74 39 315 34 2024 4 24 19 59 40
02 80 22 183 45 2024 4 24 19 59 40
02 82 23 050 44 2024 4 24 19 59 40
02 83 56 009 16 2024 4 24 19 59 40
02 84 34 271 35 2024 4 24 19 59 40
06 11 37 276 45 2024 4 24 19 59 40
06 12 69 010 38 2024 4 24 19 59 40
10 19 08 036 28 2024 4 24 19 59 40
10 21 18 140 48 2024 4 24 19 59 40
10 22 27 086 40 2024 4 24 19 59 40
10 24 31 201 50 2024 4 24 19 59 40
10 25 42 270 42 2024 4 24 19 59 40
11 19 08 036 30 2024 4 24 19 59 40
11 21 18 140 47 2024 4 24 19 59 40
11 22 27 086 33 2024 4 24 19 59 40
11 23 14 319 36 2024 4 24 19 59 40
11 24 31 201 46 2024 4 24 19 59 40
11 25 42 270 39 2024 4 24 19 59 40
11 34 58 296 42 2024 4 24 19 59 40
11 43 15 270 34 2024 4 24 19 59 40
11 44 53 055 36 2024 4 24 19 59 40
07 02 17 318 36 2024 4 24 19 59 40
07 10 71 029 30 2024 4 24 19 59 40
07 11 75 264 39 2024 4 24 19 59 40
07 12 46 045 38 2024 4 24 19 59 40
07 24 51 164 43 2024 4 24 19 59 40
07 25 65 290 42 2024 4 24 19 59 40
07 36 25 238 44 2024 4 24 19 59 40
12 02 17 318 36 2024 4 24 19 59 40
12 10 71 029 44 2024 4 24 19 59 40
12 11 75 264 39 2024 4 24 19 59 40
12 12 46 045 27 2024 4 24 19 59 40
12 24 51 164 48 2024 4 24 19 59 40
12 25 65 290 44 2024 4 24 19 59 40
12 36 25 238 40 2024 4 24 19 59 40
01 05 25 178 46 2024 4 24 19 59 45
01 06 36 047 32 2024 4 24 19 59 45
01 11 76 029 40 2024 4 24 19 59 45
01 12 74 265 46 2024 4 24 19 59 45
01 19 20 089 43 2024 4 24 19 59 45
01 20 54 152 44 2024 4 24 19 59 45
01 24 07 217 31 2024 4 24 19 59 45
01 25 46 304 44 2024 4 24 19 59 45
01 29 15 289 40 2024 4 24 19 59 45
08 06 36 047 39 2024 4 24 19 59 45
08 24 07 217 39 2024 4 24 19 59 45
08 25 46 304 37 2024 4 24 19 59 45
02 66 06 018 31 2024 4 24 19 59 45
02 67 21 066 44 2024 4 24 19 59 45
02 68 14 116 46 2024 4 24 19 59 45
02 73 58 246 42 2024 4 24 19 59 45
02 74 39 315 35 2024 4 24 19 59 45
02 80 22 183 44 2024 4 24 19 59 45
02 82 23 050 46 2024 4 24 19 59 45
02 83 56 009 19 2024 4 24 19 59 45
02 84 34 271 34 2024 4 24 19 59 45
06 11 37 276 45 2024 4 24 19 59 45
06 12 69 010 37 2024 4 24 19 59 45
10 19 08 036 29 2024 4 24 19 59 45
10 21 18 140 48 2024 4 24 19 59 45
10 22 27 086 41 2024 4 24 19 59 45
10 24 31 201 50 2024 4 24 19 59 45
10 25 42 270 43 2024 4 24 19 59 45
11 19 08 036 31 2024 4 24 19 59 45
11 21 18 140 47 2024 4 24 19 59 45
11 22 27 086 33 2024 4 24 19 59 45
11 23 14 319 36 2024 4 24 19 59 45
11 24 31 201 46 2024 4 24 19 59 45
11 25 42 270 40 2024 4 24 19 59 45
11 34 58 296 42 2024 4 24 19 59 45
11 43 15 270 34 2024 4 24 19 59 45
11 44 53 055 35 2024 4 24 19 59 45
07 02 17 318 37 2024 4 24 19 59 45
07 10 71 029 30 2024 4 24 19 59 45
07 11 75 264 39 2024 4 24 19 59 45
07 12 45 045 38 2024 4 24 19 59 45
07 24 51 164 43 2024 4 24 19 59 45
07 25 65 290 41 2024 4 24 19 59 45
07 36 25 238 44 2024 4 24 19 59 45
12 02 17 318 36 2024 4 24 19 59 45
12 10 71 029 44 2024 4 24 19 59 45
12 11 75 264 39 2024 4 24 19 59 45
12 12 45 045 26 2024 4 24 19 59 45
12 24 51 164 49 2024 4 24 19 59 45
12 25 65 290 45 2024 4 24 19 59 45
12 36 25 238 41 2024 4 24 19 59 45
01 05 25 178 48 2024 4 24 19 59 50
01 06 36 047 29 2024 4 24 19 59 50
01 11 76 030 41 2024 4 24 19 59 50
01 12 74 265 45 2024 4 24 19 59 50
01 19 20 089 42 2024 4 24 19 59 50
01 20 54 152 46 2024 4 24 19 59 50
01 24 07 217 32 2024 4 24 19 59 50
01 25 46 304 43 2024 4 24 19 59 50
01 29 15 289 41 2024 4 24 19 59 50
08 06 36 047 38 2024 4 24 19 59 50
08 24 07 217 38 2024 4 24 19 59 50
08 25 46 304 37 2024 4 24 19 59 50
02 66 06 018 32 2024 4 24 19 59 50
02 67 21 066 43 2024 4 24 19 59 50
02 68 14 116 44 2024 4 24 19 59 50
02 73 58 246 40 2024 4 24 19 59 50
02 74 39 315 35 2024 4 24 19 59 50
02 80 22 183 44 2024 4 24 19 59 50
02 82 23 050 46 2024 4 24 19 59 50
02 83 56 009 16 2024 4 24 19 59 50
02 84 34 271 31 2024 4 24 19 59 50
06 11 37 276 45 2024 4 24 19 59 50
06 12 69 010 37 2024 4 24 19 59 50
10 19 08 036 25 2024 4 24 19 59 50
10 21 18 140 48 2024 4 24 19 59 50
10 22 27 086 41 2024 4 24 19 59 50
10 24 31 201 49 2024 4 24 19 59 50
10 25 42 270 43 2024 4 24 19 59 50
11 19 08 036 31 2024 4 24 19 59 50
11 21 18 140 47 2024 4 24 19 59 50
11 22 27 086 32 2024 4 24 19 59 50
11 23 14 319 36 2024 4 24 19 59 50
11 24 31 201 46 2024 4 24 19 59 50
11 25 42 270 40 2024 4 24 19 59 50
11 34 58 296 42 2024 4 24 19 59 50
11 43 15 270 34 2024 4 24 19 59 50
11 44 53 055 35 2024 4 24 19 59 50
07 02 17 318 37 2024 4 24 19 59 50
07 10 71 029 31 2024 4 24 19 59 50
07 11 75 264 39 2024 4 24 19 59 50
07 12 45 045 39 2024 4 24 19 59 50
07 24 51 164 43 2024 4 24 19 59 50
07 25 65 290 41 2024 4 24 19 59 50
07 36 25 238 43 2024 4 24 19 59 50
12 02 17 318 36 2024 4 24 19 59 50
12 10 71 029 44 2024 4 24 19 59 50
12 11 75 264 39 2024 4 24 19 59 50
12 12 45 045 27 2024 4 24 19 59 50
12 24 51 164 48 2024 4 24 19 59 50
12 25 65 290 45 2024 4 24 19 59 50
12 36 25 238 41 2024 4 24 19 59 50
01 05 25 178 48 2024 4 24 19 59 55
01 06 36 047 30 2024 4 24 19 59 55
01 11 76 030 42 2024 4 24 19 59 55
01 12 74 265 44 2024 4 24 19 59 55
01 19 20 089 41 2024 4 24 19 59 55
01 20 54 152 44 2024 4 24 19 59 55
01 24 07 216 31 2024 4 24 19 59 55
01 25 46 304 44 2024 4 24 19 59 55
01 29 15 289 41 2024 4 24 19 59 55
08 06 36 047 39 2024 4 24 19 59 55
08 24 07 216 38 2024 4 24 19 59 55
08 25 46 304 37 2024 4 24 19 59 55
02 66 06 018 31 2024 4 24 19 59 55
02 67 21 066 43 2024 4 24 19 59 55
02 68 14 116 44 2024 4 24 19 59 55
02 73 58 246 37 2024 4 24 19 59 55
02 74 39 315 37 2024 4 24 19 59 55
02 80 22 183 44 2024 4 24 19 59 55
02 82 23 050 45 2024 4 24 19 59 55
02 83 56 010 19 2024 4 24 19 59 55
02 84 34 271 33 2024 4 24 19 59 55
06 11 37 276 45 2024 4 24 19 59 55
06 12 69 011 36 2024 4 24 19 59 55
10 19 08 036 23 2024 4 24 19 59 55
10 21 18 140 49 2024 4 24 19 59 55
10 22 27 086 41 2024 4 24 19 59 55
10 24 31 201 49 2024 4 24 19 59 55
10 25 42 270 44 2024 4 24 19 59 55
11 19 08 036 31 2024 4 24 19 59 55
11 21 18 140 47 2024 4 24 19 59 55
11 22 27 086 32 2024 4 24 19 59 55
11 23 14 318 36 2024 4 24 19 59 55
11 24 31 201 47 2024 4 24 19 59 55
11 25 42 270 40 2024 4 24 19 59 55
11 34 58 296 42 2024 4 24 19 59 55
11 43 15 270 34 2024 4 24 19 59 55
11 44 53 055 34 2024 4 24 19 59 55
07 02 17 318 37 2024 4 24 19 59 55
07 10 71 029 32 2024 4 24 19 59 55
07 11 75 264 38 2024 4 24 19 59 55
07 12 45 045 39 2024 4 24 19 59 55
07 24 51 164 44 2024 4 24 19 59 55
07 25 65 290 41 2024 4 24 19 59 55
07 36 25 238 42 2024 4 24 19 59 55
12 02 17 318 37 2024 4 24 19 59 55
12 10 71 029 44 2024 4 24 19 59 55
12 11 75 264 39 2024 4 24 19 59 55
12 12 45 045 26 2024 4 24 19 59 55
12 24 51 164 48 2024 4 24 19 59 55
12 25 65 290 45 2024 4 24 19 59 55
12 36 25 238 41 2024 4 24 19 59 55
01 05 25 178 48 2024 4 24 20 0 0
01 06 36 047 31 2024 4 24 20 0 0
01 11 76 030 42 2024 4 24 20 0 0
01 12 74 265 44 2024 4 24 20 0 0
01 19 20 089 41 2024 4 24 20 0 0
01 20 54 152 45 2024 4 24 20 0 0
01 24 07 216 29 2024 4 24 20 0 0
01 25 46 304 42 2024 4 24 20 0 0
01 29 15 289 41 2024 4 24 20 0 0
08 06 36 047 38 2024 4 24 20 0 0
08 24 07 216 36 2024 4 24 20 0 0
08 25 46 304 37 2024 4 24 20 0 0
02 66 06 018 31 2024 4 24 20 0 0
02 67 21 066 43 2024 4 24 20 0 0
02 68 14 116 43 2024 4 24 20 0 0
02 73 58 246 39 2024 4 24 20 0 0
02 74 39 315 35 2024 4 24 20 0 0
02 80 22 183 44 2024 4 24 20 0 0
02 82 23 050 44 2024 4 24 20 0 0
02 83 56 010 24 2024 4 24 20 0 0
02 84 34 271 34 2024 4 24 20 0 0
06 11 37 276 45 2024 4 24 20 0 0
06 12 69 011 37 2024 4 24 20 0 0
10 19 08 036 26 2024 4 24 20 0 0
10 21 18 140 49 2024 4 24 20 0 0
10 22 27 086 42 2024 4 24 20 0 0
10 24 31 201 48 2024 4 24 20 0 0
10 25 42 270 45 2024 4 24 20 0 0
11 19 08 036 29 2024 4 24 20 0 0
11 21 18 140 47 2024 4 24 20 0 0
11 22 27 086 32 2024 4 24 20 0 0
11 23 14 318 37 2024 4 24 20 0 0
11 24 31 201 47 2024 4 24 20 0 0
11 25 42 270 40 2024 4 24 20 0 0
11 34 58 296 42 2024 4 24 20 0 0
11 43 15 270 33 2024 4 24 20 0 0
11 44 53 055 34 2024 4 24 20 0 0
07 02 17 318 37 2024 4 24 20 0 0
07 10 71 029 33 2024 4 24 20 0 0
07 11 75 264 39 2024 4 24 20 0 0
07 12 45 045 38 2024 4 24 20 0 0
07 24 51 164 43 2024 4 24 20 0 0
07 25 65 290 41 2024 4 24 20 0 0
07 36 25 238 42 2024 4 24 20 0 0
12 02 17 318 37 2024 4 24 20 0 0
12 10 71 029 44 2024 4 24 20 0 0
12 11 75 264 39 2024 4 24 20 0 0
12 12 45 045 27 2024 4 24 20 0 0
12 24 51 164 48 2024 4 24 20 0 0
12 25 65 290 45 2024 4 24 20 0 0
12 36 25 238 41 2024 4 24 20 0 0
