02 76 11 161 29 2024 4 5 20 11 41
06 20 08 126 34 2024 4 5 20 11 41
06 36 31 176 30 2024 4 5 20 11 41
02 76 11 161 30 2024 4 5 20 11 42
06 20 08 126 34 2024 4 5 20 11 42
06 36 31 176 32 2024 4 5 20 11 42
02 76 11 161 32 2024 4 5 20 11 43
06 20 08 126 34 2024 4 5 20 11 43
06 36 31 176 31 2024 4 5 20 11 43
11 20 08 126 18 2024 4 5 20 11 43
02 76 11 161 33 2024 4 5 20 11 44
06 20 08 126 34 2024 4 5 20 11 44
06 36 31 176 31 2024 4 5 20 11 44
11 20 08 126 17 2024 4 5 20 11 44
11 36 31 176 25 2024 4 5 20 11 44
02 76 11 161 33 2024 4 5 20 11 45
06 20 08 126 34 2024 4 5 20 11 45
06 36 31 176 31 2024 4 5 20 11 45
11 20 08 126 17 2024 4 5 20 11 45
11 36 31 176 25 2024 4 5 20 11 45
02 76 11 161 33 2024 4 5 20 11 46
06 20 08 126 34 2024 4 5 20 11 46
06 36 31 176 31 2024 4 5 20 11 46
11 20 08 126 17 2024 4 5 20 11 46
11 36 31 176 25 2024 4 5 20 11 46
02 76 11 161 34 2024 4 5 20 11 47
06 20 08 126 33 2024 4 5 20 11 47
06 36 31 176 31 2024 4 5 20 11 47
11 20 08 126 19 2024 4 5 20 11 47
11 36 31 176 26 2024 4 5 20 11 47
02 76 11 161 33 2024 4 5 20 11 48
06 20 08 126 33 2024 4 5 20 11 48
06 36 31 176 31 2024 4 5 20 11 48
11 20 08 126 17 2024 4 5 20 11 48
11 36 31 176 26 2024 4 5 20 11 48
02 76 11 161 31 2024 4 5 20 11 49
06 20 08 126 33 2024 4 5 20 11 49
06 36 31 176 31 2024 4 5 20 11 49
11 20 08 126 17 2024 4 5 20 11 49
11 36 31 176 27 2024 4 5 20 11 49
02 76 11 161 31 2024 4 5 20 11 50
06 20 08 126 34 2024 4 5 20 11 50
06 36 31 176 32 2024 4 5 20 11 50
11 20 08 126 17 2024 4 5 20 11 50
11 36 31 176 27 2024 4 5 20 11 50
02 76 11 161 32 2024 4 5 20 11 51
06 20 08 126 34 2024 4 5 20 11 51
06 36 31 176 31 2024 4 5 20 11 51
11 20 08 126 17 2024 4 5 20 11 51
11 36 31 176 27 2024 4 5 20 11 51
02 76 11 161 32 2024 4 5 20 11 52
06 20 08 126 35 2024 4 5 20 11 52
06 36 31 176 31 2024 4 5 20 11 52
11 20 08 126 17 2024 4 5 20 11 52
11 36 31 176 27 2024 4 5 20 11 52
02 76 11 161 31 2024 4 5 20 6 48
06 20 08 126 35 2024 4 5 20 6 48
06 36 31 176 31 2024 4 5 20 6 48
11 20 08 126 18 2024 4 5 20 6 48
11 36 31 176 28 2024 4 5 20 6 48
02 76 13 160 31 2024 4 5 20 6 49
06 20 08 126 35 2024 4 5 20 6 49
06 36 31 176 31 2024 4 5 20 6 49
11 20 08 126 17 2024 4 5 20 6 49
11 36 31 176 27 2024 4 5 20 6 49
01 24 30 238 20 2024 4 5 20 6 50
02 76 13 160 31 2024 4 5 20 6 50
06 20 07 127 35 2024 4 5 20 6 50
06 36 31 176 30 2024 4 5 20 6 50
11 20 07 127 19 2024 4 5 20 6 50
11 36 31 176 27 2024 4 5 20 6 50
01 24 30 238 21 2024 4 5 20 6 51
02 76 13 160 31 2024 4 5 20 6 51
06 20 07 127 35 2024 4 5 20 6 51
06 36 33 176 29 2024 4 5 20 6 51
11 20 07 127 18 2024 4 5 20 6 51
11 36 33 176 28 2024 4 5 20 6 51
01 06 65 049 22 2024 4 5 20 6 52
01 24 30 238 20 2024 4 5 20 6 52
02 76 13 160 32 2024 4 5 20 6 52
06 20 07 127 35 2024 4 5 20 6 52
06 36 33 176 29 2024 4 5 20 6 52
11 20 07 127 19 2024 4 5 20 6 52
11 36 33 176 28 2024 4 5 20 6 52
01 06 65 049 16 2024 4 5 20 6 53
01 24 30 238 20 2024 4 5 20 6 53
02 71 09 052 14 2024 4 5 20 6 53
02 76 13 160 31 2024 4 5 20 6 53
06 20 07 127 35 2024 4 5 20 6 53
06 36 33 176 29 2024 4 5 20 6 53
11 20 07 127 19 2024 4 5 20 6 53
11 36 33 176 28 2024 4 5 20 6 53
01 06 65 049 15 2024 4 5 20 6 54
01 24 30 238 19 2024 4 5 20 6 54
02 71 09 052 12 2024 4 5 20 6 54
02 76 13 160 32 2024 4 5 20 6 54
06 20 07 127 35 2024 4 5 20 6 54
06 36 33 176 28 2024 4 5 20 6 54
11 20 07 127 18 2024 4 5 20 6 54
11 36 33 176 28 2024 4 5 20 6 54
01 06 65 049 15 2024 4 5 20 6 55
01 24 30 238 15 2024 4 5 20 6 55
02 71 09 052 14 2024 4 5 20 6 55
02 76 13 160 32 2024 4 5 20 6 55
06 20 07 127 35 2024 4 5 20 6 55
06 36 33 176 28 2024 4 5 20 6 55
11 20 07 127 16 2024 4 5 20 6 55
11 36 33 176 28 2024 4 5 20 6 55
01 06 65 049 14 2024 4 5 20 6 56
01 24 30 238 13 2024 4 5 20 6 56
02 71 09 052 14 2024 4 5 20 6 56
02 76 13 160 33 2024 4 5 20 6 56
06 20 07 127 36 2024 4 5 20 6 56
06 36 33 176 27 2024 4 5 20 6 56
11 20 07 127 17 2024 4 5 20 6 56
11 36 33 176 28 2024 4 5 20 6 56
01 06 65 049 08 2024 4 5 20 6 57
01 24 30 238 17 2024 4 5 20 6 57
02 71 09 052 13 2024 4 5 20 6 57
02 76 13 160 34 2024 4 5 20 6 57
06 20 07 127 36 2024 4 5 20 6 57
06 36 33 176 27 2024 4 5 20 6 57
11 20 07 127 17 2024 4 5 20 6 57
11 36 33 176 28 2024 4 5 20 6 57
01 06 65 049 04 2024 4 5 20 6 58
01 24 30 238 17 2024 4 5 20 6 58
01 25 17 313 12 2024 4 5 20 6 58
02 71 09 052 02 2024 4 5 20 6 58
02 76 13 160 34 2024 4 5 20 6 58
06 20 07 127 36 2024 4 5 20 6 58
06 36 33 176 28 2024 4 5 20 6 58
11 20 07 127 17 2024 4 5 20 6 58
11 36 33 176 28 2024 4 5 20 6 58
01 06 65 049 05 2024 4 5 20 6 59
01 24 30 238 12 2024 4 5 20 6 59
01 25 17 313 16 2024 4 5 20 6 59
02 76 13 160 34 2024 4 5 20 6 59
06 20 07 127 36 2024 4 5 20 6 59
06 36 33 176 25 2024 4 5 20 6 59
11 20 07 127 18 2024 4 5 20 6 59
11 36 33 176 28 2024 4 5 20 6 59
01 22 23 131 31 2024 4 5 20 7 0
01 24 30 238 10 2024 4 5 20 7 0
01 25 17 313 12 2024 4 5 20 7 0
02 71 09 052 14 2024 4 5 20 7 0
02 76 13 160 33 2024 4 5 20 7 0
02 78 52 315 10 2024 4 5 20 7 0
06 20 07 127 36 2024 4 5 20 7 0
06 36 33 176 26 2024 4 5 20 7 0
11 20 07 127 18 2024 4 5 20 7 0
11 36 33 176 27 2024 4 5 20 7 0
07 33 34 219 38 2024 4 5 20 7 0
01 22 23 131 31 2024 4 5 20 7 1
01 24 30 238 11 2024 4 5 20 7 1
01 25 17 313 15 2024 4 5 20 7 1
02 71 09 052 14 2024 4 5 20 7 1
02 76 13 160 33 2024 4 5 20 7 1
02 78 52 315 12 2024 4 5 20 7 1
06 20 07 127 36 2024 4 5 20 7 1
06 36 33 176 26 2024 4 5 20 7 1
11 20 07 127 18 2024 4 5 20 7 1
11 36 33 176 27 2024 4 5 20 7 1
07 33 34 219 38 2024 4 5 20 7 1
01 22 23 131 32 2024 4 5 20 7 2
01 24 30 238 14 2024 4 5 20 7 2
01 25 17 313 18 2024 4 5 20 7 2
02 71 09 052 11 2024 4 5 20 7 2
02 76 13 160 33 2024 4 5 20 7 2
02 78 52 315 08 2024 4 5 20 7 2
06 20 07 127 36 2024 4 5 20 7 2
06 36 33 176 26 2024 4 5 20 7 2
11 20 07 127 18 2024 4 5 20 7 2
11 36 33 176 27 2024 4 5 20 7 2
07 33 34 219 37 2024 4 5 20 7 2
01 06 67 051 05 2024 4 5 20 7 3
01 22 23 131 31 2024 4 5 20 7 3
01 24 30 238 09 2024 4 5 20 7 3
01 25 17 313 16 2024 4 5 20 7 3
02 76 13 160 33 2024 4 5 20 7 3
02 78 52 315 13 2024 4 5 20 7 3
06 20 07 127 35 2024 4 5 20 7 3
06 36 33 176 28 2024 4 5 20 7 3
11 20 07 127 18 2024 4 5 20 7 3
11 36 33 176 27 2024 4 5 20 7 3
07 33 34 219 36 2024 4 5 20 7 3
12 33 34 219 08 2024 4 5 20 7 3
01 22 23 131 30 2024 4 5 20 7 4
01 24 30 238 13 2024 4 5 20 7 4
01 25 17 313 15 2024 4 5 20 7 4
02 71 09 052 02 2024 4 5 20 7 4
02 76 13 160 33 2024 4 5 20 7 4
02 78 52 315 15 2024 4 5 20 7 4
06 20 07 127 35 2024 4 5 20 7 4
06 36 34 177 30 2024 4 5 20 7 4
11 20 07 127 18 2024 4 5 20 7 4
11 36 34 177 27 2024 4 5 20 7 4
07 33 34 219 37 2024 4 5 20 7 4
