01 05 09 181 38 2024 4 5 20 41 39
01 20 38 161 34 2024 4 5 20 41 39
01 22 10 139 37 2024 4 5 20 41 39
02 81 18 253 22 2024 4 5 20 41 39
06 36 19 176 34 2024 4 5 20 41 39
01 05 09 181 38 2024 4 5 20 41 40
01 20 38 161 34 2024 4 5 20 41 40
01 22 10 139 37 2024 4 5 20 41 40
02 81 18 253 24 2024 4 5 20 41 40
06 36 19 176 33 2024 4 5 20 41 40
01 05 09 181 38 2024 4 5 20 41 41
01 20 38 161 34 2024 4 5 20 41 41
01 22 10 139 37 2024 4 5 20 41 41
02 81 18 253 27 2024 4 5 20 41 41
06 36 19 176 34 2024 4 5 20 41 41
11 36 19 176 34 2024 4 5 20 41 41
01 20 38 161 34 2024 4 5 20 41 42
01 22 10 139 36 2024 4 5 20 41 42
01 05 09 181 38 2024 4 5 20 41 42
01 20 38 161 33 2024 4 5 20 41 42
01 22 10 139 36 2024 4 5 20 41 42
02 81 18 253 26 2024 4 5 20 41 42
06 36 19 176 35 2024 4 5 20 41 42
11 36 19 176 35 2024 4 5 20 41 42
01 05 09 181 37 2024 4 5 20 41 46
01 20 38 161 33 2024 4 5 20 41 46
01 22 10 139 36 2024 4 5 20 41 46
02 81 18 253 26 2024 4 5 20 41 46
06 36 19 176 35 2024 4 5 20 41 46
11 36 19 176 35 2024 4 5 20 41 46
01 05 09 181 38 2024 4 5 20 41 47
01 20 38 161 33 2024 4 5 20 41 47
01 22 10 139 36 2024 4 5 20 41 47
02 81 18 253 27 2024 4 5 20 41 47
06 36 19 176 35 2024 4 5 20 41 47
11 36 19 176 35 2024 4 5 20 41 47
01 05 09 181 39 2024 4 5 20 41 48
01 20 38 161 33 2024 4 5 20 41 48
01 22 10 139 37 2024 4 5 20 41 48
02 81 18 254 27 2024 4 5 20 41 48
06 36 19 176 35 2024 4 5 20 41 48
11 36 19 176 35 2024 4 5 20 41 48
01 05 09 181 38 2024 4 5 20 41 49
01 20 38 161 32 2024 4 5 20 41 49
01 22 10 139 36 2024 4 5 20 41 49
02 81 18 254 27 2024 4 5 20 41 49
06 36 19 176 35 2024 4 5 20 41 49
11 36 19 176 35 2024 4 5 20 41 49
01 05 09 181 37 2024 4 5 20 41 50
01 20 38 161 32 2024 4 5 20 41 50
01 22 10 139 35 2024 4 5 20 41 50
02 81 18 254 29 2024 4 5 20 41 50
06 36 19 176 36 2024 4 5 20 41 50
11 36 19 176 35 2024 4 5 20 41 50
01 05 09 181 38 2024 4 5 20 41 51
01 20 38 161 33 2024 4 5 20 41 51
01 22 10 139 36 2024 4 5 20 41 51
02 81 18 254 29 2024 4 5 20 41 51
06 36 19 176 35 2024 4 5 20 41 51
11 36 19 176 36 2024 4 5 20 41 51
01 05 09 181 37 2024 4 5 20 41 52
01 20 38 161 32 2024 4 5 20 41 52
01 22 10 139 36 2024 4 5 20 41 52
02 81 18 254 29 2024 4 5 20 41 52
06 36 19 176 34 2024 4 5 20 41 52
11 36 19 176 36 2024 4 5 20 41 52
01 05 09 181 37 2024 4 5 20 41 53
01 20 38 161 34 2024 4 5 20 41 53
01 22 10 139 36 2024 4 5 20 41 53
01 24 18 226 29 2024 4 5 20 41 53
02 81 18 254 29 2024 4 5 20 41 53
06 36 19 176 34 2024 4 5 20 41 53
11 36 19 176 36 2024 4 5 20 41 53
01 05 09 181 37 2024 4 5 20 41 54
01 20 38 161 33 2024 4 5 20 41 54
01 22 10 139 36 2024 4 5 20 41 54
01 24 18 226 20 2024 4 5 20 41 54
02 81 18 254 29 2024 4 5 20 41 54
06 36 19 176 34 2024 4 5 20 41 54
11 36 19 176 36 2024 4 5 20 41 54
01 05 09 181 37 2024 4 5 20 41 55
01 20 38 161 34 2024 4 5 20 41 55
01 22 10 139 36 2024 4 5 20 41 55
01 24 18 226 24 2024 4 5 20 41 55
02 81 18 254 29 2024 4 5 20 41 55
06 36 19 176 34 2024 4 5 20 41 55
11 36 19 176 36 2024 4 5 20 41 55
01 05 09 181 37 2024 4 5 20 41 56
01 20 38 161 34 2024 4 5 20 41 56
01 22 10 139 35 2024 4 5 20 41 56
01 24 18 226 25 2024 4 5 20 41 56
02 81 18 254 28 2024 4 5 20 41 56
06 36 19 176 35 2024 4 5 20 41 56
11 36 19 176 36 2024 4 5 20 41 56
01 05 09 181 38 2024 4 5 20 41 57
01 20 38 161 33 2024 4 5 20 41 57
01 22 10 139 36 2024 4 5 20 41 57
01 24 18 226 26 2024 4 5 20 41 57
02 81 18 254 28 2024 4 5 20 41 57
06 36 19 176 35 2024 4 5 20 41 57
11 36 19 176 36 2024 4 5 20 41 57
01 05 09 181 38 2024 4 5 20 41 58
01 20 38 161 33 2024 4 5 20 41 58
01 22 10 139 35 2024 4 5 20 41 58
01 24 18 226 23 2024 4 5 20 41 58
02 81 18 254 28 2024 4 5 20 41 58
06 36 19 176 34 2024 4 5 20 41 58
11 36 19 176 36 2024 4 5 20 41 58
01 05 10 181 37 2024 4 5 20 41 59
01 20 38 161 32 2024 4 5 20 41 59
01 22 10 139 35 2024 4 5 20 41 59
01 24 18 226 25 2024 4 5 20 41 59
08 24 18 226 25 2024 4 5 20 41 59
02 81 18 254 29 2024 4 5 20 41 59
06 36 19 176 34 2024 4 5 20 41 59
11 36 19 176 35 2024 4 5 20 41 59
01 05 10 181 38 2024 4 5 20 42 0
01 20 38 161 32 2024 4 5 20 42 0
01 22 10 139 36 2024 4 5 20 42 0
01 24 18 226 25 2024 4 5 20 42 0
08 24 18 226 26 2024 4 5 20 42 0
02 81 18 254 29 2024 4 5 20 42 0
06 36 19 176 34 2024 4 5 20 42 0
11 36 19 176 35 2024 4 5 20 42 0
01 05 10 181 38 2024 4 5 20 42 1
01 20 38 161 33 2024 4 5 20 42 1
01 22 10 139 35 2024 4 5 20 42 1
01 24 18 226 25 2024 4 5 20 42 1
08 24 18 226 26 2024 4 5 20 42 1
02 81 18 254 30 2024 4 5 20 42 1
02 88 62 302 19 2024 4 5 20 42 1
06 36 19 176 34 2024 4 5 20 42 1
11 36 19 176 36 2024 4 5 20 42 1
01 05 10 181 38 2024 4 5 20 42 2
01 20 38 161 34 2024 4 5 20 42 2
01 22 10 139 35 2024 4 5 20 42 2
01 24 18 226 24 2024 4 5 20 42 2
08 24 18 226 26 2024 4 5 20 42 2
02 81 19 254 30 2024 4 5 20 42 2
02 88 62 302 13 2024 4 5 20 42 2
06 36 19 176 34 2024 4 5 20 42 2
11 36 19 176 36 2024 4 5 20 42 2
01 05 10 181 39 2024 4 5 20 42 3
01 20 38 161 34 2024 4 5 20 42 3
01 22 10 139 34 2024 4 5 20 42 3
01 24 18 226 25 2024 4 5 20 42 3
08 24 18 226 27 2024 4 5 20 42 3
02 81 19 254 31 2024 4 5 20 42 3
02 88 62 302 16 2024 4 5 20 42 3
06 36 19 176 35 2024 4 5 20 42 3
11 36 19 176 36 2024 4 5 20 42 3
01 05 10 181 39 2024 4 5 20 42 4
01 20 38 161 33 2024 4 5 20 42 4
01 22 10 139 33 2024 4 5 20 42 4
01 24 18 226 23 2024 4 5 20 42 4
08 24 18 226 27 2024 4 5 20 42 4
02 81 19 254 30 2024 4 5 20 42 4
02 88 62 302 13 2024 4 5 20 42 4
06 36 19 176 35 2024 4 5 20 42 4
11 36 19 176 36 2024 4 5 20 42 4
01 05 10 181 39 2024 4 5 20 42 5
01 20 38 161 33 2024 4 5 20 42 5
01 22 10 139 34 2024 4 5 20 42 5
01 24 18 226 24 2024 4 5 20 42 5
08 24 18 226 27 2024 4 5 20 42 5
02 81 19 254 30 2024 4 5 20 42 5
02 88 62 302 12 2024 4 5 20 42 5
06 36 19 176 34 2024 4 5 20 42 5
11 36 19 176 36 2024 4 5 20 42 5
01 05 10 181 38 2024 4 5 20 42 6
01 20 38 161 32 2024 4 5 20 42 6
01 22 10 139 34 2024 4 5 20 42 6
01 24 18 226 25 2024 4 5 20 42 6
08 24 18 226 28 2024 4 5 20 42 6
02 81 19 254 30 2024 4 5 20 42 6
02 88 62 302 07 2024 4 5 20 42 6
06 36 19 176 34 2024 4 5 20 42 6
11 36 19 176 36 2024 4 5 20 42 6
01 05 10 181 38 2024 4 5 20 42 7
01 20 38 161 33 2024 4 5 20 42 7
01 22 10 139 35 2024 4 5 20 42 7
01 24 18 226 24 2024 4 5 20 42 7
08 24 18 226 27 2024 4 5 20 42 7
02 81 19 254 29 2024 4 5 20 42 7
02 88 62 302 09 2024 4 5 20 42 7
06 36 19 176 34 2024 4 5 20 42 7
11 36 19 176 36 2024 4 5 20 42 7
01 05 10 181 38 2024 4 5 20 42 8
01 20 38 161 32 2024 4 5 20 42 8
01 22 10 139 34 2024 4 5 20 42 8
01 24 18 226 21 2024 4 5 20 42 8
08 24 18 226 26 2024 4 5 20 42 8
02 81 19 254 29 2024 4 5 20 42 8
02 88 62 302 02 2024 4 5 20 42 8
06 36 19 176 34 2024 4 5 20 42 8
11 36 19 176 36 2024 4 5 20 42 8
01 05 10 181 39 2024 4 5 20 42 9
01 20 38 161 31 2024 4 5 20 42 9
01 22 10 139 34 2024 4 5 20 42 9
01 24 18 226 20 2024 4 5 20 42 9
08 24 18 226 26 2024 4 5 20 42 9
02 81 19 254 30 2024 4 5 20 42 9
02 88 62 302 15 2024 4 5 20 42 9
06 36 19 176 34 2024 4 5 20 42 9
11 36 19 176 36 2024 4 5 20 42 9
01 05 10 181 38 2024 4 5 20 42 10
01 20 38 161 31 2024 4 5 20 42 10
01 22 10 139 34 2024 4 5 20 42 10
01 24 18 226 19 2024 4 5 20 42 10
08 24 18 226 27 2024 4 5 20 42 10
02 81 19 254 30 2024 4 5 20 42 10
02 88 62 302 08 2024 4 5 20 42 10
06 36 19 176 34 2024 4 5 20 42 10
11 36 19 176 36 2024 4 5 20 42 10
01 05 10 181 39 2024 4 5 20 42 11
01 20 38 161 31 2024 4 5 20 42 11
01 22 10 139 34 2024 4 5 20 42 11
01 24 18 226 23 2024 4 5 20 42 11
08 24 18 226 29 2024 4 5 20 42 11
02 81 19 254 29 2024 4 5 20 42 11
02 88 62 302 08 2024 4 5 20 42 11
06 36 19 176 34 2024 4 5 20 42 11
11 36 19 176 36 2024 4 5 20 42 11
01 05 10 181 39 2024 4 5 20 42 12
01 20 38 161 29 2024 4 5 20 42 12
01 22 10 139 34 2024 4 5 20 42 12
01 24 18 226 24 2024 4 5 20 42 12
08 24 18 226 28 2024 4 5 20 42 12
02 81 19 254 29 2024 4 5 20 42 12
02 88 62 302 13 2024 4 5 20 42 12
06 36 19 176 34 2024 4 5 20 42 12
11 36 19 176 36 2024 4 5 20 42 12
07 21 35 146 29 2024 4 5 20 42 12
01 05 10 181 39 2024 4 5 20 42 13
01 12 63 304 09 2024 4 5 20 42 13
01 20 38 161 29 2024 4 5 20 42 13
01 22 10 139 34 2024 4 5 20 42 13
01 24 18 226 25 2024 4 5 20 42 13
08 24 18 226 27 2024 4 5 20 42 13
02 81 19 254 29 2024 4 5 20 42 13
06 36 19 176 34 2024 4 5 20 42 13
11 36 19 176 36 2024 4 5 20 42 13
07 21 35 146 29 2024 4 5 20 42 13
01 05 10 181 39 2024 4 5 20 42 14
01 12 63 304 14 2024 4 5 20 42 14
01 20 38 161 30 2024 4 5 20 42 14
01 22 10 139 33 2024 4 5 20 42 14
01 24 18 226 26 2024 4 5 20 42 14
08 24 18 226 28 2024 4 5 20 42 14
02 81 19 254 28 2024 4 5 20 42 14
02 88 62 302 06 2024 4 5 20 42 14
06 36 19 176 33 2024 4 5 20 42 14
11 36 19 176 35 2024 4 5 20 42 14
07 21 35 146 28 2024 4 5 20 42 14
01 05 10 181 39 2024 4 5 20 42 15
01 11 87 230 18 2024 4 5 20 42 15
01 12 63 304 12 2024 4 5 20 42 15
01 20 38 161 30 2024 4 5 20 42 15
01 22 10 139 33 2024 4 5 20 42 15
01 24 18 226 26 2024 4 5 20 42 15
08 24 18 226 27 2024 4 5 20 42 15
02 81 19 254 29 2024 4 5 20 42 15
02 88 62 303 09 2024 4 5 20 42 15
06 36 19 176 33 2024 4 5 20 42 15
11 36 19 176 35 2024 4 5 20 42 15
07 21 35 146 29 2024 4 5 20 42 15
01 05 10 181 39 2024 4 5 20 42 16
01 11 87 230 16 2024 4 5 20 42 16
01 12 63 304 12 2024 4 5 20 42 16
01 20 38 161 31 2024 4 5 20 42 16
01 22 10 139 33 2024 4 5 20 42 16
01 24 18 226 26 2024 4 5 20 42 16
08 24 18 226 27 2024 4 5 20 42 16
02 81 19 254 29 2024 4 5 20 42 16
02 88 62 303 10 2024 4 5 20 42 16
06 36 19 176 33 2024 4 5 20 42 16
11 36 19 176 35 2024 4 5 20 42 16
07 21 35 146 29 2024 4 5 20 42 16
01 05 10 181 38 2024 4 5 20 42 17
01 11 87 230 16 2024 4 5 20 42 17
01 12 63 304 05 2024 4 5 20 42 17
01 20 38 161 31 2024 4 5 20 42 17
01 22 10 139 33 2024 4 5 20 42 17
01 24 18 226 24 2024 4 5 20 42 17
08 24 18 226 27 2024 4 5 20 42 17
02 81 19 254 30 2024 4 5 20 42 17
02 88 62 303 15 2024 4 5 20 42 17
06 36 19 176 33 2024 4 5 20 42 17
11 36 19 176 35 2024 4 5 20 42 17
07 21 35 146 28 2024 4 5 20 42 17
12 21 35 146 17 2024 4 5 20 42 17
01 05 10 181 39 2024 4 5 20 42 18
01 11 87 230 17 2024 4 5 20 42 18
01 12 63 304 02 2024 4 5 20 42 18
01 20 38 161 30 2024 4 5 20 42 18
01 22 10 139 32 2024 4 5 20 42 18
01 24 18 226 26 2024 4 5 20 42 18
08 24 18 226 27 2024 4 5 20 42 18
02 81 19 254 30 2024 4 5 20 42 18
02 88 62 303 09 2024 4 5 20 42 18
06 36 19 176 33 2024 4 5 20 42 18
11 36 19 176 35 2024 4 5 20 42 18
07 21 35 146 29 2024 4 5 20 42 18
12 21 35 146 24 2024 4 5 20 42 18
01 05 10 181 39 2024 4 5 20 42 19
01 11 87 230 15 2024 4 5 20 42 19
01 12 63 304 04 2024 4 5 20 42 19
01 20 38 161 30 2024 4 5 20 42 19
01 22 10 139 32 2024 4 5 20 42 19
01 24 18 226 25 2024 4 5 20 42 19
08 24 18 226 27 2024 4 5 20 42 19
02 81 19 254 29 2024 4 5 20 42 19
02 88 62 303 16 2024 4 5 20 42 19
06 36 19 176 33 2024 4 5 20 42 19
11 36 19 176 35 2024 4 5 20 42 19
07 21 35 146 29 2024 4 5 20 42 19
12 21 35 146 24 2024 4 5 20 42 19
01 05 10 181 39 2024 4 5 20 42 20
01 11 87 230 14 2024 4 5 20 42 20
01 12 63 304 05 2024 4 5 20 42 20
01 20 38 161 29 2024 4 5 20 42 20
01 22 10 139 32 2024 4 5 20 42 20
01 24 18 226 26 2024 4 5 20 42 20
08 24 18 226 27 2024 4 5 20 42 20
02 81 19 254 28 2024 4 5 20 42 20
02 88 62 303 10 2024 4 5 20 42 20
06 36 19 176 33 2024 4 5 20 42 20
11 36 19 176 35 2024 4 5 20 42 20
07 21 35 146 29 2024 4 5 20 42 20
12 21 35 146 25 2024 4 5 20 42 20
01 05 10 181 39 2024 4 5 20 42 21
01 11 87 230 18 2024 4 5 20 42 21
01 12 63 304 08 2024 4 5 20 42 21
01 20 38 161 28 2024 4 5 20 42 21
01 22 10 139 31 2024 4 5 20 42 21
01 24 18 226 27 2024 4 5 20 42 21
08 24 18 226 28 2024 4 5 20 42 21
02 81 19 254 28 2024 4 5 20 42 21
02 88 62 303 15 2024 4 5 20 42 21
06 36 19 176 34 2024 4 5 20 42 21
11 36 19 176 35 2024 4 5 20 42 21
07 21 35 146 29 2024 4 5 20 42 21
12 21 35 146 26 2024 4 5 20 42 21
01 05 10 181 40 2024 4 5 20 42 22
01 11 87 230 13 2024 4 5 20 42 22
01 20 38 161 28 2024 4 5 20 42 22
01 22 10 139 30 2024 4 5 20 42 22
01 24 18 226 27 2024 4 5 20 42 22
08 24 18 226 27 2024 4 5 20 42 22
02 81 19 254 28 2024 4 5 20 42 22
06 36 19 176 33 2024 4 5 20 42 22
11 36 19 176 35 2024 4 5 20 42 22
07 21 35 146 29 2024 4 5 20 42 22
12 21 35 146 25 2024 4 5 20 42 22
01 05 10 181 40 2024 4 5 20 42 23
01 11 87 230 14 2024 4 5 20 42 23
01 12 63 304 10 2024 4 5 20 42 23
01 20 38 161 29 2024 4 5 20 42 23
01 22 10 139 30 2024 4 5 20 42 23
01 24 18 226 29 2024 4 5 20 42 23
08 24 18 226 28 2024 4 5 20 42 23
02 81 19 254 27 2024 4 5 20 42 23
02 88 62 303 09 2024 4 5 20 42 23
06 36 19 176 33 2024 4 5 20 42 23
11 36 19 176 35 2024 4 5 20 42 23
07 21 35 146 29 2024 4 5 20 42 23
12 21 35 146 25 2024 4 5 20 42 23
01 05 10 181 40 2024 4 5 20 42 24
01 11 87 230 15 2024 4 5 20 42 24
01 20 38 161 29 2024 4 5 20 42 24
01 22 10 139 29 2024 4 5 20 42 24
01 24 18 226 29 2024 4 5 20 42 24
08 24 18 226 28 2024 4 5 20 42 24
02 81 19 254 27 2024 4 5 20 42 24
02 88 62 303 13 2024 4 5 20 42 24
06 36 19 176 34 2024 4 5 20 42 24
11 36 19 176 35 2024 4 5 20 42 24
07 21 35 146 28 2024 4 5 20 42 24
12 21 35 146 25 2024 4 5 20 42 24
01 05 10 181 40 2024 4 5 20 42 25
01 11 87 231 14 2024 4 5 20 42 25
01 12 63 304 09 2024 4 5 20 42 25
01 20 38 161 30 2024 4 5 20 42 25
01 22 10 139 30 2024 4 5 20 42 25
01 24 18 226 29 2024 4 5 20 42 25
08 24 18 226 27 2024 4 5 20 42 25
02 81 19 254 27 2024 4 5 20 42 25
02 88 62 303 13 2024 4 5 20 42 25
06 36 19 176 33 2024 4 5 20 42 25
11 36 19 176 35 2024 4 5 20 42 25
07 21 35 146 27 2024 4 5 20 42 25
12 21 35 146 24 2024 4 5 20 42 25
01 05 10 181 39 2024 4 5 20 42 26
01 11 87 231 15 2024 4 5 20 42 26
01 20 38 161 31 2024 4 5 20 42 26
01 22 10 139 31 2024 4 5 20 42 26
01 24 18 226 29 2024 4 5 20 42 26
08 24 18 226 27 2024 4 5 20 42 26
02 81 19 254 27 2024 4 5 20 42 26
02 88 62 303 13 2024 4 5 20 42 26
06 36 19 176 34 2024 4 5 20 42 26
11 36 19 176 35 2024 4 5 20 42 26
07 21 35 146 27 2024 4 5 20 42 26
12 21 35 146 24 2024 4 5 20 42 26
01 05 10 181 40 2024 4 5 20 42 27
01 11 87 231 14 2024 4 5 20 42 27
01 20 38 161 31 2024 4 5 20 42 27
01 22 10 139 30 2024 4 5 20 42 27
01 24 18 226 32 2024 4 5 20 42 27
08 24 18 226 26 2024 4 5 20 42 27
02 81 19 254 27 2024 4 5 20 42 27
02 88 62 303 07 2024 4 5 20 42 27
06 36 19 176 36 2024 4 5 20 42 27
11 36 19 176 35 2024 4 5 20 42 27
07 21 35 146 27 2024 4 5 20 42 27
12 21 35 146 24 2024 4 5 20 42 27
01 05 10 181 40 2024 4 5 20 42 28
01 11 87 231 17 2024 4 5 20 42 28
01 20 38 161 31 2024 4 5 20 42 28
01 22 10 139 30 2024 4 5 20 42 28
01 24 18 226 31 2024 4 5 20 42 28
08 24 18 226 28 2024 4 5 20 42 28
02 81 19 254 27 2024 4 5 20 42 28
06 36 19 176 36 2024 4 5 20 42 28
11 36 19 176 35 2024 4 5 20 42 28
07 21 35 146 26 2024 4 5 20 42 28
12 21 35 146 26 2024 4 5 20 42 28
01 05 10 181 40 2024 4 5 20 42 29
01 11 87 231 16 2024 4 5 20 42 29
01 20 38 161 30 2024 4 5 20 42 29
01 22 10 139 31 2024 4 5 20 42 29
01 24 18 226 30 2024 4 5 20 42 29
08 24 18 226 28 2024 4 5 20 42 29
02 81 19 254 27 2024 4 5 20 42 29
02 88 62 303 15 2024 4 5 20 42 29
06 36 19 176 36 2024 4 5 20 42 29
11 36 19 176 35 2024 4 5 20 42 29
07 21 35 146 27 2024 4 5 20 42 29
12 21 35 146 26 2024 4 5 20 42 29
01 05 10 181 40 2024 4 5 20 42 30
01 11 87 231 16 2024 4 5 20 42 30
01 20 38 161 28 2024 4 5 20 42 30
01 22 10 139 30 2024 4 5 20 42 30
01 24 18 226 29 2024 4 5 20 42 30
08 24 18 226 27 2024 4 5 20 42 30
02 81 19 254 26 2024 4 5 20 42 30
02 88 62 303 10 2024 4 5 20 42 30
06 36 19 176 35 2024 4 5 20 42 30
11 36 19 176 35 2024 4 5 20 42 30
07 21 35 146 27 2024 4 5 20 42 30
12 21 35 146 27 2024 4 5 20 42 30
01 05 10 181 40 2024 4 5 20 42 31
01 11 87 231 16 2024 4 5 20 42 31
01 20 38 161 28 2024 4 5 20 42 31
01 22 10 139 32 2024 4 5 20 42 31
01 24 18 226 29 2024 4 5 20 42 31
08 24 18 226 27 2024 4 5 20 42 31
02 81 19 254 26 2024 4 5 20 42 31
02 88 62 303 14 2024 4 5 20 42 31
06 36 19 176 35 2024 4 5 20 42 31
11 36 19 176 35 2024 4 5 20 42 31
07 21 35 146 28 2024 4 5 20 42 31
12 21 35 146 27 2024 4 5 20 42 31
01 05 10 181 40 2024 4 5 20 42 32
01 11 87 231 12 2024 4 5 20 42 32
01 20 38 161 28 2024 4 5 20 42 32
01 22 10 139 32 2024 4 5 20 42 32
01 24 18 226 28 2024 4 5 20 42 32
08 24 18 226 27 2024 4 5 20 42 32
02 81 19 254 26 2024 4 5 20 42 32
02 88 62 303 11 2024 4 5 20 42 32
06 36 19 176 34 2024 4 5 20 42 32
11 36 19 176 35 2024 4 5 20 42 32
07 21 35 146 29 2024 4 5 20 42 32
12 21 35 146 28 2024 4 5 20 42 32
01 05 10 181 40 2024 4 5 20 42 33
01 11 87 231 15 2024 4 5 20 42 33
01 20 38 161 28 2024 4 5 20 42 33
01 22 10 139 32 2024 4 5 20 42 33
01 24 18 226 28 2024 4 5 20 42 33
08 24 18 226 26 2024 4 5 20 42 33
02 81 19 254 27 2024 4 5 20 42 33
02 88 62 303 11 2024 4 5 20 42 33
06 36 19 176 34 2024 4 5 20 42 33
11 36 19 176 35 2024 4 5 20 42 33
07 21 35 146 29 2024 4 5 20 42 33
12 21 35 146 27 2024 4 5 20 42 33
01 05 10 181 40 2024 4 5 20 42 34
01 11 87 231 18 2024 4 5 20 42 34
01 20 38 161 27 2024 4 5 20 42 34
01 22 10 139 31 2024 4 5 20 42 34
01 24 18 226 29 2024 4 5 20 42 34
08 24 18 226 26 2024 4 5 20 42 34
02 81 19 254 27 2024 4 5 20 42 34
02 88 62 303 08 2024 4 5 20 42 34
06 36 19 176 34 2024 4 5 20 42 34
11 36 19 176 35 2024 4 5 20 42 34
07 21 35 146 29 2024 4 5 20 42 34
12 21 35 146 26 2024 4 5 20 42 34
01 05 10 181 40 2024 4 5 20 42 35
01 11 87 231 15 2024 4 5 20 42 35
01 20 38 161 27 2024 4 5 20 42 35
01 22 10 139 31 2024 4 5 20 42 35
01 24 18 226 30 2024 4 5 20 42 35
08 24 18 226 26 2024 4 5 20 42 35
02 81 19 254 27 2024 4 5 20 42 35
02 88 62 303 15 2024 4 5 20 42 35
06 36 19 176 34 2024 4 5 20 42 35
11 36 19 176 35 2024 4 5 20 42 35
07 21 35 146 29 2024 4 5 20 42 35
12 21 35 146 27 2024 4 5 20 42 35
01 05 10 181 40 2024 4 5 20 42 36
01 11 87 231 16 2024 4 5 20 42 36
01 20 38 161 26 2024 4 5 20 42 36
01 22 10 139 31 2024 4 5 20 42 36
01 24 18 226 28 2024 4 5 20 42 36
08 24 18 226 26 2024 4 5 20 42 36
02 81 19 254 27 2024 4 5 20 42 36
02 88 62 303 02 2024 4 5 20 42 36
06 36 19 176 33 2024 4 5 20 42 36
11 36 19 176 35 2024 4 5 20 42 36
07 21 35 146 29 2024 4 5 20 42 36
12 21 35 146 27 2024 4 5 20 42 36
01 05 10 181 40 2024 4 5 20 42 37
01 11 87 231 18 2024 4 5 20 42 37
01 20 38 161 25 2024 4 5 20 42 37
01 22 10 139 31 2024 4 5 20 42 37
01 24 18 226 29 2024 4 5 20 42 37
08 24 18 226 26 2024 4 5 20 42 37
02 81 19 254 27 2024 4 5 20 42 37
02 88 62 303 09 2024 4 5 20 42 37
06 36 19 176 34 2024 4 5 20 42 37
11 36 19 176 35 2024 4 5 20 42 37
07 21 35 146 29 2024 4 5 20 42 37
12 21 35 146 26 2024 4 5 20 42 37
01 05 10 181 39 2024 4 5 20 42 38
01 11 87 231 18 2024 4 5 20 42 38
01 20 38 161 25 2024 4 5 20 42 38
01 22 10 139 31 2024 4 5 20 42 38
01 24 18 226 28 2024 4 5 20 42 38
08 24 18 226 26 2024 4 5 20 42 38
02 81 19 254 27 2024 4 5 20 42 38
02 88 62 303 06 2024 4 5 20 42 38
06 36 19 176 34 2024 4 5 20 42 38
11 36 19 176 35 2024 4 5 20 42 38
07 21 35 146 29 2024 4 5 20 42 38
12 21 35 146 27 2024 4 5 20 42 38
01 05 10 181 39 2024 4 5 20 42 39
01 11 87 231 17 2024 4 5 20 42 39
01 20 38 161 25 2024 4 5 20 42 39
01 22 09 139 32 2024 4 5 20 42 39
01 24 18 226 29 2024 4 5 20 42 39
08 24 18 226 26 2024 4 5 20 42 39
02 81 19 254 26 2024 4 5 20 42 39
02 88 62 303 08 2024 4 5 20 42 39
06 36 19 176 35 2024 4 5 20 42 39
11 36 19 176 35 2024 4 5 20 42 39
07 21 35 146 29 2024 4 5 20 42 39
12 21 35 146 26 2024 4 5 20 42 39
01 05 10 181 39 2024 4 5 20 42 40
01 11 87 231 19 2024 4 5 20 42 40
01 20 38 161 25 2024 4 5 20 42 40
01 22 09 139 32 2024 4 5 20 42 40
01 24 18 226 28 2024 4 5 20 42 40
08 24 18 226 26 2024 4 5 20 42 40
02 81 19 254 26 2024 4 5 20 42 40
02 88 62 303 13 2024 4 5 20 42 40
06 36 19 176 35 2024 4 5 20 42 40
11 36 19 176 35 2024 4 5 20 42 40
07 21 35 146 29 2024 4 5 20 42 40
12 21 35 146 25 2024 4 5 20 42 40
01 05 10 181 40 2024 4 5 20 42 41
01 11 87 231 19 2024 4 5 20 42 41
01 20 38 161 27 2024 4 5 20 42 41
01 22 09 139 31 2024 4 5 20 42 41
01 24 18 226 30 2024 4 5 20 42 41
08 24 18 226 25 2024 4 5 20 42 41
02 81 19 254 25 2024 4 5 20 42 41
02 88 62 303 13 2024 4 5 20 42 41
06 36 19 176 36 2024 4 5 20 42 41
11 36 19 176 35 2024 4 5 20 42 41
07 21 35 146 29 2024 4 5 20 42 41
12 21 35 146 25 2024 4 5 20 42 41
01 05 10 181 40 2024 4 5 20 42 42
01 11 87 231 20 2024 4 5 20 42 42
01 20 38 161 28 2024 4 5 20 42 42
01 22 09 139 30 2024 4 5 20 42 42
01 24 18 226 30 2024 4 5 20 42 42
08 24 18 226 26 2024 4 5 20 42 42
02 81 19 254 26 2024 4 5 20 42 42
02 88 62 303 05 2024 4 5 20 42 42
06 36 19 176 36 2024 4 5 20 42 42
11 36 19 176 35 2024 4 5 20 42 42
07 21 35 146 29 2024 4 5 20 42 42
12 21 35 146 25 2024 4 5 20 42 42
01 05 10 181 40 2024 4 5 20 42 43
01 11 87 231 21 2024 4 5 20 42 43
01 20 38 161 27 2024 4 5 20 42 43
01 22 09 139 30 2024 4 5 20 42 43
01 24 18 226 30 2024 4 5 20 42 43
08 24 18 226 26 2024 4 5 20 42 43
02 81 19 254 27 2024 4 5 20 42 43
06 36 19 176 36 2024 4 5 20 42 43
11 36 19 176 35 2024 4 5 20 42 43
07 21 35 146 29 2024 4 5 20 42 43
12 21 35 146 25 2024 4 5 20 42 43
01 05 10 181 39 2024 4 5 20 42 44
01 11 87 231 20 2024 4 5 20 42 44
01 20 38 161 27 2024 4 5 20 42 44
01 22 09 139 32 2024 4 5 20 42 44
01 24 18 226 30 2024 4 5 20 42 44
08 24 18 226 26 2024 4 5 20 42 44
02 81 19 254 28 2024 4 5 20 42 44
06 36 19 176 36 2024 4 5 20 42 44
11 36 19 176 35 2024 4 5 20 42 44
07 21 35 146 29 2024 4 5 20 42 44
12 21 35 146 24 2024 4 5 20 42 44
01 05 10 181 39 2024 4 5 20 42 45
01 11 87 231 22 2024 4 5 20 42 45
01 20 38 161 27 2024 4 5 20 42 45
01 22 09 139 32 2024 4 5 20 42 45
01 24 18 226 30 2024 4 5 20 42 45
08 24 18 226 25 2024 4 5 20 42 45
02 81 19 254 28 2024 4 5 20 42 45
06 36 19 176 36 2024 4 5 20 42 45
11 36 19 176 35 2024 4 5 20 42 45
07 21 35 146 29 2024 4 5 20 42 45
12 21 35 146 24 2024 4 5 20 42 45
01 05 10 181 39 2024 4 5 20 42 46
01 11 87 231 18 2024 4 5 20 42 46
01 20 38 161 25 2024 4 5 20 42 46
01 22 09 139 32 2024 4 5 20 42 46
01 24 18 226 29 2024 4 5 20 42 46
08 24 18 226 25 2024 4 5 20 42 46
02 81 19 254 28 2024 4 5 20 42 46
06 36 19 176 36 2024 4 5 20 42 46
11 36 19 176 35 2024 4 5 20 42 46
07 21 35 146 29 2024 4 5 20 42 46
12 21 35 146 24 2024 4 5 20 42 46
01 05 10 181 39 2024 4 5 20 42 47
01 11 87 231 19 2024 4 5 20 42 47
01 20 38 161 25 2024 4 5 20 42 47
01 22 09 139 32 2024 4 5 20 42 47
01 24 18 226 29 2024 4 5 20 42 47
08 24 18 226 25 2024 4 5 20 42 47
02 81 19 254 28 2024 4 5 20 42 47
02 88 62 303 09 2024 4 5 20 42 47
06 36 19 176 36 2024 4 5 20 42 47
11 36 19 176 35 2024 4 5 20 42 47
07 21 35 146 29 2024 4 5 20 42 47
12 21 35 146 24 2024 4 5 20 42 47
01 05 10 181 39 2024 4 5 20 42 48
01 11 87 231 18 2024 4 5 20 42 48
01 20 38 161 27 2024 4 5 20 42 48
01 22 09 139 33 2024 4 5 20 42 48
01 24 18 226 28 2024 4 5 20 42 48
08 24 18 226 26 2024 4 5 20 42 48
02 81 19 254 27 2024 4 5 20 42 48
02 88 62 303 13 2024 4 5 20 42 48
06 36 19 176 36 2024 4 5 20 42 48
11 36 19 176 35 2024 4 5 20 42 48
07 21 35 146 28 2024 4 5 20 42 48
12 21 35 146 24 2024 4 5 20 42 48
01 05 10 181 39 2024 4 5 20 42 49
01 11 87 231 21 2024 4 5 20 42 49
01 20 38 161 27 2024 4 5 20 42 49
01 22 09 139 33 2024 4 5 20 42 49
01 24 18 226 28 2024 4 5 20 42 49
08 24 18 226 26 2024 4 5 20 42 49
02 81 19 254 27 2024 4 5 20 42 49
06 36 19 176 36 2024 4 5 20 42 49
11 36 19 176 35 2024 4 5 20 42 49
07 21 35 146 28 2024 4 5 20 42 49
12 21 35 146 24 2024 4 5 20 42 49
01 05 10 181 39 2024 4 5 20 42 50
01 11 87 231 20 2024 4 5 20 42 50
01 20 38 161 28 2024 4 5 20 42 50
01 22 09 139 32 2024 4 5 20 42 50
01 24 18 226 27 2024 4 5 20 42 50
08 24 18 226 26 2024 4 5 20 42 50
02 81 19 254 27 2024 4 5 20 42 50
02 88 62 303 12 2024 4 5 20 42 50
06 36 19 176 36 2024 4 5 20 42 50
11 36 19 176 35 2024 4 5 20 42 50
07 21 35 146 27 2024 4 5 20 42 50
12 21 35 146 24 2024 4 5 20 42 50
01 05 10 181 39 2024 4 5 20 42 51
01 11 87 232 19 2024 4 5 20 42 51
01 20 38 161 29 2024 4 5 20 42 51
01 22 09 139 33 2024 4 5 20 42 51
01 24 18 226 27 2024 4 5 20 42 51
08 24 18 226 27 2024 4 5 20 42 51
02 81 19 254 27 2024 4 5 20 42 51
06 36 19 176 36 2024 4 5 20 42 51
11 36 19 176 35 2024 4 5 20 42 51
07 21 35 146 27 2024 4 5 20 42 51
07 33 47 231 22 2024 4 5 20 42 51
12 21 35 146 24 2024 4 5 20 42 51
01 05 10 181 39 2024 4 5 20 42 52
01 11 87 232 20 2024 4 5 20 42 52
01 20 39 161 29 2024 4 5 20 42 52
01 22 09 139 32 2024 4 5 20 42 52
01 24 18 226 26 2024 4 5 20 42 52
08 24 18 226 26 2024 4 5 20 42 52
02 81 19 254 27 2024 4 5 20 42 52
02 88 62 303 13 2024 4 5 20 42 52
06 36 19 176 36 2024 4 5 20 42 52
11 36 19 176 35 2024 4 5 20 42 52
07 21 35 146 27 2024 4 5 20 42 52
07 33 47 231 25 2024 4 5 20 42 52
12 21 35 146 24 2024 4 5 20 42 52
01 05 10 181 40 2024 4 5 20 42 53
01 11 87 232 21 2024 4 5 20 42 53
01 20 39 161 30 2024 4 5 20 42 53
01 22 09 139 32 2024 4 5 20 42 53
01 24 18 226 25 2024 4 5 20 42 53
08 24 18 226 26 2024 4 5 20 42 53
02 81 19 254 26 2024 4 5 20 42 53
06 36 19 176 35 2024 4 5 20 42 53
11 36 19 176 35 2024 4 5 20 42 53
07 21 35 146 27 2024 4 5 20 42 53
07 33 47 231 24 2024 4 5 20 42 53
12 21 35 146 23 2024 4 5 20 42 53
01 05 10 181 39 2024 4 5 20 42 54
01 11 87 232 19 2024 4 5 20 42 54
01 20 39 161 29 2024 4 5 20 42 54
01 22 09 139 32 2024 4 5 20 42 54
01 24 18 226 26 2024 4 5 20 42 54
08 24 18 226 26 2024 4 5 20 42 54
02 81 19 254 27 2024 4 5 20 42 54
06 36 19 176 35 2024 4 5 20 42 54
11 36 19 176 34 2024 4 5 20 42 54
07 21 35 146 27 2024 4 5 20 42 54
07 33 47 231 25 2024 4 5 20 42 54
12 21 35 146 23 2024 4 5 20 42 54
01 05 10 181 39 2024 4 5 20 42 55
01 11 87 232 19 2024 4 5 20 42 55
01 20 39 161 28 2024 4 5 20 42 55
01 22 09 139 32 2024 4 5 20 42 55
01 24 18 226 26 2024 4 5 20 42 55
08 24 18 226 25 2024 4 5 20 42 55
02 81 19 254 28 2024 4 5 20 42 55
02 88 62 303 04 2024 4 5 20 42 55
06 36 19 176 35 2024 4 5 20 42 55
11 36 19 176 34 2024 4 5 20 42 55
07 21 35 146 26 2024 4 5 20 42 55
07 33 47 231 25 2024 4 5 20 42 55
12 21 35 146 21 2024 4 5 20 42 55
01 05 10 181 39 2024 4 5 20 42 56
01 11 87 232 19 2024 4 5 20 42 56
01 20 39 161 28 2024 4 5 20 42 56
01 22 09 139 32 2024 4 5 20 42 56
01 24 18 226 25 2024 4 5 20 42 56
08 24 18 226 24 2024 4 5 20 42 56
02 81 19 254 28 2024 4 5 20 42 56
06 36 19 176 35 2024 4 5 20 42 56
11 36 19 176 34 2024 4 5 20 42 56
07 21 35 146 26 2024 4 5 20 42 56
07 33 47 231 24 2024 4 5 20 42 56
12 21 35 146 23 2024 4 5 20 42 56
01 05 10 181 39 2024 4 5 20 42 57
01 11 87 232 19 2024 4 5 20 42 57
01 20 39 161 28 2024 4 5 20 42 57
01 22 09 139 33 2024 4 5 20 42 57
01 24 18 226 26 2024 4 5 20 42 57
08 24 18 226 25 2024 4 5 20 42 57
02 81 19 254 29 2024 4 5 20 42 57
06 36 19 176 35 2024 4 5 20 42 57
11 36 19 176 34 2024 4 5 20 42 57
07 21 35 146 26 2024 4 5 20 42 57
07 33 47 231 23 2024 4 5 20 42 57
12 21 35 146 22 2024 4 5 20 42 57
12 33 47 231 11 2024 4 5 20 42 57
01 05 10 181 39 2024 4 5 20 42 58
01 11 87 232 18 2024 4 5 20 42 58
01 20 39 161 28 2024 4 5 20 42 58
01 22 09 139 33 2024 4 5 20 42 58
01 24 18 226 22 2024 4 5 20 42 58
08 24 18 226 24 2024 4 5 20 42 58
02 81 19 254 28 2024 4 5 20 42 58
02 88 62 303 08 2024 4 5 20 42 58
06 36 19 176 34 2024 4 5 20 42 58
11 36 19 176 34 2024 4 5 20 42 58
07 21 35 146 26 2024 4 5 20 42 58
07 33 47 231 22 2024 4 5 20 42 58
12 21 35 146 21 2024 4 5 20 42 58
12 33 47 231 08 2024 4 5 20 42 58
01 05 10 181 40 2024 4 5 20 42 59
01 11 87 232 21 2024 4 5 20 42 59
01 20 39 161 27 2024 4 5 20 42 59
01 22 09 139 32 2024 4 5 20 42 59
01 24 18 226 18 2024 4 5 20 42 59
08 24 18 226 24 2024 4 5 20 42 59
02 81 19 254 28 2024 4 5 20 42 59
06 36 19 176 35 2024 4 5 20 42 59
11 36 19 176 34 2024 4 5 20 42 59
07 21 35 146 26 2024 4 5 20 42 59
07 33 47 231 24 2024 4 5 20 42 59
12 21 35 146 22 2024 4 5 20 42 59
01 05 10 181 40 2024 4 5 20 43 0
01 11 87 232 19 2024 4 5 20 43 0
01 20 39 161 26 2024 4 5 20 43 0
01 22 09 139 32 2024 4 5 20 43 0
01 24 18 226 21 2024 4 5 20 43 0
08 24 18 226 25 2024 4 5 20 43 0
02 81 19 254 27 2024 4 5 20 43 0
06 36 19 176 35 2024 4 5 20 43 0
11 36 19 176 34 2024 4 5 20 43 0
07 21 35 146 26 2024 4 5 20 43 0
07 33 47 231 25 2024 4 5 20 43 0
12 21 35 146 23 2024 4 5 20 43 0
12 33 47 231 08 2024 4 5 20 43 0
01 05 10 181 40 2024 4 5 20 43 1
01 11 87 232 20 2024 4 5 20 43 1
01 20 39 161 27 2024 4 5 20 43 1
01 22 09 139 33 2024 4 5 20 43 1
01 24 18 226 24 2024 4 5 20 43 1
08 24 18 226 24 2024 4 5 20 43 1
02 81 19 254 27 2024 4 5 20 43 1
06 36 19 176 35 2024 4 5 20 43 1
11 36 19 176 34 2024 4 5 20 43 1
07 21 35 146 25 2024 4 5 20 43 1
07 33 47 231 25 2024 4 5 20 43 1
12 21 35 146 22 2024 4 5 20 43 1
12 33 47 231 08 2024 4 5 20 43 1
01 05 10 181 40 2024 4 5 20 43 2
01 11 87 232 20 2024 4 5 20 43 2
01 20 39 161 27 2024 4 5 20 43 2
01 22 09 139 33 2024 4 5 20 43 2
01 24 18 226 24 2024 4 5 20 43 2
08 24 18 226 25 2024 4 5 20 43 2
02 81 19 254 27 2024 4 5 20 43 2
02 88 62 303 11 2024 4 5 20 43 2
06 36 19 176 36 2024 4 5 20 43 2
11 36 19 176 34 2024 4 5 20 43 2
07 21 35 146 25 2024 4 5 20 43 2
07 33 47 231 25 2024 4 5 20 43 2
12 21 35 146 23 2024 4 5 20 43 2
01 05 10 181 40 2024 4 5 20 43 3
01 11 87 232 20 2024 4 5 20 43 3
01 20 39 161 27 2024 4 5 20 43 3
01 22 09 139 34 2024 4 5 20 43 3
01 24 18 226 25 2024 4 5 20 43 3
08 24 18 226 25 2024 4 5 20 43 3
02 81 19 254 27 2024 4 5 20 43 3
02 88 62 303 11 2024 4 5 20 43 3
06 36 19 176 36 2024 4 5 20 43 3
11 36 19 176 34 2024 4 5 20 43 3
07 21 35 146 25 2024 4 5 20 43 3
07 33 47 231 25 2024 4 5 20 43 3
12 21 35 146 23 2024 4 5 20 43 3
12 33 47 231 12 2024 4 5 20 43 3
01 05 10 181 40 2024 4 5 20 43 4
01 11 87 233 20 2024 4 5 20 43 4
01 20 39 161 28 2024 4 5 20 43 4
01 22 09 139 33 2024 4 5 20 43 4
01 24 18 226 25 2024 4 5 20 43 4
08 24 18 226 25 2024 4 5 20 43 4
02 81 19 254 26 2024 4 5 20 43 4
06 36 19 176 36 2024 4 5 20 43 4
11 36 19 176 34 2024 4 5 20 43 4
07 21 35 146 25 2024 4 5 20 43 4
07 33 47 231 27 2024 4 5 20 43 4
12 21 35 146 23 2024 4 5 20 43 4
12 33 47 231 07 2024 4 5 20 43 4
01 05 10 181 41 2024 4 5 20 43 5
01 11 87 233 20 2024 4 5 20 43 5
01 20 39 161 28 2024 4 5 20 43 5
01 22 09 139 33 2024 4 5 20 43 5
01 24 18 226 25 2024 4 5 20 43 5
08 24 18 226 25 2024 4 5 20 43 5
02 81 19 254 27 2024 4 5 20 43 5
02 88 62 303 08 2024 4 5 20 43 5
06 36 19 176 35 2024 4 5 20 43 5
11 36 19 176 34 2024 4 5 20 43 5
07 21 35 146 25 2024 4 5 20 43 5
07 33 47 231 25 2024 4 5 20 43 5
12 21 35 146 23 2024 4 5 20 43 5
01 05 10 181 40 2024 4 5 20 43 6
01 11 87 233 20 2024 4 5 20 43 6
01 20 39 161 28 2024 4 5 20 43 6
01 22 09 139 33 2024 4 5 20 43 6
01 24 18 226 25 2024 4 5 20 43 6
08 24 18 226 25 2024 4 5 20 43 6
02 81 19 254 27 2024 4 5 20 43 6
02 88 62 303 09 2024 4 5 20 43 6
06 36 19 176 35 2024 4 5 20 43 6
11 36 19 176 34 2024 4 5 20 43 6
07 21 35 146 24 2024 4 5 20 43 6
07 33 47 231 26 2024 4 5 20 43 6
12 21 35 146 23 2024 4 5 20 43 6
01 05 10 181 40 2024 4 5 20 43 7
01 11 87 233 19 2024 4 5 20 43 7
01 20 39 161 29 2024 4 5 20 43 7
01 22 09 139 34 2024 4 5 20 43 7
01 24 18 226 26 2024 4 5 20 43 7
08 24 18 226 25 2024 4 5 20 43 7
02 81 19 254 27 2024 4 5 20 43 7
06 36 19 176 36 2024 4 5 20 43 7
11 36 19 176 34 2024 4 5 20 43 7
07 21 35 146 25 2024 4 5 20 43 7
07 33 47 231 27 2024 4 5 20 43 7
12 21 35 146 24 2024 4 5 20 43 7
01 05 10 181 40 2024 4 5 20 43 8
01 11 87 233 20 2024 4 5 20 43 8
01 20 39 161 28 2024 4 5 20 43 8
01 22 09 139 35 2024 4 5 20 43 8
01 24 18 226 24 2024 4 5 20 43 8
08 24 18 226 26 2024 4 5 20 43 8
02 81 19 254 27 2024 4 5 20 43 8
02 88 62 304 05 2024 4 5 20 43 8
06 36 19 176 36 2024 4 5 20 43 8
11 36 19 176 34 2024 4 5 20 43 8
07 21 35 146 25 2024 4 5 20 43 8
07 33 47 231 27 2024 4 5 20 43 8
12 21 35 146 22 2024 4 5 20 43 8
01 05 10 181 40 2024 4 5 20 43 9
01 11 87 233 20 2024 4 5 20 43 9
01 20 39 161 29 2024 4 5 20 43 9
01 22 09 139 35 2024 4 5 20 43 9
01 24 18 226 24 2024 4 5 20 43 9
08 24 18 226 26 2024 4 5 20 43 9
02 81 19 254 27 2024 4 5 20 43 9
06 36 19 176 37 2024 4 5 20 43 9
11 36 19 176 34 2024 4 5 20 43 9
07 21 35 146 25 2024 4 5 20 43 9
07 33 47 231 27 2024 4 5 20 43 9
12 21 35 146 23 2024 4 5 20 43 9
01 05 10 181 39 2024 4 5 20 43 10
01 11 87 233 20 2024 4 5 20 43 10
01 20 39 161 28 2024 4 5 20 43 10
01 22 09 139 34 2024 4 5 20 43 10
01 24 18 226 23 2024 4 5 20 43 10
08 24 18 226 25 2024 4 5 20 43 10
02 81 19 254 27 2024 4 5 20 43 10
02 88 62 304 12 2024 4 5 20 43 10
06 36 19 176 37 2024 4 5 20 43 10
11 36 19 176 34 2024 4 5 20 43 10
07 21 35 146 25 2024 4 5 20 43 10
07 33 47 231 28 2024 4 5 20 43 10
12 21 35 146 23 2024 4 5 20 43 10
01 05 10 181 40 2024 4 5 20 43 11
01 11 87 233 20 2024 4 5 20 43 11
01 20 39 161 28 2024 4 5 20 43 11
01 22 09 139 34 2024 4 5 20 43 11
01 24 18 226 25 2024 4 5 20 43 11
08 24 18 226 25 2024 4 5 20 43 11
02 81 19 254 27 2024 4 5 20 43 11
02 88 62 304 15 2024 4 5 20 43 11
06 36 19 176 37 2024 4 5 20 43 11
11 36 19 176 34 2024 4 5 20 43 11
07 21 35 146 24 2024 4 5 20 43 11
07 33 47 231 28 2024 4 5 20 43 11
12 21 35 146 22 2024 4 5 20 43 11
01 05 10 181 40 2024 4 5 20 43 12
01 11 87 233 18 2024 4 5 20 43 12
01 20 39 161 28 2024 4 5 20 43 12
01 22 09 139 34 2024 4 5 20 43 12
01 24 18 226 24 2024 4 5 20 43 12
08 24 18 226 25 2024 4 5 20 43 12
02 81 19 254 26 2024 4 5 20 43 12
02 88 62 304 08 2024 4 5 20 43 12
06 36 19 176 36 2024 4 5 20 43 12
11 36 19 176 34 2024 4 5 20 43 12
07 21 35 146 24 2024 4 5 20 43 12
07 33 47 231 28 2024 4 5 20 43 12
12 21 35 146 23 2024 4 5 20 43 12
12 33 47 231 13 2024 4 5 20 43 12
01 05 10 181 40 2024 4 5 20 43 13
01 11 87 233 20 2024 4 5 20 43 13
01 20 39 161 29 2024 4 5 20 43 13
01 22 09 139 34 2024 4 5 20 43 13
01 24 18 226 23 2024 4 5 20 43 13
08 24 18 226 24 2024 4 5 20 43 13
02 81 19 254 26 2024 4 5 20 43 13
02 88 62 304 12 2024 4 5 20 43 13
06 36 19 176 36 2024 4 5 20 43 13
11 36 19 176 34 2024 4 5 20 43 13
07 21 35 146 25 2024 4 5 20 43 13
07 33 47 231 28 2024 4 5 20 43 13
12 21 35 146 22 2024 4 5 20 43 13
12 33 47 231 12 2024 4 5 20 43 13
01 05 10 181 40 2024 4 5 20 43 14
01 11 87 233 20 2024 4 5 20 43 14
01 20 39 161 29 2024 4 5 20 43 14
01 22 09 139 35 2024 4 5 20 43 14
01 24 18 226 23 2024 4 5 20 43 14
08 24 18 226 24 2024 4 5 20 43 14
02 81 19 254 26 2024 4 5 20 43 14
02 88 62 304 06 2024 4 5 20 43 14
06 36 19 176 36 2024 4 5 20 43 14
11 36 19 176 34 2024 4 5 20 43 14
07 21 35 146 25 2024 4 5 20 43 14
07 33 47 231 28 2024 4 5 20 43 14
12 21 35 146 22 2024 4 5 20 43 14
12 33 47 231 13 2024 4 5 20 43 14
01 05 10 181 41 2024 4 5 20 43 15
01 11 87 233 19 2024 4 5 20 43 15
01 20 39 161 29 2024 4 5 20 43 15
01 22 09 139 35 2024 4 5 20 43 15
01 24 18 226 20 2024 4 5 20 43 15
08 24 18 226 25 2024 4 5 20 43 15
02 81 19 254 25 2024 4 5 20 43 15
02 88 62 304 11 2024 4 5 20 43 15
06 36 19 176 35 2024 4 5 20 43 15
11 36 19 176 33 2024 4 5 20 43 15
07 21 35 146 26 2024 4 5 20 43 15
07 33 47 231 28 2024 4 5 20 43 15
12 21 35 146 22 2024 4 5 20 43 15
01 05 10 181 41 2024 4 5 20 43 16
01 11 87 233 16 2024 4 5 20 43 16
01 20 39 161 29 2024 4 5 20 43 16
01 22 09 139 34 2024 4 5 20 43 16
01 24 18 226 20 2024 4 5 20 43 16
08 24 18 226 25 2024 4 5 20 43 16
02 81 19 254 24 2024 4 5 20 43 16
02 88 62 304 14 2024 4 5 20 43 16
06 36 19 176 35 2024 4 5 20 43 16
11 36 19 176 33 2024 4 5 20 43 16
07 21 35 146 26 2024 4 5 20 43 16
07 33 47 231 28 2024 4 5 20 43 16
12 21 35 146 22 2024 4 5 20 43 16
12 33 47 231 12 2024 4 5 20 43 16
01 05 10 181 41 2024 4 5 20 43 17
01 11 87 234 17 2024 4 5 20 43 17
01 20 39 161 30 2024 4 5 20 43 17
01 22 09 139 35 2024 4 5 20 43 17
01 24 18 226 20 2024 4 5 20 43 17
08 24 18 226 25 2024 4 5 20 43 17
02 81 19 254 25 2024 4 5 20 43 17
06 36 19 176 36 2024 4 5 20 43 17
11 36 19 176 33 2024 4 5 20 43 17
07 21 35 146 26 2024 4 5 20 43 17
07 33 47 231 28 2024 4 5 20 43 17
12 21 35 146 21 2024 4 5 20 43 17
12 33 47 231 11 2024 4 5 20 43 17
01 05 10 181 41 2024 4 5 20 43 18
01 11 87 234 18 2024 4 5 20 43 18
01 20 39 161 28 2024 4 5 20 43 18
01 22 09 139 34 2024 4 5 20 43 18
01 24 18 226 19 2024 4 5 20 43 18
08 24 18 226 25 2024 4 5 20 43 18
02 81 19 254 26 2024 4 5 20 43 18
06 36 19 176 35 2024 4 5 20 43 18
11 36 19 176 33 2024 4 5 20 43 18
07 21 35 146 26 2024 4 5 20 43 18
07 33 47 231 28 2024 4 5 20 43 18
12 21 35 146 22 2024 4 5 20 43 18
01 05 10 181 41 2024 4 5 20 43 19
01 11 87 234 19 2024 4 5 20 43 19
01 20 39 161 28 2024 4 5 20 43 19
01 22 09 139 34 2024 4 5 20 43 19
01 24 18 226 22 2024 4 5 20 43 19
08 24 18 226 25 2024 4 5 20 43 19
02 81 19 254 26 2024 4 5 20 43 19
02 88 62 304 09 2024 4 5 20 43 19
06 36 19 176 36 2024 4 5 20 43 19
11 36 19 176 33 2024 4 5 20 43 19
07 21 35 146 26 2024 4 5 20 43 19
07 33 47 231 27 2024 4 5 20 43 19
12 21 35 146 21 2024 4 5 20 43 19
12 33 47 231 12 2024 4 5 20 43 19
01 05 10 181 40 2024 4 5 20 43 20
01 11 87 234 17 2024 4 5 20 43 20
01 20 39 161 28 2024 4 5 20 43 20
01 22 09 139 35 2024 4 5 20 43 20
01 24 18 226 22 2024 4 5 20 43 20
08 24 18 226 26 2024 4 5 20 43 20
02 81 19 254 26 2024 4 5 20 43 20
06 36 19 176 36 2024 4 5 20 43 20
11 36 19 176 33 2024 4 5 20 43 20
07 21 35 146 25 2024 4 5 20 43 20
07 33 47 231 27 2024 4 5 20 43 20
12 21 35 146 22 2024 4 5 20 43 20
12 33 47 231 14 2024 4 5 20 43 20
01 05 10 181 40 2024 4 5 20 43 21
01 11 87 234 16 2024 4 5 20 43 21
01 20 39 161 29 2024 4 5 20 43 21
01 22 09 139 35 2024 4 5 20 43 21
01 24 18 226 22 2024 4 5 20 43 21
08 24 18 226 26 2024 4 5 20 43 21
02 81 19 254 27 2024 4 5 20 43 21
06 36 19 176 36 2024 4 5 20 43 21
11 36 19 176 33 2024 4 5 20 43 21
07 21 35 146 25 2024 4 5 20 43 21
07 33 47 231 27 2024 4 5 20 43 21
12 21 35 146 22 2024 4 5 20 43 21
12 33 47 231 11 2024 4 5 20 43 21
01 05 10 181 40 2024 4 5 20 43 22
01 11 87 234 18 2024 4 5 20 43 22
01 20 39 161 29 2024 4 5 20 43 22
01 22 09 139 35 2024 4 5 20 43 22
01 24 18 226 17 2024 4 5 20 43 22
08 24 18 226 26 2024 4 5 20 43 22
02 81 19 254 28 2024 4 5 20 43 22
02 88 62 304 11 2024 4 5 20 43 22
06 36 19 176 36 2024 4 5 20 43 22
11 36 19 176 33 2024 4 5 20 43 22
07 21 35 146 25 2024 4 5 20 43 22
07 33 47 231 27 2024 4 5 20 43 22
12 21 35 146 21 2024 4 5 20 43 22
12 33 47 231 17 2024 4 5 20 43 22
01 05 10 181 40 2024 4 5 20 43 23
01 11 87 234 18 2024 4 5 20 43 23
01 20 39 161 30 2024 4 5 20 43 23
01 22 09 139 36 2024 4 5 20 43 23
01 24 18 226 22 2024 4 5 20 43 23
08 24 18 226 26 2024 4 5 20 43 23
02 81 19 254 28 2024 4 5 20 43 23
06 36 19 176 37 2024 4 5 20 43 23
11 36 19 176 33 2024 4 5 20 43 23
07 21 35 146 25 2024 4 5 20 43 23
07 33 47 231 27 2024 4 5 20 43 23
12 21 35 146 21 2024 4 5 20 43 23
12 33 47 231 12 2024 4 5 20 43 23
01 05 10 181 40 2024 4 5 20 43 24
01 11 87 234 20 2024 4 5 20 43 24
01 20 39 161 30 2024 4 5 20 43 24
01 22 09 139 36 2024 4 5 20 43 24
01 24 18 226 20 2024 4 5 20 43 24
08 24 18 226 26 2024 4 5 20 43 24
02 81 19 254 28 2024 4 5 20 43 24
02 88 62 304 11 2024 4 5 20 43 24
06 36 19 176 37 2024 4 5 20 43 24
11 36 19 176 34 2024 4 5 20 43 24
07 21 35 146 26 2024 4 5 20 43 24
07 33 47 231 27 2024 4 5 20 43 24
12 21 35 146 23 2024 4 5 20 43 24
12 33 47 231 08 2024 4 5 20 43 24
01 05 10 181 40 2024 4 5 20 43 25
01 11 87 234 18 2024 4 5 20 43 25
01 20 39 161 30 2024 4 5 20 43 25
01 22 09 139 36 2024 4 5 20 43 25
01 24 18 226 22 2024 4 5 20 43 25
08 24 18 226 26 2024 4 5 20 43 25
02 81 19 254 27 2024 4 5 20 43 25
02 88 62 304 09 2024 4 5 20 43 25
06 36 19 176 37 2024 4 5 20 43 25
11 36 19 176 34 2024 4 5 20 43 25
07 21 35 146 26 2024 4 5 20 43 25
07 33 47 231 27 2024 4 5 20 43 25
12 21 35 146 23 2024 4 5 20 43 25
01 05 10 181 40 2024 4 5 20 43 26
01 11 87 234 17 2024 4 5 20 43 26
01 20 39 161 29 2024 4 5 20 43 26
01 22 09 139 35 2024 4 5 20 43 26
01 24 18 226 21 2024 4 5 20 43 26
08 24 18 226 26 2024 4 5 20 43 26
02 81 19 254 27 2024 4 5 20 43 26
02 88 62 304 10 2024 4 5 20 43 26
06 36 19 176 36 2024 4 5 20 43 26
11 36 19 176 34 2024 4 5 20 43 26
07 21 35 146 26 2024 4 5 20 43 26
07 33 47 231 26 2024 4 5 20 43 26
12 21 35 146 23 2024 4 5 20 43 26
12 33 47 231 09 2024 4 5 20 43 26
01 05 10 181 40 2024 4 5 20 43 27
01 11 87 234 17 2024 4 5 20 43 27
01 20 39 161 30 2024 4 5 20 43 27
01 22 09 139 36 2024 4 5 20 43 27
01 24 18 226 21 2024 4 5 20 43 27
08 24 18 226 26 2024 4 5 20 43 27
02 81 19 254 27 2024 4 5 20 43 27
02 88 62 304 05 2024 4 5 20 43 27
06 36 19 176 37 2024 4 5 20 43 27
11 36 19 176 34 2024 4 5 20 43 27
07 21 35 146 27 2024 4 5 20 43 27
07 33 47 231 26 2024 4 5 20 43 27
12 21 35 146 23 2024 4 5 20 43 27
12 33 47 231 10 2024 4 5 20 43 27
01 05 10 181 40 2024 4 5 20 43 28
01 11 87 234 17 2024 4 5 20 43 28
01 20 39 161 29 2024 4 5 20 43 28
01 22 09 139 36 2024 4 5 20 43 28
01 24 18 226 22 2024 4 5 20 43 28
08 24 18 226 26 2024 4 5 20 43 28
02 81 19 254 27 2024 4 5 20 43 28
02 88 62 304 13 2024 4 5 20 43 28
06 36 19 176 37 2024 4 5 20 43 28
11 36 19 176 34 2024 4 5 20 43 28
07 21 35 146 27 2024 4 5 20 43 28
07 33 47 231 26 2024 4 5 20 43 28
12 21 35 146 23 2024 4 5 20 43 28
12 33 47 231 15 2024 4 5 20 43 28
01 05 10 181 41 2024 4 5 20 43 29
01 11 87 234 18 2024 4 5 20 43 29
01 20 39 161 29 2024 4 5 20 43 29
01 22 09 139 36 2024 4 5 20 43 29
01 24 18 226 21 2024 4 5 20 43 29
08 24 18 226 26 2024 4 5 20 43 29
02 81 19 254 28 2024 4 5 20 43 29
02 88 62 304 04 2024 4 5 20 43 29
06 36 19 176 37 2024 4 5 20 43 29
11 36 19 176 34 2024 4 5 20 43 29
07 21 35 146 27 2024 4 5 20 43 29
07 33 47 231 27 2024 4 5 20 43 29
12 21 35 146 22 2024 4 5 20 43 29
12 33 47 231 15 2024 4 5 20 43 29
01 05 10 181 40 2024 4 5 20 43 30
01 11 87 235 14 2024 4 5 20 43 30
01 20 39 161 30 2024 4 5 20 43 30
01 22 09 139 36 2024 4 5 20 43 30
01 24 18 226 16 2024 4 5 20 43 30
08 24 18 226 27 2024 4 5 20 43 30
02 81 19 254 27 2024 4 5 20 43 30
06 36 19 176 37 2024 4 5 20 43 30
11 36 19 176 34 2024 4 5 20 43 30
07 21 35 146 27 2024 4 5 20 43 30
07 33 47 231 27 2024 4 5 20 43 30
12 21 35 146 21 2024 4 5 20 43 30
12 33 47 231 11 2024 4 5 20 43 30
01 05 10 181 40 2024 4 5 20 43 31
01 11 87 235 14 2024 4 5 20 43 31
01 20 39 161 32 2024 4 5 20 43 31
01 22 09 139 36 2024 4 5 20 43 31
01 24 18 226 17 2024 4 5 20 43 31
08 24 18 226 27 2024 4 5 20 43 31
02 81 19 254 26 2024 4 5 20 43 31
06 36 19 176 37 2024 4 5 20 43 31
11 36 19 176 34 2024 4 5 20 43 31
07 21 35 146 27 2024 4 5 20 43 31
07 33 47 231 28 2024 4 5 20 43 31
12 21 35 146 21 2024 4 5 20 43 31
12 33 47 231 14 2024 4 5 20 43 31
01 05 10 181 40 2024 4 5 20 43 32
01 11 87 235 16 2024 4 5 20 43 32
01 20 39 161 30 2024 4 5 20 43 32
01 22 09 139 36 2024 4 5 20 43 32
01 24 18 226 13 2024 4 5 20 43 32
08 24 18 226 27 2024 4 5 20 43 32
02 81 19 254 25 2024 4 5 20 43 32
06 36 19 176 36 2024 4 5 20 43 32
11 36 19 176 34 2024 4 5 20 43 32
07 21 35 146 27 2024 4 5 20 43 32
07 33 47 231 27 2024 4 5 20 43 32
12 21 35 146 21 2024 4 5 20 43 32
12 33 47 231 13 2024 4 5 20 43 32
01 05 10 181 40 2024 4 5 20 43 33
01 11 87 235 16 2024 4 5 20 43 33
01 20 39 161 31 2024 4 5 20 43 33
01 22 09 139 36 2024 4 5 20 43 33
01 24 18 226 08 2024 4 5 20 43 33
08 24 18 226 28 2024 4 5 20 43 33
02 81 19 254 25 2024 4 5 20 43 33
02 88 62 304 04 2024 4 5 20 43 33
06 36 19 176 37 2024 4 5 20 43 33
11 36 19 176 34 2024 4 5 20 43 33
07 21 35 146 27 2024 4 5 20 43 33
07 33 47 231 27 2024 4 5 20 43 33
12 21 35 146 20 2024 4 5 20 43 33
12 33 47 231 15 2024 4 5 20 43 33
01 05 10 181 40 2024 4 5 20 43 34
01 11 87 235 17 2024 4 5 20 43 34
01 20 39 161 31 2024 4 5 20 43 34
01 22 09 139 36 2024 4 5 20 43 34
01 24 18 226 12 2024 4 5 20 43 34
08 24 18 226 27 2024 4 5 20 43 34
02 81 19 254 25 2024 4 5 20 43 34
06 36 19 176 36 2024 4 5 20 43 34
11 36 19 176 34 2024 4 5 20 43 34
07 21 35 146 27 2024 4 5 20 43 34
07 33 47 231 27 2024 4 5 20 43 34
12 21 35 146 20 2024 4 5 20 43 34
12 33 47 231 14 2024 4 5 20 43 34
01 05 10 181 40 2024 4 5 20 43 35
01 11 87 235 18 2024 4 5 20 43 35
01 20 39 161 31 2024 4 5 20 43 35
01 22 09 139 36 2024 4 5 20 43 35
01 24 18 226 14 2024 4 5 20 43 35
08 24 18 226 27 2024 4 5 20 43 35
02 81 19 254 25 2024 4 5 20 43 35
06 36 19 176 36 2024 4 5 20 43 35
11 36 19 176 34 2024 4 5 20 43 35
07 21 35 146 27 2024 4 5 20 43 35
07 33 47 231 27 2024 4 5 20 43 35
12 21 35 146 19 2024 4 5 20 43 35
12 33 47 231 15 2024 4 5 20 43 35
01 05 10 181 40 2024 4 5 20 43 36
01 11 87 235 18 2024 4 5 20 43 36
01 20 39 161 30 2024 4 5 20 43 36
01 22 09 139 36 2024 4 5 20 43 36
01 24 18 226 17 2024 4 5 20 43 36
08 24 18 226 26 2024 4 5 20 43 36
02 81 19 254 23 2024 4 5 20 43 36
02 88 62 304 14 2024 4 5 20 43 36
06 36 19 176 37 2024 4 5 20 43 36
11 36 19 176 34 2024 4 5 20 43 36
07 21 35 146 27 2024 4 5 20 43 36
07 33 47 231 27 2024 4 5 20 43 36
12 21 35 146 20 2024 4 5 20 43 36
12 33 47 231 14 2024 4 5 20 43 36
01 05 10 181 40 2024 4 5 20 43 37
01 11 87 235 15 2024 4 5 20 43 37
01 20 39 161 31 2024 4 5 20 43 37
01 22 09 139 36 2024 4 5 20 43 37
01 24 18 226 13 2024 4 5 20 43 37
08 24 18 226 26 2024 4 5 20 43 37
02 81 19 254 24 2024 4 5 20 43 37
06 36 19 176 38 2024 4 5 20 43 37
11 36 19 176 34 2024 4 5 20 43 37
07 21 35 146 27 2024 4 5 20 43 37
07 33 47 231 27 2024 4 5 20 43 37
12 21 35 146 20 2024 4 5 20 43 37
12 33 47 231 14 2024 4 5 20 43 37
01 05 10 181 40 2024 4 5 20 43 38
01 11 87 235 16 2024 4 5 20 43 38
01 20 39 161 30 2024 4 5 20 43 38
01 22 09 139 36 2024 4 5 20 43 38
01 24 18 226 15 2024 4 5 20 43 38
08 24 18 226 27 2024 4 5 20 43 38
02 81 19 254 24 2024 4 5 20 43 38
02 88 62 304 05 2024 4 5 20 43 38
06 36 19 176 36 2024 4 5 20 43 38
11 36 19 176 34 2024 4 5 20 43 38
07 21 35 146 27 2024 4 5 20 43 38
07 33 47 231 27 2024 4 5 20 43 38
12 21 35 146 21 2024 4 5 20 43 38
12 33 47 231 17 2024 4 5 20 43 38
01 05 10 181 41 2024 4 5 20 43 39
01 11 87 235 16 2024 4 5 20 43 39
01 20 39 161 30 2024 4 5 20 43 39
01 22 09 139 36 2024 4 5 20 43 39
01 24 18 226 16 2024 4 5 20 43 39
08 24 18 226 27 2024 4 5 20 43 39
02 81 19 254 25 2024 4 5 20 43 39
02 88 62 304 08 2024 4 5 20 43 39
06 36 19 176 36 2024 4 5 20 43 39
11 36 19 176 34 2024 4 5 20 43 39
07 21 35 146 28 2024 4 5 20 43 39
07 33 47 231 27 2024 4 5 20 43 39
12 21 35 146 20 2024 4 5 20 43 39
12 33 47 231 16 2024 4 5 20 43 39
01 05 10 181 41 2024 4 5 20 43 40
01 11 87 235 18 2024 4 5 20 43 40
01 20 39 161 28 2024 4 5 20 43 40
01 22 09 139 36 2024 4 5 20 43 40
01 24 18 226 17 2024 4 5 20 43 40
08 24 18 226 27 2024 4 5 20 43 40
02 81 19 254 26 2024 4 5 20 43 40
02 88 62 304 09 2024 4 5 20 43 40
06 36 19 176 36 2024 4 5 20 43 40
11 36 19 176 34 2024 4 5 20 43 40
07 21 35 146 28 2024 4 5 20 43 40
07 33 47 231 26 2024 4 5 20 43 40
12 21 35 146 20 2024 4 5 20 43 40
12 33 47 231 16 2024 4 5 20 43 40
01 05 10 181 41 2024 4 5 20 43 41
01 11 87 235 17 2024 4 5 20 43 41
01 20 39 161 30 2024 4 5 20 43 41
01 22 09 139 37 2024 4 5 20 43 41
01 24 18 226 14 2024 4 5 20 43 41
08 24 18 226 27 2024 4 5 20 43 41
02 81 19 254 26 2024 4 5 20 43 41
02 88 62 304 14 2024 4 5 20 43 41
06 36 19 176 36 2024 4 5 20 43 41
11 36 19 176 34 2024 4 5 20 43 41
07 21 35 146 29 2024 4 5 20 43 41
07 33 47 231 26 2024 4 5 20 43 41
12 21 35 146 21 2024 4 5 20 43 41
12 33 47 231 17 2024 4 5 20 43 41
01 05 10 181 41 2024 4 5 20 43 42
01 11 87 235 16 2024 4 5 20 43 42
01 20 39 161 31 2024 4 5 20 43 42
01 22 09 139 36 2024 4 5 20 43 42
01 24 18 226 15 2024 4 5 20 43 42
08 24 18 226 26 2024 4 5 20 43 42
02 81 19 254 26 2024 4 5 20 43 42
06 36 19 176 36 2024 4 5 20 43 42
11 36 19 176 34 2024 4 5 20 43 42
07 21 35 146 29 2024 4 5 20 43 42
07 33 47 231 26 2024 4 5 20 43 42
12 21 35 146 21 2024 4 5 20 43 42
12 33 47 231 15 2024 4 5 20 43 42
01 05 10 181 41 2024 4 5 20 43 43
01 11 87 236 16 2024 4 5 20 43 43
01 20 39 161 32 2024 4 5 20 43 43
01 22 09 139 36 2024 4 5 20 43 43
01 24 18 226 15 2024 4 5 20 43 43
08 24 18 226 27 2024 4 5 20 43 43
02 81 19 254 26 2024 4 5 20 43 43
06 36 19 176 37 2024 4 5 20 43 43
11 36 19 176 34 2024 4 5 20 43 43
07 21 35 146 29 2024 4 5 20 43 43
07 33 47 231 27 2024 4 5 20 43 43
12 21 35 146 20 2024 4 5 20 43 43
12 33 47 231 17 2024 4 5 20 43 43
01 05 10 181 41 2024 4 5 20 43 44
01 11 87 236 17 2024 4 5 20 43 44
01 20 39 161 32 2024 4 5 20 43 44
01 22 09 139 36 2024 4 5 20 43 44
01 24 18 226 16 2024 4 5 20 43 44
08 24 18 226 27 2024 4 5 20 43 44
02 81 19 254 27 2024 4 5 20 43 44
02 88 62 304 08 2024 4 5 20 43 44
06 36 19 176 37 2024 4 5 20 43 44
11 36 19 176 33 2024 4 5 20 43 44
07 21 35 146 29 2024 4 5 20 43 44
07 33 47 231 27 2024 4 5 20 43 44
12 21 35 146 19 2024 4 5 20 43 44
12 33 47 231 17 2024 4 5 20 43 44
01 05 10 181 41 2024 4 5 20 43 45
01 11 87 236 15 2024 4 5 20 43 45
01 20 39 161 31 2024 4 5 20 43 45
01 22 09 139 36 2024 4 5 20 43 45
01 24 18 226 18 2024 4 5 20 43 45
08 24 18 226 28 2024 4 5 20 43 45
02 81 19 254 27 2024 4 5 20 43 45
06 36 19 176 37 2024 4 5 20 43 45
11 36 19 176 33 2024 4 5 20 43 45
07 21 35 146 29 2024 4 5 20 43 45
07 33 47 231 27 2024 4 5 20 43 45
12 21 35 146 19 2024 4 5 20 43 45
12 33 47 231 18 2024 4 5 20 43 45
01 05 10 181 40 2024 4 5 20 43 46
01 11 87 236 14 2024 4 5 20 43 46
01 20 39 161 32 2024 4 5 20 43 46
01 22 09 139 35 2024 4 5 20 43 46
01 24 18 226 14 2024 4 5 20 43 46
08 24 18 226 28 2024 4 5 20 43 46
02 81 19 254 27 2024 4 5 20 43 46
02 88 62 304 08 2024 4 5 20 43 46
06 36 19 176 37 2024 4 5 20 43 46
11 36 19 176 34 2024 4 5 20 43 46
07 21 35 146 29 2024 4 5 20 43 46
07 33 47 231 27 2024 4 5 20 43 46
12 21 35 146 18 2024 4 5 20 43 46
12 33 47 231 15 2024 4 5 20 43 46
01 05 10 181 41 2024 4 5 20 43 47
01 20 39 161 31 2024 4 5 20 43 47
01 22 09 139 36 2024 4 5 20 43 47
01 24 18 226 20 2024 4 5 20 43 47
08 24 18 226 27 2024 4 5 20 43 47
02 81 19 254 28 2024 4 5 20 43 47
02 88 62 304 13 2024 4 5 20 43 47
06 36 19 176 37 2024 4 5 20 43 47
11 36 19 176 34 2024 4 5 20 43 47
07 21 35 146 29 2024 4 5 20 43 47
07 33 47 231 27 2024 4 5 20 43 47
12 21 35 146 18 2024 4 5 20 43 47
12 33 47 231 18 2024 4 5 20 43 47
01 05 10 181 41 2024 4 5 20 43 48
01 20 39 161 31 2024 4 5 20 43 48
01 22 09 139 36 2024 4 5 20 43 48
01 24 18 226 21 2024 4 5 20 43 48
08 24 18 226 27 2024 4 5 20 43 48
02 81 19 254 28 2024 4 5 20 43 48
02 88 62 304 04 2024 4 5 20 43 48
06 36 18 176 37 2024 4 5 20 43 48
11 36 18 176 34 2024 4 5 20 43 48
07 21 35 146 29 2024 4 5 20 43 48
07 33 47 231 27 2024 4 5 20 43 48
12 21 35 146 18 2024 4 5 20 43 48
12 33 47 231 16 2024 4 5 20 43 48
01 05 10 181 41 2024 4 5 20 43 49
01 11 87 236 12 2024 4 5 20 43 49
01 20 39 161 31 2024 4 5 20 43 49
01 22 09 139 36 2024 4 5 20 43 49
01 24 18 226 21 2024 4 5 20 43 49
08 24 18 226 27 2024 4 5 20 43 49
02 81 19 254 28 2024 4 5 20 43 49
06 36 18 176 37 2024 4 5 20 43 49
11 36 18 176 34 2024 4 5 20 43 49
07 21 35 146 28 2024 4 5 20 43 49
07 33 47 231 27 2024 4 5 20 43 49
12 21 35 146 18 2024 4 5 20 43 49
12 33 47 231 18 2024 4 5 20 43 49
01 05 10 181 41 2024 4 5 20 43 50
01 11 87 236 07 2024 4 5 20 43 50
01 20 39 161 31 2024 4 5 20 43 50
01 22 09 139 36 2024 4 5 20 43 50
01 24 18 226 15 2024 4 5 20 43 50
08 24 18 226 27 2024 4 5 20 43 50
02 81 19 254 28 2024 4 5 20 43 50
02 88 62 304 02 2024 4 5 20 43 50
06 36 18 176 36 2024 4 5 20 43 50
11 36 18 176 34 2024 4 5 20 43 50
07 21 35 146 29 2024 4 5 20 43 50
07 33 47 231 27 2024 4 5 20 43 50
12 21 35 146 18 2024 4 5 20 43 50
12 33 47 231 18 2024 4 5 20 43 50
01 05 10 181 41 2024 4 5 20 43 51
01 11 87 236 13 2024 4 5 20 43 51
01 20 39 161 30 2024 4 5 20 43 51
01 22 09 139 36 2024 4 5 20 43 51
01 24 18 226 15 2024 4 5 20 43 51
08 24 18 226 27 2024 4 5 20 43 51
02 81 19 254 29 2024 4 5 20 43 51
06 36 18 176 36 2024 4 5 20 43 51
11 36 18 176 34 2024 4 5 20 43 51
07 21 35 146 28 2024 4 5 20 43 51
07 33 47 231 27 2024 4 5 20 43 51
12 21 35 146 16 2024 4 5 20 43 51
12 33 47 231 18 2024 4 5 20 43 51
01 05 10 181 41 2024 4 5 20 43 52
01 11 87 236 11 2024 4 5 20 43 52
01 20 39 161 31 2024 4 5 20 43 52
01 22 09 139 36 2024 4 5 20 43 52
01 24 18 226 16 2024 4 5 20 43 52
08 24 18 226 27 2024 4 5 20 43 52
02 81 19 254 28 2024 4 5 20 43 52
06 36 18 176 36 2024 4 5 20 43 52
11 36 18 176 34 2024 4 5 20 43 52
07 21 35 146 28 2024 4 5 20 43 52
07 33 47 231 26 2024 4 5 20 43 52
12 21 35 146 17 2024 4 5 20 43 52
12 33 47 231 20 2024 4 5 20 43 52
01 05 10 181 41 2024 4 5 20 43 53
01 11 87 236 07 2024 4 5 20 43 53
01 20 39 161 31 2024 4 5 20 43 53
01 22 09 139 37 2024 4 5 20 43 53
01 24 18 226 20 2024 4 5 20 43 53
08 24 18 226 27 2024 4 5 20 43 53
02 81 19 254 27 2024 4 5 20 43 53
06 36 18 176 36 2024 4 5 20 43 53
11 36 18 176 34 2024 4 5 20 43 53
07 21 35 146 29 2024 4 5 20 43 53
07 33 47 231 25 2024 4 5 20 43 53
12 21 35 146 19 2024 4 5 20 43 53
12 33 47 231 19 2024 4 5 20 43 53
01 05 10 181 40 2024 4 5 20 43 54
01 11 87 236 06 2024 4 5 20 43 54
01 20 39 161 31 2024 4 5 20 43 54
01 22 09 139 36 2024 4 5 20 43 54
01 24 18 226 11 2024 4 5 20 43 54
08 24 18 226 26 2024 4 5 20 43 54
02 81 19 254 27 2024 4 5 20 43 54
02 88 62 304 10 2024 4 5 20 43 54
06 36 18 176 36 2024 4 5 20 43 54
11 36 18 176 34 2024 4 5 20 43 54
07 21 35 146 29 2024 4 5 20 43 54
07 33 47 231 25 2024 4 5 20 43 54
12 21 35 146 18 2024 4 5 20 43 54
12 33 47 231 16 2024 4 5 20 43 54
01 05 10 181 41 2024 4 5 20 43 55
01 11 87 236 10 2024 4 5 20 43 55
01 20 39 161 32 2024 4 5 20 43 55
01 22 09 139 36 2024 4 5 20 43 55
01 24 18 226 15 2024 4 5 20 43 55
08 24 18 226 26 2024 4 5 20 43 55
02 81 19 254 26 2024 4 5 20 43 55
02 88 62 304 10 2024 4 5 20 43 55
06 36 18 176 35 2024 4 5 20 43 55
11 36 18 176 34 2024 4 5 20 43 55
07 21 35 146 29 2024 4 5 20 43 55
07 33 47 231 26 2024 4 5 20 43 55
12 21 35 146 19 2024 4 5 20 43 55
12 33 47 231 16 2024 4 5 20 43 55
01 05 10 181 41 2024 4 5 20 43 56
01 20 39 161 31 2024 4 5 20 43 56
01 22 09 139 36 2024 4 5 20 43 56
01 24 18 226 07 2024 4 5 20 43 56
08 24 18 226 25 2024 4 5 20 43 56
02 81 19 254 26 2024 4 5 20 43 56
02 88 62 304 08 2024 4 5 20 43 56
06 36 18 176 35 2024 4 5 20 43 56
11 36 18 176 34 2024 4 5 20 43 56
07 21 35 146 28 2024 4 5 20 43 56
07 33 47 231 25 2024 4 5 20 43 56
12 21 35 146 19 2024 4 5 20 43 56
12 33 47 231 18 2024 4 5 20 43 56
01 05 10 181 41 2024 4 5 20 43 57
01 11 87 237 11 2024 4 5 20 43 57
01 20 39 161 31 2024 4 5 20 43 57
01 22 09 139 37 2024 4 5 20 43 57
01 24 18 225 15 2024 4 5 20 43 57
08 24 18 225 26 2024 4 5 20 43 57
02 81 19 254 25 2024 4 5 20 43 57
06 36 18 176 35 2024 4 5 20 43 57
11 36 18 176 34 2024 4 5 20 43 57
07 21 35 146 28 2024 4 5 20 43 57
07 33 47 231 25 2024 4 5 20 43 57
12 21 35 146 20 2024 4 5 20 43 57
12 33 47 231 17 2024 4 5 20 43 57
01 05 10 181 40 2024 4 5 20 43 58
01 11 87 237 11 2024 4 5 20 43 58
01 20 39 161 31 2024 4 5 20 43 58
01 22 09 139 37 2024 4 5 20 43 58
01 24 18 225 17 2024 4 5 20 43 58
08 24 18 225 26 2024 4 5 20 43 58
02 81 19 254 23 2024 4 5 20 43 58
02 88 62 304 10 2024 4 5 20 43 58
06 36 18 176 34 2024 4 5 20 43 58
11 36 18 176 34 2024 4 5 20 43 58
07 21 35 146 28 2024 4 5 20 43 58
07 33 47 231 25 2024 4 5 20 43 58
12 21 35 146 21 2024 4 5 20 43 58
12 33 47 231 19 2024 4 5 20 43 58
01 05 10 181 41 2024 4 5 20 43 59
01 11 87 237 16 2024 4 5 20 43 59
01 20 39 161 32 2024 4 5 20 43 59
01 22 09 139 37 2024 4 5 20 43 59
01 24 18 225 19 2024 4 5 20 43 59
08 24 18 225 27 2024 4 5 20 43 59
02 81 19 254 23 2024 4 5 20 43 59
06 36 18 176 35 2024 4 5 20 43 59
11 36 18 176 34 2024 4 5 20 43 59
07 21 35 146 28 2024 4 5 20 43 59
07 33 47 231 26 2024 4 5 20 43 59
12 21 35 146 18 2024 4 5 20 43 59
12 33 47 231 18 2024 4 5 20 43 59
01 05 10 181 40 2024 4 5 20 44 0
01 11 87 237 16 2024 4 5 20 44 0
01 20 39 161 31 2024 4 5 20 44 0
01 22 09 139 37 2024 4 5 20 44 0
01 24 18 225 13 2024 4 5 20 44 0
08 24 18 225 29 2024 4 5 20 44 0
02 81 19 254 22 2024 4 5 20 44 0
06 36 18 176 35 2024 4 5 20 44 0
11 36 18 176 34 2024 4 5 20 44 0
07 21 35 146 28 2024 4 5 20 44 0
07 33 47 231 25 2024 4 5 20 44 0
12 21 35 146 20 2024 4 5 20 44 0
12 33 47 231 17 2024 4 5 20 44 0
01 05 10 181 41 2024 4 5 20 44 1
01 11 87 237 17 2024 4 5 20 44 1
01 20 39 161 31 2024 4 5 20 44 1
01 22 09 139 37 2024 4 5 20 44 1
01 24 18 225 11 2024 4 5 20 44 1
08 24 18 225 28 2024 4 5 20 44 1
02 81 19 254 22 2024 4 5 20 44 1
06 36 18 176 36 2024 4 5 20 44 1
11 36 18 176 34 2024 4 5 20 44 1
07 21 35 146 28 2024 4 5 20 44 1
07 33 47 231 25 2024 4 5 20 44 1
12 21 35 146 18 2024 4 5 20 44 1
12 33 47 231 17 2024 4 5 20 44 1
01 05 10 181 41 2024 4 5 20 44 2
01 11 87 237 17 2024 4 5 20 44 2
01 20 39 161 31 2024 4 5 20 44 2
01 22 09 139 36 2024 4 5 20 44 2
01 24 18 225 13 2024 4 5 20 44 2
08 24 18 225 28 2024 4 5 20 44 2
02 81 19 254 22 2024 4 5 20 44 2
06 36 18 176 36 2024 4 5 20 44 2
11 36 18 176 34 2024 4 5 20 44 2
07 21 35 146 28 2024 4 5 20 44 2
07 33 47 231 25 2024 4 5 20 44 2
12 21 35 146 18 2024 4 5 20 44 2
12 33 47 231 18 2024 4 5 20 44 2
01 05 10 181 41 2024 4 5 20 44 3
01 11 87 237 15 2024 4 5 20 44 3
01 20 39 161 31 2024 4 5 20 44 3
01 22 09 139 36 2024 4 5 20 44 3
01 24 18 225 10 2024 4 5 20 44 3
08 24 18 225 27 2024 4 5 20 44 3
02 81 19 254 22 2024 4 5 20 44 3
02 88 62 305 09 2024 4 5 20 44 3
06 36 18 176 36 2024 4 5 20 44 3
11 36 18 176 34 2024 4 5 20 44 3
07 21 35 146 29 2024 4 5 20 44 3
07 33 47 231 24 2024 4 5 20 44 3
12 21 35 146 18 2024 4 5 20 44 3
12 33 47 231 17 2024 4 5 20 44 3
01 05 10 181 40 2024 4 5 20 44 4
01 11 87 237 13 2024 4 5 20 44 4
01 20 39 161 31 2024 4 5 20 44 4
01 22 09 139 36 2024 4 5 20 44 4
01 24 18 225 09 2024 4 5 20 44 4
08 24 18 225 28 2024 4 5 20 44 4
02 81 19 254 23 2024 4 5 20 44 4
02 88 62 305 07 2024 4 5 20 44 4
06 36 18 176 36 2024 4 5 20 44 4
11 36 18 176 34 2024 4 5 20 44 4
07 21 35 146 28 2024 4 5 20 44 4
07 33 47 231 25 2024 4 5 20 44 4
12 21 35 146 16 2024 4 5 20 44 4
12 33 47 231 18 2024 4 5 20 44 4
01 05 10 181 41 2024 4 5 20 44 5
01 11 87 237 16 2024 4 5 20 44 5
01 20 39 161 32 2024 4 5 20 44 5
01 22 09 139 36 2024 4 5 20 44 5
01 24 18 225 16 2024 4 5 20 44 5
08 24 18 225 26 2024 4 5 20 44 5
02 81 19 254 24 2024 4 5 20 44 5
02 88 62 305 14 2024 4 5 20 44 5
06 36 18 176 36 2024 4 5 20 44 5
11 36 18 176 34 2024 4 5 20 44 5
07 21 35 146 28 2024 4 5 20 44 5
07 33 47 231 25 2024 4 5 20 44 5
12 21 35 146 19 2024 4 5 20 44 5
12 33 47 231 19 2024 4 5 20 44 5
01 05 10 181 40 2024 4 5 20 44 6
01 11 87 237 16 2024 4 5 20 44 6
01 20 39 161 33 2024 4 5 20 44 6
01 22 09 139 35 2024 4 5 20 44 6
01 24 18 225 14 2024 4 5 20 44 6
08 24 18 225 26 2024 4 5 20 44 6
02 81 19 254 25 2024 4 5 20 44 6
02 88 62 305 07 2024 4 5 20 44 6
06 36 18 176 36 2024 4 5 20 44 6
11 36 18 176 34 2024 4 5 20 44 6
07 21 35 146 28 2024 4 5 20 44 6
07 33 47 231 25 2024 4 5 20 44 6
12 21 35 146 19 2024 4 5 20 44 6
12 33 47 231 20 2024 4 5 20 44 6
01 05 10 181 40 2024 4 5 20 44 7
01 11 87 237 16 2024 4 5 20 44 7
01 20 39 161 33 2024 4 5 20 44 7
01 22 09 139 36 2024 4 5 20 44 7
01 24 18 225 15 2024 4 5 20 44 7
08 24 18 225 27 2024 4 5 20 44 7
02 81 19 254 24 2024 4 5 20 44 7
06 36 18 176 36 2024 4 5 20 44 7
11 36 18 176 34 2024 4 5 20 44 7
07 21 35 146 28 2024 4 5 20 44 7
07 33 47 231 25 2024 4 5 20 44 7
12 21 35 146 18 2024 4 5 20 44 7
12 33 47 231 20 2024 4 5 20 44 7
01 05 10 181 40 2024 4 5 20 44 8
01 11 87 237 14 2024 4 5 20 44 8
01 20 39 161 33 2024 4 5 20 44 8
01 22 09 139 35 2024 4 5 20 44 8
01 24 18 225 18 2024 4 5 20 44 8
08 24 18 225 26 2024 4 5 20 44 8
02 81 19 254 22 2024 4 5 20 44 8
06 36 18 176 36 2024 4 5 20 44 8
11 36 18 176 34 2024 4 5 20 44 8
07 21 35 146 28 2024 4 5 20 44 8
07 33 47 231 25 2024 4 5 20 44 8
12 21 35 146 18 2024 4 5 20 44 8
12 33 47 231 19 2024 4 5 20 44 8
01 05 10 181 41 2024 4 5 20 44 9
01 11 88 238 17 2024 4 5 20 44 9
01 20 39 161 34 2024 4 5 20 44 9
01 22 09 139 36 2024 4 5 20 44 9
01 24 18 225 19 2024 4 5 20 44 9
08 24 18 225 26 2024 4 5 20 44 9
02 81 19 254 22 2024 4 5 20 44 9
02 88 62 305 06 2024 4 5 20 44 9
06 36 18 176 37 2024 4 5 20 44 9
11 36 18 176 34 2024 4 5 20 44 9
07 21 35 146 28 2024 4 5 20 44 9
07 33 47 231 25 2024 4 5 20 44 9
12 21 35 146 19 2024 4 5 20 44 9
12 33 47 231 18 2024 4 5 20 44 9
01 05 10 181 40 2024 4 5 20 44 10
01 11 88 238 14 2024 4 5 20 44 10
01 20 39 161 33 2024 4 5 20 44 10
01 22 09 139 36 2024 4 5 20 44 10
01 24 18 225 20 2024 4 5 20 44 10
08 24 18 225 25 2024 4 5 20 44 10
02 81 19 254 23 2024 4 5 20 44 10
06 36 18 176 37 2024 4 5 20 44 10
11 36 18 176 34 2024 4 5 20 44 10
07 21 35 146 28 2024 4 5 20 44 10
07 33 47 231 25 2024 4 5 20 44 10
12 21 35 146 19 2024 4 5 20 44 10
12 33 47 231 19 2024 4 5 20 44 10
01 05 10 181 40 2024 4 5 20 44 11
01 11 88 238 15 2024 4 5 20 44 11
01 20 39 161 33 2024 4 5 20 44 11
01 22 09 139 36 2024 4 5 20 44 11
01 24 18 225 18 2024 4 5 20 44 11
08 24 18 225 25 2024 4 5 20 44 11
02 81 19 255 23 2024 4 5 20 44 11
06 36 18 176 35 2024 4 5 20 44 11
11 36 18 176 34 2024 4 5 20 44 11
07 21 35 146 28 2024 4 5 20 44 11
07 33 47 231 25 2024 4 5 20 44 11
12 21 35 146 20 2024 4 5 20 44 11
12 33 47 231 19 2024 4 5 20 44 11
01 05 10 181 40 2024 4 5 20 44 12
01 11 88 238 16 2024 4 5 20 44 12
01 20 39 161 33 2024 4 5 20 44 12
01 22 09 139 35 2024 4 5 20 44 12
01 24 18 225 18 2024 4 5 20 44 12
08 24 18 225 25 2024 4 5 20 44 12
02 81 19 255 23 2024 4 5 20 44 12
06 36 18 176 36 2024 4 5 20 44 12
11 36 18 176 34 2024 4 5 20 44 12
07 21 35 146 28 2024 4 5 20 44 12
07 33 47 231 24 2024 4 5 20 44 12
12 21 35 146 18 2024 4 5 20 44 12
12 33 47 231 18 2024 4 5 20 44 12
01 05 10 181 40 2024 4 5 20 44 13
01 11 88 238 12 2024 4 5 20 44 13
01 20 39 161 33 2024 4 5 20 44 13
01 22 09 139 34 2024 4 5 20 44 13
01 24 18 225 18 2024 4 5 20 44 13
08 24 18 225 26 2024 4 5 20 44 13
02 81 19 255 22 2024 4 5 20 44 13
02 88 62 305 10 2024 4 5 20 44 13
06 36 18 176 36 2024 4 5 20 44 13
11 36 18 176 35 2024 4 5 20 44 13
07 21 35 146 28 2024 4 5 20 44 13
07 33 47 231 25 2024 4 5 20 44 13
12 21 35 146 21 2024 4 5 20 44 13
12 33 47 231 18 2024 4 5 20 44 13
01 05 10 181 40 2024 4 5 20 44 14
01 11 88 238 16 2024 4 5 20 44 14
01 20 39 161 33 2024 4 5 20 44 14
01 22 09 139 34 2024 4 5 20 44 14
01 24 18 225 20 2024 4 5 20 44 14
08 24 18 225 27 2024 4 5 20 44 14
02 81 19 255 22 2024 4 5 20 44 14
02 88 62 305 02 2024 4 5 20 44 14
06 36 18 176 35 2024 4 5 20 44 14
11 36 18 176 35 2024 4 5 20 44 14
07 21 35 146 27 2024 4 5 20 44 14
07 33 47 231 25 2024 4 5 20 44 14
12 21 35 146 18 2024 4 5 20 44 14
12 33 47 231 18 2024 4 5 20 44 14
01 05 10 181 40 2024 4 5 20 44 15
01 11 88 238 16 2024 4 5 20 44 15
01 20 39 161 33 2024 4 5 20 44 15
01 22 09 139 34 2024 4 5 20 44 15
01 24 18 225 19 2024 4 5 20 44 15
08 24 18 225 26 2024 4 5 20 44 15
02 81 19 255 21 2024 4 5 20 44 15
06 36 18 176 36 2024 4 5 20 44 15
11 36 18 176 34 2024 4 5 20 44 15
07 21 35 146 27 2024 4 5 20 44 15
07 33 47 231 26 2024 4 5 20 44 15
12 21 35 146 19 2024 4 5 20 44 15
12 33 47 231 18 2024 4 5 20 44 15
01 05 10 181 40 2024 4 5 20 44 16
01 11 88 238 18 2024 4 5 20 44 16
01 20 39 161 33 2024 4 5 20 44 16
01 22 09 139 32 2024 4 5 20 44 16
01 24 18 225 20 2024 4 5 20 44 16
08 24 18 225 26 2024 4 5 20 44 16
02 81 19 255 21 2024 4 5 20 44 16
02 88 62 305 11 2024 4 5 20 44 16
06 36 18 176 35 2024 4 5 20 44 16
11 36 18 176 34 2024 4 5 20 44 16
07 21 35 146 27 2024 4 5 20 44 16
07 33 47 231 27 2024 4 5 20 44 16
12 21 35 146 18 2024 4 5 20 44 16
12 33 47 231 16 2024 4 5 20 44 16
01 05 10 181 40 2024 4 5 20 44 17
01 11 88 238 15 2024 4 5 20 44 17
01 20 39 161 33 2024 4 5 20 44 17
01 22 09 139 33 2024 4 5 20 44 17
01 24 18 225 19 2024 4 5 20 44 17
08 24 18 225 25 2024 4 5 20 44 17
02 81 19 255 21 2024 4 5 20 44 17
02 88 62 305 09 2024 4 5 20 44 17
06 36 18 176 35 2024 4 5 20 44 17
11 36 18 176 34 2024 4 5 20 44 17
07 21 35 146 26 2024 4 5 20 44 17
07 33 47 231 27 2024 4 5 20 44 17
12 21 35 146 18 2024 4 5 20 44 17
12 33 47 231 17 2024 4 5 20 44 17
01 05 10 181 40 2024 4 5 20 44 18
01 11 88 238 15 2024 4 5 20 44 18
01 20 39 161 33 2024 4 5 20 44 18
01 22 09 139 33 2024 4 5 20 44 18
01 24 18 225 16 2024 4 5 20 44 18
08 24 18 225 26 2024 4 5 20 44 18
02 81 19 255 21 2024 4 5 20 44 18
02 88 62 305 08 2024 4 5 20 44 18
06 36 18 176 36 2024 4 5 20 44 18
11 36 18 176 34 2024 4 5 20 44 18
07 21 35 146 26 2024 4 5 20 44 18
07 33 47 231 27 2024 4 5 20 44 18
12 21 35 146 19 2024 4 5 20 44 18
12 33 47 231 18 2024 4 5 20 44 18
01 05 10 181 40 2024 4 5 20 44 19
01 11 88 238 17 2024 4 5 20 44 19
01 20 39 161 33 2024 4 5 20 44 19
01 22 09 139 33 2024 4 5 20 44 19
01 24 18 225 16 2024 4 5 20 44 19
08 24 18 225 25 2024 4 5 20 44 19
02 81 19 255 22 2024 4 5 20 44 19
02 88 62 305 02 2024 4 5 20 44 19
06 36 18 176 37 2024 4 5 20 44 19
11 36 18 176 34 2024 4 5 20 44 19
07 21 35 146 26 2024 4 5 20 44 19
07 33 47 231 28 2024 4 5 20 44 19
12 21 35 146 20 2024 4 5 20 44 19
12 33 47 231 18 2024 4 5 20 44 19
01 05 10 181 39 2024 4 5 20 44 20
01 11 88 238 17 2024 4 5 20 44 20
01 20 39 161 32 2024 4 5 20 44 20
01 22 09 139 33 2024 4 5 20 44 20
01 24 18 225 21 2024 4 5 20 44 20
08 24 18 225 24 2024 4 5 20 44 20
02 81 19 255 23 2024 4 5 20 44 20
02 88 62 305 10 2024 4 5 20 44 20
06 36 18 176 36 2024 4 5 20 44 20
11 36 18 176 34 2024 4 5 20 44 20
07 21 35 146 26 2024 4 5 20 44 20
07 33 47 231 28 2024 4 5 20 44 20
12 21 35 146 20 2024 4 5 20 44 20
12 33 47 231 19 2024 4 5 20 44 20
01 05 10 181 40 2024 4 5 20 44 21
01 11 88 238 17 2024 4 5 20 44 21
01 20 39 161 32 2024 4 5 20 44 21
01 22 09 139 32 2024 4 5 20 44 21
01 24 18 225 22 2024 4 5 20 44 21
08 24 18 225 24 2024 4 5 20 44 21
02 81 19 255 22 2024 4 5 20 44 21
06 36 18 176 36 2024 4 5 20 44 21
11 36 18 176 34 2024 4 5 20 44 21
07 21 35 146 26 2024 4 5 20 44 21
07 33 47 231 28 2024 4 5 20 44 21
12 21 35 146 19 2024 4 5 20 44 21
12 33 47 231 19 2024 4 5 20 44 21
01 05 10 181 40 2024 4 5 20 44 22
01 11 88 240 15 2024 4 5 20 44 22
01 20 39 161 32 2024 4 5 20 44 22
01 22 09 139 33 2024 4 5 20 44 22
01 24 18 225 20 2024 4 5 20 44 22
08 24 18 225 24 2024 4 5 20 44 22
02 81 19 255 22 2024 4 5 20 44 22
02 88 62 305 04 2024 4 5 20 44 22
06 36 18 176 36 2024 4 5 20 44 22
11 36 18 176 34 2024 4 5 20 44 22
07 21 35 146 26 2024 4 5 20 44 22
07 33 47 231 28 2024 4 5 20 44 22
12 21 35 146 17 2024 4 5 20 44 22
12 33 47 231 18 2024 4 5 20 44 22
01 05 10 181 40 2024 4 5 20 44 23
01 11 88 240 08 2024 4 5 20 44 23
01 20 39 161 32 2024 4 5 20 44 23
01 22 09 139 34 2024 4 5 20 44 23
01 24 18 225 21 2024 4 5 20 44 23
08 24 18 225 24 2024 4 5 20 44 23
02 81 19 255 22 2024 4 5 20 44 23
06 36 18 176 36 2024 4 5 20 44 23
11 36 18 176 34 2024 4 5 20 44 23
07 21 35 146 25 2024 4 5 20 44 23
07 33 47 231 27 2024 4 5 20 44 23
12 21 35 146 18 2024 4 5 20 44 23
12 33 47 231 18 2024 4 5 20 44 23
01 05 10 181 40 2024 4 5 20 44 24
01 11 88 240 05 2024 4 5 20 44 24
01 20 39 161 31 2024 4 5 20 44 24
01 22 09 139 33 2024 4 5 20 44 24
01 24 18 225 19 2024 4 5 20 44 24
08 24 18 225 24 2024 4 5 20 44 24
02 81 19 255 22 2024 4 5 20 44 24
06 36 18 176 36 2024 4 5 20 44 24
11 36 18 176 35 2024 4 5 20 44 24
07 21 35 146 26 2024 4 5 20 44 24
07 33 47 231 27 2024 4 5 20 44 24
12 21 35 146 18 2024 4 5 20 44 24
12 33 47 231 19 2024 4 5 20 44 24
01 05 10 181 39 2024 4 5 20 44 25
01 11 88 240 08 2024 4 5 20 44 25
01 20 39 161 30 2024 4 5 20 44 25
01 22 09 139 33 2024 4 5 20 44 25
01 24 18 225 19 2024 4 5 20 44 25
08 24 18 225 24 2024 4 5 20 44 25
02 81 19 255 20 2024 4 5 20 44 25
06 36 18 176 37 2024 4 5 20 44 25
11 36 18 176 35 2024 4 5 20 44 25
07 21 35 146 25 2024 4 5 20 44 25
07 33 47 231 27 2024 4 5 20 44 25
12 21 35 146 14 2024 4 5 20 44 25
12 33 47 231 18 2024 4 5 20 44 25
01 05 10 181 40 2024 4 5 20 44 26
01 11 88 240 12 2024 4 5 20 44 26
01 20 39 161 30 2024 4 5 20 44 26
01 22 09 139 33 2024 4 5 20 44 26
01 24 18 225 20 2024 4 5 20 44 26
08 24 18 225 22 2024 4 5 20 44 26
02 81 19 255 19 2024 4 5 20 44 26
02 88 62 305 05 2024 4 5 20 44 26
06 36 18 176 36 2024 4 5 20 44 26
11 36 18 176 35 2024 4 5 20 44 26
07 21 35 146 25 2024 4 5 20 44 26
07 33 47 231 27 2024 4 5 20 44 26
12 21 35 146 13 2024 4 5 20 44 26
12 33 47 231 19 2024 4 5 20 44 26
01 05 10 181 40 2024 4 5 20 44 27
01 11 88 240 12 2024 4 5 20 44 27
01 20 39 161 30 2024 4 5 20 44 27
01 22 09 139 34 2024 4 5 20 44 27
01 24 18 225 24 2024 4 5 20 44 27
08 24 18 225 21 2024 4 5 20 44 27
02 81 19 255 19 2024 4 5 20 44 27
06 36 18 176 36 2024 4 5 20 44 27
11 36 18 176 35 2024 4 5 20 44 27
07 21 35 146 25 2024 4 5 20 44 27
07 33 47 231 27 2024 4 5 20 44 27
12 21 35 146 17 2024 4 5 20 44 27
12 33 47 231 17 2024 4 5 20 44 27
01 05 10 181 39 2024 4 5 20 44 28
01 11 88 240 14 2024 4 5 20 44 28
01 20 39 161 30 2024 4 5 20 44 28
01 22 09 139 33 2024 4 5 20 44 28
01 24 18 225 22 2024 4 5 20 44 28
08 24 18 225 22 2024 4 5 20 44 28
02 81 19 255 18 2024 4 5 20 44 28
06 36 18 176 36 2024 4 5 20 44 28
11 36 18 176 35 2024 4 5 20 44 28
07 21 35 146 24 2024 4 5 20 44 28
07 33 47 231 27 2024 4 5 20 44 28
12 21 35 146 14 2024 4 5 20 44 28
12 33 47 231 18 2024 4 5 20 44 28
01 05 10 181 40 2024 4 5 20 44 29
01 11 88 240 15 2024 4 5 20 44 29
01 20 39 161 30 2024 4 5 20 44 29
01 22 09 139 32 2024 4 5 20 44 29
01 24 18 225 23 2024 4 5 20 44 29
08 24 18 225 22 2024 4 5 20 44 29
02 81 19 255 19 2024 4 5 20 44 29
02 88 62 305 11 2024 4 5 20 44 29
06 36 18 176 36 2024 4 5 20 44 29
11 36 18 176 35 2024 4 5 20 44 29
07 21 35 146 24 2024 4 5 20 44 29
07 33 47 231 27 2024 4 5 20 44 29
12 21 35 146 12 2024 4 5 20 44 29
12 33 47 231 19 2024 4 5 20 44 29
01 05 10 181 39 2024 4 5 20 44 30
01 11 88 240 17 2024 4 5 20 44 30
01 20 39 161 31 2024 4 5 20 44 30
01 22 09 139 31 2024 4 5 20 44 30
01 24 18 225 21 2024 4 5 20 44 30
08 24 18 225 23 2024 4 5 20 44 30
02 81 19 255 19 2024 4 5 20 44 30
02 88 62 305 08 2024 4 5 20 44 30
06 36 18 176 37 2024 4 5 20 44 30
11 36 18 176 35 2024 4 5 20 44 30
07 21 35 146 25 2024 4 5 20 44 30
07 33 47 231 27 2024 4 5 20 44 30
12 21 35 146 15 2024 4 5 20 44 30
12 33 47 231 20 2024 4 5 20 44 30
01 05 10 181 40 2024 4 5 20 44 31
01 11 88 240 17 2024 4 5 20 44 31
01 20 39 161 31 2024 4 5 20 44 31
01 22 09 139 32 2024 4 5 20 44 31
01 24 18 225 24 2024 4 5 20 44 31
08 24 18 225 22 2024 4 5 20 44 31
02 81 19 255 20 2024 4 5 20 44 31
02 88 62 305 02 2024 4 5 20 44 31
06 36 18 176 36 2024 4 5 20 44 31
11 36 18 176 34 2024 4 5 20 44 31
07 21 35 146 24 2024 4 5 20 44 31
07 33 47 231 27 2024 4 5 20 44 31
12 21 35 146 14 2024 4 5 20 44 31
12 33 47 231 18 2024 4 5 20 44 31
01 05 10 181 40 2024 4 5 20 44 32
01 11 88 240 20 2024 4 5 20 44 32
01 20 39 161 31 2024 4 5 20 44 32
01 22 09 139 33 2024 4 5 20 44 32
01 24 18 225 23 2024 4 5 20 44 32
08 24 18 225 21 2024 4 5 20 44 32
02 81 19 255 19 2024 4 5 20 44 32
06 36 18 176 36 2024 4 5 20 44 32
10 45 51 228 13 2024 4 5 20 44 32
11 36 18 176 35 2024 4 5 20 44 32
07 21 35 146 23 2024 4 5 20 44 32
07 33 47 231 27 2024 4 5 20 44 32
12 21 35 146 06 2024 4 5 20 44 32
12 33 47 231 18 2024 4 5 20 44 32
01 05 10 181 40 2024 4 5 20 44 33
01 11 88 240 20 2024 4 5 20 44 33
01 20 39 161 31 2024 4 5 20 44 33
01 22 09 139 33 2024 4 5 20 44 33
01 24 18 225 23 2024 4 5 20 44 33
08 24 18 225 21 2024 4 5 20 44 33
02 81 19 255 23 2024 4 5 20 44 33
06 36 18 176 37 2024 4 5 20 44 33
10 45 51 228 25 2024 4 5 20 44 33
11 36 18 176 35 2024 4 5 20 44 33
07 21 35 146 23 2024 4 5 20 44 33
07 33 47 231 28 2024 4 5 20 44 33
12 21 35 146 09 2024 4 5 20 44 33
12 33 47 231 18 2024 4 5 20 44 33
01 05 11 181 40 2024 4 5 20 44 34
01 11 88 241 20 2024 4 5 20 44 34
01 20 39 161 31 2024 4 5 20 44 34
01 22 09 139 32 2024 4 5 20 44 34
01 24 18 225 23 2024 4 5 20 44 34
08 24 18 225 21 2024 4 5 20 44 34
02 81 19 255 24 2024 4 5 20 44 34
06 36 18 176 37 2024 4 5 20 44 34
10 45 51 228 24 2024 4 5 20 44 34
11 36 18 176 35 2024 4 5 20 44 34
07 21 35 146 22 2024 4 5 20 44 34
07 33 47 231 28 2024 4 5 20 44 34
12 21 35 146 10 2024 4 5 20 44 34
12 33 47 231 18 2024 4 5 20 44 34
01 05 11 181 40 2024 4 5 20 44 35
01 11 88 241 20 2024 4 5 20 44 35
01 20 39 161 30 2024 4 5 20 44 35
01 22 09 139 33 2024 4 5 20 44 35
01 24 18 225 24 2024 4 5 20 44 35
08 24 18 225 21 2024 4 5 20 44 35
02 81 19 255 24 2024 4 5 20 44 35
06 36 18 176 37 2024 4 5 20 44 35
10 45 51 228 25 2024 4 5 20 44 35
11 36 18 176 35 2024 4 5 20 44 35
07 21 35 146 22 2024 4 5 20 44 35
07 33 47 231 28 2024 4 5 20 44 35
12 21 35 146 09 2024 4 5 20 44 35
12 33 47 231 19 2024 4 5 20 44 35
01 05 11 181 40 2024 4 5 20 44 36
01 11 88 241 18 2024 4 5 20 44 36
01 20 39 161 29 2024 4 5 20 44 36
01 22 09 139 32 2024 4 5 20 44 36
01 24 18 225 21 2024 4 5 20 44 36
08 24 18 225 21 2024 4 5 20 44 36
02 81 19 255 25 2024 4 5 20 44 36
06 36 18 176 37 2024 4 5 20 44 36
10 45 51 228 25 2024 4 5 20 44 36
11 36 18 176 35 2024 4 5 20 44 36
07 21 35 146 21 2024 4 5 20 44 36
07 33 47 231 28 2024 4 5 20 44 36
12 21 35 146 12 2024 4 5 20 44 36
12 33 47 231 17 2024 4 5 20 44 36
01 05 11 181 39 2024 4 5 20 44 37
01 11 88 241 18 2024 4 5 20 44 37
01 20 39 161 29 2024 4 5 20 44 37
01 22 09 139 32 2024 4 5 20 44 37
01 24 18 225 23 2024 4 5 20 44 37
08 24 18 225 21 2024 4 5 20 44 37
02 81 19 255 26 2024 4 5 20 44 37
06 36 18 176 37 2024 4 5 20 44 37
10 45 51 228 24 2024 4 5 20 44 37
11 36 18 176 35 2024 4 5 20 44 37
11 45 51 228 17 2024 4 5 20 44 37
07 21 35 146 21 2024 4 5 20 44 37
07 33 47 231 28 2024 4 5 20 44 37
12 21 35 146 11 2024 4 5 20 44 37
12 33 47 231 18 2024 4 5 20 44 37
01 05 11 181 39 2024 4 5 20 44 38
01 11 88 241 18 2024 4 5 20 44 38
01 20 39 161 29 2024 4 5 20 44 38
01 22 09 139 32 2024 4 5 20 44 38
01 24 18 225 25 2024 4 5 20 44 38
08 24 18 225 20 2024 4 5 20 44 38
02 81 19 255 26 2024 4 5 20 44 38
06 36 18 176 37 2024 4 5 20 44 38
10 36 18 176 21 2024 4 5 20 44 38
10 45 51 228 25 2024 4 5 20 44 38
11 36 18 176 35 2024 4 5 20 44 38
11 45 51 228 17 2024 4 5 20 44 38
07 21 35 146 21 2024 4 5 20 44 38
07 33 47 231 28 2024 4 5 20 44 38
12 21 35 146 05 2024 4 5 20 44 38
12 33 47 231 18 2024 4 5 20 44 38
01 05 11 181 39 2024 4 5 20 44 39
01 11 88 241 19 2024 4 5 20 44 39
01 20 39 161 30 2024 4 5 20 44 39
01 22 09 139 30 2024 4 5 20 44 39
01 24 18 225 23 2024 4 5 20 44 39
08 24 18 225 20 2024 4 5 20 44 39
02 81 19 255 24 2024 4 5 20 44 39
06 36 18 176 37 2024 4 5 20 44 39
10 36 18 176 26 2024 4 5 20 44 39
10 45 51 227 26 2024 4 5 20 44 39
11 36 18 176 35 2024 4 5 20 44 39
11 45 51 227 19 2024 4 5 20 44 39
07 21 35 146 21 2024 4 5 20 44 39
07 33 47 231 28 2024 4 5 20 44 39
12 33 47 231 17 2024 4 5 20 44 39
01 05 11 181 39 2024 4 5 20 44 40
01 11 88 241 18 2024 4 5 20 44 40
01 20 39 161 30 2024 4 5 20 44 40
01 22 09 139 30 2024 4 5 20 44 40
01 24 18 225 25 2024 4 5 20 44 40
08 24 18 225 20 2024 4 5 20 44 40
02 81 19 255 24 2024 4 5 20 44 40
06 36 18 176 37 2024 4 5 20 44 40
10 36 18 176 26 2024 4 5 20 44 40
10 45 51 227 25 2024 4 5 20 44 40
11 36 18 176 35 2024 4 5 20 44 40
11 45 51 227 20 2024 4 5 20 44 40
07 21 35 146 21 2024 4 5 20 44 40
07 33 47 231 27 2024 4 5 20 44 40
12 21 35 146 15 2024 4 5 20 44 40
12 33 47 231 19 2024 4 5 20 44 40
01 05 11 181 38 2024 4 5 20 44 41
01 11 88 241 19 2024 4 5 20 44 41
01 20 39 161 31 2024 4 5 20 44 41
01 22 09 139 30 2024 4 5 20 44 41
01 24 18 225 23 2024 4 5 20 44 41
08 24 18 225 19 2024 4 5 20 44 41
02 81 19 255 23 2024 4 5 20 44 41
06 36 18 176 37 2024 4 5 20 44 41
10 36 18 176 27 2024 4 5 20 44 41
10 45 51 227 26 2024 4 5 20 44 41
11 36 18 176 35 2024 4 5 20 44 41
11 45 51 227 19 2024 4 5 20 44 41
07 21 34 146 21 2024 4 5 20 44 41
07 33 47 231 27 2024 4 5 20 44 41
12 21 34 146 16 2024 4 5 20 44 41
12 33 47 231 18 2024 4 5 20 44 41
01 05 11 181 38 2024 4 5 20 44 42
01 11 88 241 20 2024 4 5 20 44 42
01 20 39 161 31 2024 4 5 20 44 42
01 22 09 139 30 2024 4 5 20 44 42
01 24 18 225 23 2024 4 5 20 44 42
08 24 18 225 22 2024 4 5 20 44 42
02 81 19 255 23 2024 4 5 20 44 42
06 36 18 176 37 2024 4 5 20 44 42
10 36 18 176 27 2024 4 5 20 44 42
10 45 51 227 25 2024 4 5 20 44 42
11 36 18 176 35 2024 4 5 20 44 42
11 45 51 227 23 2024 4 5 20 44 42
07 21 34 146 23 2024 4 5 20 44 42
07 33 47 232 27 2024 4 5 20 44 42
12 21 34 146 18 2024 4 5 20 44 42
12 33 47 232 19 2024 4 5 20 44 42
01 05 11 181 38 2024 4 5 20 44 43
01 11 88 241 20 2024 4 5 20 44 43
01 20 39 161 31 2024 4 5 20 44 43
01 22 09 139 30 2024 4 5 20 44 43
01 24 18 225 19 2024 4 5 20 44 43
08 24 18 225 20 2024 4 5 20 44 43
02 81 19 255 22 2024 4 5 20 44 43
06 36 18 176 37 2024 4 5 20 44 43
10 36 18 176 28 2024 4 5 20 44 43
10 45 51 227 25 2024 4 5 20 44 43
11 36 18 176 35 2024 4 5 20 44 43
11 45 51 227 22 2024 4 5 20 44 43
07 21 34 146 24 2024 4 5 20 44 43
07 33 47 232 28 2024 4 5 20 44 43
12 21 34 146 15 2024 4 5 20 44 43
12 33 47 232 19 2024 4 5 20 44 43
01 05 11 181 38 2024 4 5 20 44 44
01 11 88 241 19 2024 4 5 20 44 44
01 20 39 161 30 2024 4 5 20 44 44
01 22 09 139 29 2024 4 5 20 44 44
01 24 18 225 20 2024 4 5 20 44 44
08 24 18 225 19 2024 4 5 20 44 44
02 81 19 255 21 2024 4 5 20 44 44
06 36 18 176 37 2024 4 5 20 44 44
10 36 18 176 28 2024 4 5 20 44 44
10 45 51 227 25 2024 4 5 20 44 44
11 36 18 176 35 2024 4 5 20 44 44
11 45 51 227 21 2024 4 5 20 44 44
07 21 34 146 24 2024 4 5 20 44 44
07 33 47 232 28 2024 4 5 20 44 44
12 21 34 146 15 2024 4 5 20 44 44
12 33 47 232 20 2024 4 5 20 44 44
01 05 11 181 38 2024 4 5 20 44 45
01 11 88 241 19 2024 4 5 20 44 45
01 20 39 161 31 2024 4 5 20 44 45
01 22 09 139 30 2024 4 5 20 44 45
01 24 18 225 21 2024 4 5 20 44 45
08 24 18 225 22 2024 4 5 20 44 45
02 81 19 255 21 2024 4 5 20 44 45
06 36 18 176 37 2024 4 5 20 44 45
10 36 18 176 28 2024 4 5 20 44 45
10 45 51 227 26 2024 4 5 20 44 45
11 36 18 176 35 2024 4 5 20 44 45
11 45 51 227 21 2024 4 5 20 44 45
07 21 34 146 24 2024 4 5 20 44 45
07 33 47 232 28 2024 4 5 20 44 45
12 21 34 146 17 2024 4 5 20 44 45
12 33 47 232 19 2024 4 5 20 44 45
01 05 11 181 38 2024 4 5 20 44 46
01 11 88 241 18 2024 4 5 20 44 46
01 20 39 161 32 2024 4 5 20 44 46
01 22 09 139 30 2024 4 5 20 44 46
01 24 18 225 23 2024 4 5 20 44 46
08 24 18 225 22 2024 4 5 20 44 46
02 81 19 255 22 2024 4 5 20 44 46
06 36 18 176 37 2024 4 5 20 44 46
10 36 18 176 29 2024 4 5 20 44 46
10 45 51 227 25 2024 4 5 20 44 46
11 36 18 176 34 2024 4 5 20 44 46
11 45 51 227 20 2024 4 5 20 44 46
07 21 34 146 25 2024 4 5 20 44 46
07 33 47 232 28 2024 4 5 20 44 46
12 21 34 146 15 2024 4 5 20 44 46
12 33 47 232 20 2024 4 5 20 44 46
01 05 11 181 38 2024 4 5 20 44 47
01 11 88 243 17 2024 4 5 20 44 47
01 20 39 161 31 2024 4 5 20 44 47
01 22 09 139 30 2024 4 5 20 44 47
01 24 18 225 24 2024 4 5 20 44 47
08 24 18 225 22 2024 4 5 20 44 47
02 81 19 255 22 2024 4 5 20 44 47
06 36 18 176 37 2024 4 5 20 44 47
10 36 18 176 29 2024 4 5 20 44 47
10 45 51 227 25 2024 4 5 20 44 47
11 36 18 176 34 2024 4 5 20 44 47
11 45 51 227 20 2024 4 5 20 44 47
07 21 34 146 26 2024 4 5 20 44 47
07 33 47 232 28 2024 4 5 20 44 47
12 21 34 146 18 2024 4 5 20 44 47
12 33 47 232 20 2024 4 5 20 44 47
01 05 11 181 37 2024 4 5 20 44 48
01 11 88 243 16 2024 4 5 20 44 48
01 20 39 161 30 2024 4 5 20 44 48
01 22 09 140 28 2024 4 5 20 44 48
01 24 17 225 26 2024 4 5 20 44 48
08 24 17 225 21 2024 4 5 20 44 48
02 81 19 255 21 2024 4 5 20 44 48
06 36 18 176 36 2024 4 5 20 44 48
10 36 18 176 30 2024 4 5 20 44 48
10 45 51 227 24 2024 4 5 20 44 48
11 36 18 176 34 2024 4 5 20 44 48
11 45 51 227 20 2024 4 5 20 44 48
07 21 34 146 26 2024 4 5 20 44 48
07 33 47 232 28 2024 4 5 20 44 48
12 21 34 146 18 2024 4 5 20 44 48
12 33 47 232 20 2024 4 5 20 44 48
01 05 11 181 37 2024 4 5 20 44 49
01 11 88 243 16 2024 4 5 20 44 49
01 20 39 161 30 2024 4 5 20 44 49
01 22 09 140 28 2024 4 5 20 44 49
01 24 17 225 24 2024 4 5 20 44 49
08 24 17 225 21 2024 4 5 20 44 49
02 81 19 255 21 2024 4 5 20 44 49
06 36 18 176 37 2024 4 5 20 44 49
10 36 18 176 30 2024 4 5 20 44 49
10 45 51 227 24 2024 4 5 20 44 49
11 36 18 176 34 2024 4 5 20 44 49
11 45 51 227 19 2024 4 5 20 44 49
07 21 34 146 26 2024 4 5 20 44 49
07 33 47 232 28 2024 4 5 20 44 49
12 21 34 146 16 2024 4 5 20 44 49
12 33 47 232 20 2024 4 5 20 44 49
01 05 11 181 36 2024 4 5 20 44 50
01 11 88 243 19 2024 4 5 20 44 50
01 20 39 161 30 2024 4 5 20 44 50
01 22 09 140 27 2024 4 5 20 44 50
01 24 17 225 23 2024 4 5 20 44 50
08 24 17 225 20 2024 4 5 20 44 50
02 81 19 255 20 2024 4 5 20 44 50
06 36 18 176 37 2024 4 5 20 44 50
10 36 18 176 30 2024 4 5 20 44 50
10 45 51 227 25 2024 4 5 20 44 50
11 36 18 176 34 2024 4 5 20 44 50
11 45 51 227 19 2024 4 5 20 44 50
07 21 34 146 26 2024 4 5 20 44 50
07 33 47 232 28 2024 4 5 20 44 50
12 21 34 146 12 2024 4 5 20 44 50
12 33 47 232 21 2024 4 5 20 44 50
01 05 11 181 36 2024 4 5 20 44 51
01 11 88 243 17 2024 4 5 20 44 51
01 20 39 161 31 2024 4 5 20 44 51
01 22 09 140 26 2024 4 5 20 44 51
01 24 17 225 23 2024 4 5 20 44 51
08 24 17 225 18 2024 4 5 20 44 51
02 81 19 255 22 2024 4 5 20 44 51
06 36 18 176 37 2024 4 5 20 44 51
10 36 18 176 31 2024 4 5 20 44 51
10 45 51 227 26 2024 4 5 20 44 51
11 36 18 176 34 2024 4 5 20 44 51
11 45 51 227 18 2024 4 5 20 44 51
07 21 34 146 25 2024 4 5 20 44 51
07 33 47 232 28 2024 4 5 20 44 51
12 21 34 146 12 2024 4 5 20 44 51
12 33 47 232 21 2024 4 5 20 44 51
01 05 11 181 35 2024 4 5 20 44 52
01 11 88 243 17 2024 4 5 20 44 52
01 20 39 161 31 2024 4 5 20 44 52
01 22 09 140 26 2024 4 5 20 44 52
01 24 17 225 24 2024 4 5 20 44 52
08 24 17 225 19 2024 4 5 20 44 52
02 81 19 255 22 2024 4 5 20 44 52
06 36 18 176 36 2024 4 5 20 44 52
10 36 18 176 30 2024 4 5 20 44 52
10 45 51 227 25 2024 4 5 20 44 52
11 36 18 176 33 2024 4 5 20 44 52
11 45 51 227 19 2024 4 5 20 44 52
07 21 34 146 25 2024 4 5 20 44 52
07 33 47 232 28 2024 4 5 20 44 52
12 21 34 146 11 2024 4 5 20 44 52
12 33 47 232 20 2024 4 5 20 44 52
01 05 11 181 35 2024 4 5 20 44 53
01 11 88 243 17 2024 4 5 20 44 53
01 20 39 161 31 2024 4 5 20 44 53
01 22 09 140 24 2024 4 5 20 44 53
01 24 17 225 23 2024 4 5 20 44 53
08 24 17 225 20 2024 4 5 20 44 53
02 81 19 255 23 2024 4 5 20 44 53
06 36 18 176 36 2024 4 5 20 44 53
10 36 18 176 30 2024 4 5 20 44 53
10 45 51 227 25 2024 4 5 20 44 53
11 36 18 176 33 2024 4 5 20 44 53
11 45 51 227 19 2024 4 5 20 44 53
07 21 34 146 24 2024 4 5 20 44 53
07 33 47 232 29 2024 4 5 20 44 53
12 21 34 146 14 2024 4 5 20 44 53
12 33 47 232 19 2024 4 5 20 44 53
01 05 11 181 35 2024 4 5 20 44 54
01 11 88 243 17 2024 4 5 20 44 54
01 20 39 161 31 2024 4 5 20 44 54
01 22 09 140 22 2024 4 5 20 44 54
01 24 17 225 21 2024 4 5 20 44 54
08 24 17 225 20 2024 4 5 20 44 54
02 81 19 255 23 2024 4 5 20 44 54
06 36 18 176 36 2024 4 5 20 44 54
10 36 18 176 30 2024 4 5 20 44 54
10 45 51 227 24 2024 4 5 20 44 54
11 36 18 176 33 2024 4 5 20 44 54
11 45 51 227 19 2024 4 5 20 44 54
07 21 34 146 24 2024 4 5 20 44 54
07 33 47 232 29 2024 4 5 20 44 54
12 21 34 146 14 2024 4 5 20 44 54
12 33 47 232 20 2024 4 5 20 44 54
01 05 11 181 35 2024 4 5 20 44 55
01 11 88 243 19 2024 4 5 20 44 55
01 20 39 161 32 2024 4 5 20 44 55
01 22 09 140 21 2024 4 5 20 44 55
01 24 17 225 23 2024 4 5 20 44 55
08 24 17 225 17 2024 4 5 20 44 55
02 81 19 255 23 2024 4 5 20 44 55
06 36 18 176 36 2024 4 5 20 44 55
10 36 18 176 31 2024 4 5 20 44 55
10 45 51 227 24 2024 4 5 20 44 55
11 36 18 176 33 2024 4 5 20 44 55
11 45 51 227 18 2024 4 5 20 44 55
07 21 34 146 25 2024 4 5 20 44 55
07 33 47 232 29 2024 4 5 20 44 55
12 21 34 146 15 2024 4 5 20 44 55
12 33 47 232 20 2024 4 5 20 44 55
01 05 11 181 34 2024 4 5 20 44 56
01 11 88 243 19 2024 4 5 20 44 56
01 20 39 161 31 2024 4 5 20 44 56
01 22 09 140 21 2024 4 5 20 44 56
01 24 17 225 24 2024 4 5 20 44 56
08 24 17 225 18 2024 4 5 20 44 56
02 81 19 255 23 2024 4 5 20 44 56
06 36 18 176 36 2024 4 5 20 44 56
10 36 18 176 30 2024 4 5 20 44 56
10 45 51 227 28 2024 4 5 20 44 56
11 36 18 176 33 2024 4 5 20 44 56
11 45 51 227 18 2024 4 5 20 44 56
07 21 34 146 26 2024 4 5 20 44 56
07 33 47 232 29 2024 4 5 20 44 56
12 21 34 146 15 2024 4 5 20 44 56
12 33 47 232 20 2024 4 5 20 44 56
01 05 11 181 35 2024 4 5 20 44 57
01 11 88 243 20 2024 4 5 20 44 57
01 20 39 161 31 2024 4 5 20 44 57
01 22 09 140 21 2024 4 5 20 44 57
01 24 17 225 23 2024 4 5 20 44 57
08 24 17 225 18 2024 4 5 20 44 57
02 81 19 255 23 2024 4 5 20 44 57
06 36 18 176 37 2024 4 5 20 44 57
10 36 18 176 30 2024 4 5 20 44 57
10 45 51 227 29 2024 4 5 20 44 57
11 36 18 176 33 2024 4 5 20 44 57
11 45 51 227 19 2024 4 5 20 44 57
07 21 34 146 26 2024 4 5 20 44 57
07 33 47 232 29 2024 4 5 20 44 57
12 21 34 146 14 2024 4 5 20 44 57
12 33 47 232 21 2024 4 5 20 44 57
01 05 11 181 34 2024 4 5 20 44 58
01 11 88 243 17 2024 4 5 20 44 58
01 20 39 161 31 2024 4 5 20 44 58
01 22 09 140 19 2024 4 5 20 44 58
01 24 17 225 24 2024 4 5 20 44 58
08 24 17 225 19 2024 4 5 20 44 58
02 81 19 255 23 2024 4 5 20 44 58
06 36 18 176 36 2024 4 5 20 44 58
10 36 18 176 31 2024 4 5 20 44 58
10 45 51 227 29 2024 4 5 20 44 58
11 36 18 176 33 2024 4 5 20 44 58
11 45 51 227 19 2024 4 5 20 44 58
07 21 34 146 26 2024 4 5 20 44 58
07 33 47 232 29 2024 4 5 20 44 58
12 21 34 146 14 2024 4 5 20 44 58
12 33 47 232 21 2024 4 5 20 44 58
01 05 11 181 35 2024 4 5 20 44 59
01 11 88 243 16 2024 4 5 20 44 59
01 20 39 161 32 2024 4 5 20 44 59
01 22 09 140 19 2024 4 5 20 44 59
01 24 17 225 25 2024 4 5 20 44 59
08 24 17 225 18 2024 4 5 20 44 59
02 81 19 255 24 2024 4 5 20 44 59
06 36 18 176 36 2024 4 5 20 44 59
10 36 18 176 31 2024 4 5 20 44 59
10 45 51 227 29 2024 4 5 20 44 59
11 36 18 176 33 2024 4 5 20 44 59
11 45 51 227 19 2024 4 5 20 44 59
07 21 34 146 26 2024 4 5 20 44 59
07 33 47 232 29 2024 4 5 20 44 59
12 21 34 146 16 2024 4 5 20 44 59
12 33 47 232 22 2024 4 5 20 44 59
