01 11 58 202 25 2024 4 5 19 45 0
01 14 09 130 30 2024 4 5 19 45 0
01 20 14 171 27 2024 4 5 19 45 0
01 22 32 125 22 2024 4 5 19 45 0
01 24 36 248 24 2024 4 5 19 45 0
08 14 09 130 34 2024 4 5 19 45 0
02 76 24 156 35 2024 4 5 19 45 0
02 88 47 249 24 2024 4 5 19 45 0
01 11 58 202 24 2024 4 5 19 45 1
01 14 09 130 30 2024 4 5 19 45 1
01 20 14 171 29 2024 4 5 19 45 1
01 22 32 125 23 2024 4 5 19 45 1
01 24 36 248 25 2024 4 5 19 45 1
08 14 09 130 34 2024 4 5 19 45 1
08 24 36 248 24 2024 4 5 19 45 1
02 76 24 156 34 2024 4 5 19 45 1
02 88 47 249 23 2024 4 5 19 45 1
01 11 58 202 24 2024 4 5 19 45 2
01 14 09 130 29 2024 4 5 19 45 2
01 20 14 171 31 2024 4 5 19 45 2
01 22 32 125 25 2024 4 5 19 45 2
01 24 36 248 25 2024 4 5 19 45 2
08 14 09 130 34 2024 4 5 19 45 2
08 24 36 248 25 2024 4 5 19 45 2
02 76 24 156 34 2024 4 5 19 45 2
02 88 47 249 24 2024 4 5 19 45 2
01 11 58 202 25 2024 4 5 19 45 3
01 14 09 130 29 2024 4 5 19 45 3
01 20 14 171 31 2024 4 5 19 45 3
01 22 32 125 27 2024 4 5 19 45 3
01 24 36 248 25 2024 4 5 19 45 3
08 14 09 130 34 2024 4 5 19 45 3
08 24 36 248 25 2024 4 5 19 45 3
02 76 24 156 34 2024 4 5 19 45 3
02 88 47 249 26 2024 4 5 19 45 3
01 11 58 202 24 2024 4 5 19 45 4
01 14 09 130 29 2024 4 5 19 45 4
01 20 14 171 30 2024 4 5 19 45 4
01 22 32 125 27 2024 4 5 19 45 4
01 24 36 248 23 2024 4 5 19 45 4
08 14 09 130 34 2024 4 5 19 45 4
08 24 36 248 26 2024 4 5 19 45 4
02 76 24 156 33 2024 4 5 19 45 4
02 88 47 249 25 2024 4 5 19 45 4
01 11 58 202 24 2024 4 5 19 45 5
01 14 09 130 29 2024 4 5 19 45 5
01 20 14 171 29 2024 4 5 19 45 5
01 22 32 125 27 2024 4 5 19 45 5
01 24 36 248 23 2024 4 5 19 45 5
08 14 09 130 34 2024 4 5 19 45 5
08 24 36 248 26 2024 4 5 19 45 5
02 76 24 156 33 2024 4 5 19 45 5
02 88 47 249 25 2024 4 5 19 45 5
01 11 58 202 24 2024 4 5 19 45 6
01 14 09 130 28 2024 4 5 19 45 6
01 20 14 171 29 2024 4 5 19 45 6
01 22 32 125 27 2024 4 5 19 45 6
01 24 36 248 22 2024 4 5 19 45 6
08 14 09 130 35 2024 4 5 19 45 6
08 24 36 248 25 2024 4 5 19 45 6
02 76 24 156 33 2024 4 5 19 45 6
02 88 47 249 26 2024 4 5 19 45 6
01 11 58 202 22 2024 4 5 19 45 7
01 14 09 130 27 2024 4 5 19 45 7
01 20 14 171 29 2024 4 5 19 45 7
01 22 32 125 28 2024 4 5 19 45 7
01 24 36 248 23 2024 4 5 19 45 7
08 14 09 130 35 2024 4 5 19 45 7
08 24 36 248 25 2024 4 5 19 45 7
02 76 24 156 33 2024 4 5 19 45 7
02 88 47 249 26 2024 4 5 19 45 7
01 11 58 202 22 2024 4 5 19 45 8
01 14 09 130 27 2024 4 5 19 45 8
01 20 14 171 29 2024 4 5 19 45 8
01 22 32 125 26 2024 4 5 19 45 8
01 24 36 248 24 2024 4 5 19 45 8
08 14 09 130 35 2024 4 5 19 45 8
08 24 36 248 26 2024 4 5 19 45 8
02 76 24 156 32 2024 4 5 19 45 8
02 88 47 249 26 2024 4 5 19 45 8
01 11 58 202 24 2024 4 5 19 45 9
01 14 09 130 27 2024 4 5 19 45 9
01 20 14 171 30 2024 4 5 19 45 9
01 22 32 125 26 2024 4 5 19 45 9
01 24 36 248 23 2024 4 5 19 45 9
08 14 09 130 35 2024 4 5 19 45 9
08 24 36 248 26 2024 4 5 19 45 9
02 76 24 156 33 2024 4 5 19 45 9
02 88 47 249 25 2024 4 5 19 45 9
01 11 58 202 24 2024 4 5 19 45 10
01 14 09 130 27 2024 4 5 19 45 10
01 20 14 171 30 2024 4 5 19 45 10
01 22 32 125 25 2024 4 5 19 45 10
01 24 36 248 23 2024 4 5 19 45 10
08 14 09 130 35 2024 4 5 19 45 10
08 24 36 248 26 2024 4 5 19 45 10
02 76 24 156 33 2024 4 5 19 45 10
02 88 47 249 24 2024 4 5 19 45 10
01 11 58 202 23 2024 4 5 19 45 11
01 14 09 130 27 2024 4 5 19 45 11
01 20 14 171 31 2024 4 5 19 45 11
01 22 32 125 26 2024 4 5 19 45 11
01 24 36 248 23 2024 4 5 19 45 11
08 14 09 130 35 2024 4 5 19 45 11
08 24 36 248 26 2024 4 5 19 45 11
02 76 24 156 34 2024 4 5 19 45 11
02 88 47 249 24 2024 4 5 19 45 11
01 11 58 202 22 2024 4 5 19 45 12
01 14 09 130 27 2024 4 5 19 45 12
01 20 14 171 31 2024 4 5 19 45 12
01 22 32 125 27 2024 4 5 19 45 12
01 24 36 248 23 2024 4 5 19 45 12
08 14 09 130 35 2024 4 5 19 45 12
08 24 36 248 26 2024 4 5 19 45 12
02 76 24 156 34 2024 4 5 19 45 12
02 88 47 249 23 2024 4 5 19 45 12
01 11 58 202 24 2024 4 5 19 45 13
01 14 09 130 27 2024 4 5 19 45 13
01 20 14 171 32 2024 4 5 19 45 13
01 22 32 125 28 2024 4 5 19 45 13
01 24 36 248 21 2024 4 5 19 45 13
08 14 09 130 35 2024 4 5 19 45 13
08 24 36 248 26 2024 4 5 19 45 13
02 76 24 156 34 2024 4 5 19 45 13
02 88 47 249 22 2024 4 5 19 45 13
01 11 58 202 26 2024 4 5 19 45 14
01 14 09 130 29 2024 4 5 19 45 14
01 20 14 171 31 2024 4 5 19 45 14
01 22 32 125 28 2024 4 5 19 45 14
01 24 36 248 20 2024 4 5 19 45 14
08 14 09 130 35 2024 4 5 19 45 14
08 24 36 248 26 2024 4 5 19 45 14
02 76 24 156 34 2024 4 5 19 45 14
02 88 47 249 21 2024 4 5 19 45 14
01 11 58 202 26 2024 4 5 19 45 15
01 14 09 130 27 2024 4 5 19 45 15
01 20 14 171 31 2024 4 5 19 45 15
01 22 32 125 29 2024 4 5 19 45 15
01 24 36 248 20 2024 4 5 19 45 15
08 14 09 130 35 2024 4 5 19 45 15
08 24 36 248 26 2024 4 5 19 45 15
02 76 24 156 35 2024 4 5 19 45 15
02 88 47 249 22 2024 4 5 19 45 15
01 11 58 202 25 2024 4 5 19 45 16
01 14 09 130 26 2024 4 5 19 45 16
01 20 14 171 32 2024 4 5 19 45 16
01 22 32 125 28 2024 4 5 19 45 16
01 24 36 248 21 2024 4 5 19 45 16
08 14 09 130 35 2024 4 5 19 45 16
08 24 36 248 26 2024 4 5 19 45 16
02 76 24 156 35 2024 4 5 19 45 16
02 88 47 249 23 2024 4 5 19 45 16
01 11 58 202 24 2024 4 5 19 45 17
01 14 09 130 25 2024 4 5 19 45 17
01 20 14 171 32 2024 4 5 19 45 17
01 22 32 125 29 2024 4 5 19 45 17
01 24 36 248 22 2024 4 5 19 45 17
08 14 09 130 35 2024 4 5 19 45 17
08 24 36 248 26 2024 4 5 19 45 17
02 76 24 156 34 2024 4 5 19 45 17
02 88 47 249 23 2024 4 5 19 45 17
01 11 58 202 25 2024 4 5 19 45 18
01 14 09 130 25 2024 4 5 19 45 18
01 20 14 171 33 2024 4 5 19 45 18
01 22 32 125 28 2024 4 5 19 45 18
01 24 36 248 21 2024 4 5 19 45 18
08 14 09 130 35 2024 4 5 19 45 18
08 24 36 248 26 2024 4 5 19 45 18
02 76 24 156 35 2024 4 5 19 45 18
02 88 47 249 24 2024 4 5 19 45 18
01 11 58 202 23 2024 4 5 19 45 19
01 14 09 130 25 2024 4 5 19 45 19
01 20 14 171 33 2024 4 5 19 45 19
01 22 32 125 28 2024 4 5 19 45 19
01 24 36 248 21 2024 4 5 19 45 19
08 14 09 130 35 2024 4 5 19 45 19
08 24 36 248 26 2024 4 5 19 45 19
02 76 24 156 34 2024 4 5 19 45 19
02 88 47 249 23 2024 4 5 19 45 19
01 06 76 072 14 2024 4 5 19 45 20
01 11 58 202 24 2024 4 5 19 45 20
01 14 09 130 26 2024 4 5 19 45 20
01 19 50 053 14 2024 4 5 19 45 20
01 20 14 171 33 2024 4 5 19 45 20
01 22 32 125 27 2024 4 5 19 45 20
01 24 36 248 24 2024 4 5 19 45 20
08 14 09 130 35 2024 4 5 19 45 20
08 24 36 248 25 2024 4 5 19 45 20
02 76 24 156 33 2024 4 5 19 45 20
02 88 47 249 23 2024 4 5 19 45 20
01 06 76 072 15 2024 4 5 19 45 21
01 11 58 202 25 2024 4 5 19 45 21
01 14 09 130 24 2024 4 5 19 45 21
01 19 50 053 15 2024 4 5 19 45 21
01 20 14 171 33 2024 4 5 19 45 21
01 22 32 125 29 2024 4 5 19 45 21
01 24 36 248 26 2024 4 5 19 45 21
08 14 09 130 35 2024 4 5 19 45 21
08 24 36 248 26 2024 4 5 19 45 21
02 76 24 156 33 2024 4 5 19 45 21
02 88 47 249 21 2024 4 5 19 45 21
01 06 76 072 14 2024 4 5 19 45 22
01 11 58 202 22 2024 4 5 19 45 22
01 14 09 130 23 2024 4 5 19 45 22
01 19 50 053 14 2024 4 5 19 45 22
01 20 14 171 34 2024 4 5 19 45 22
01 22 32 125 27 2024 4 5 19 45 22
01 24 36 248 26 2024 4 5 19 45 22
08 14 09 130 35 2024 4 5 19 45 22
08 24 36 248 26 2024 4 5 19 45 22
02 76 24 156 34 2024 4 5 19 45 22
02 88 47 249 21 2024 4 5 19 45 22
01 06 76 072 11 2024 4 5 19 45 23
01 11 58 202 24 2024 4 5 19 45 23
01 14 09 130 22 2024 4 5 19 45 23
01 19 50 053 17 2024 4 5 19 45 23
01 20 14 171 35 2024 4 5 19 45 23
01 22 32 125 29 2024 4 5 19 45 23
01 24 36 248 25 2024 4 5 19 45 23
08 14 09 130 35 2024 4 5 19 45 23
08 24 36 248 26 2024 4 5 19 45 23
02 76 24 156 34 2024 4 5 19 45 23
02 88 47 249 20 2024 4 5 19 45 23
07 33 27 214 19 2024 4 5 19 45 23
01 11 58 202 23 2024 4 5 19 45 24
01 14 09 130 23 2024 4 5 19 45 24
01 19 50 053 14 2024 4 5 19 45 24
01 20 14 171 35 2024 4 5 19 45 24
01 22 32 125 30 2024 4 5 19 45 24
01 24 36 248 25 2024 4 5 19 45 24
08 14 09 130 35 2024 4 5 19 45 24
08 24 36 248 25 2024 4 5 19 45 24
02 76 24 156 34 2024 4 5 19 45 24
02 88 47 249 18 2024 4 5 19 45 24
07 33 27 214 23 2024 4 5 19 45 24
01 11 58 202 25 2024 4 5 19 45 25
01 14 09 130 23 2024 4 5 19 45 25
01 19 50 053 06 2024 4 5 19 45 25
01 20 14 171 35 2024 4 5 19 45 25
01 22 32 125 29 2024 4 5 19 45 25
01 24 36 248 27 2024 4 5 19 45 25
08 14 09 130 34 2024 4 5 19 45 25
08 24 36 248 26 2024 4 5 19 45 25
02 76 24 156 34 2024 4 5 19 45 25
02 88 47 249 19 2024 4 5 19 45 25
07 33 27 214 22 2024 4 5 19 45 25
01 06 76 072 04 2024 4 5 19 45 26
01 11 58 202 26 2024 4 5 19 45 26
01 14 09 130 23 2024 4 5 19 45 26
01 19 50 053 12 2024 4 5 19 45 26
01 20 14 170 34 2024 4 5 19 45 26
01 22 32 125 30 2024 4 5 19 45 26
01 24 36 247 27 2024 4 5 19 45 26
08 14 09 130 34 2024 4 5 19 45 26
08 24 36 247 26 2024 4 5 19 45 26
02 76 24 156 34 2024 4 5 19 45 26
02 88 47 249 20 2024 4 5 19 45 26
07 33 27 214 23 2024 4 5 19 45 26
01 11 58 202 25 2024 4 5 19 45 27
01 14 09 130 25 2024 4 5 19 45 27
01 19 50 053 04 2024 4 5 19 45 27
01 20 14 170 34 2024 4 5 19 45 27
01 22 32 125 30 2024 4 5 19 45 27
01 24 36 247 27 2024 4 5 19 45 27
08 14 09 130 35 2024 4 5 19 45 27
08 24 36 247 26 2024 4 5 19 45 27
02 76 24 156 34 2024 4 5 19 45 27
02 88 47 249 22 2024 4 5 19 45 27
07 33 27 214 23 2024 4 5 19 45 27
01 06 76 072 02 2024 4 5 19 45 28
01 11 58 202 24 2024 4 5 19 45 28
01 14 09 130 24 2024 4 5 19 45 28
01 20 14 170 34 2024 4 5 19 45 28
01 22 32 125 30 2024 4 5 19 45 28
01 24 36 247 27 2024 4 5 19 45 28
08 14 09 130 36 2024 4 5 19 45 28
08 24 36 247 26 2024 4 5 19 45 28
02 76 23 156 35 2024 4 5 19 45 28
02 88 47 249 21 2024 4 5 19 45 28
07 33 27 214 21 2024 4 5 19 45 28
01 11 58 202 23 2024 4 5 19 45 29
01 14 09 130 24 2024 4 5 19 45 29
01 19 50 053 10 2024 4 5 19 45 29
01 20 14 170 34 2024 4 5 19 45 29
01 22 32 125 30 2024 4 5 19 45 29
01 24 36 247 26 2024 4 5 19 45 29
08 14 09 130 35 2024 4 5 19 45 29
08 24 36 247 26 2024 4 5 19 45 29
02 76 23 156 34 2024 4 5 19 45 29
02 88 47 249 15 2024 4 5 19 45 29
07 33 27 214 20 2024 4 5 19 45 29
12 33 27 214 07 2024 4 5 19 45 29
01 06 76 072 09 2024 4 5 19 45 30
01 11 58 202 24 2024 4 5 19 45 30
01 14 09 130 27 2024 4 5 19 45 30
01 19 50 053 12 2024 4 5 19 45 30
01 20 14 170 33 2024 4 5 19 45 30
01 22 32 125 31 2024 4 5 19 45 30
01 24 36 247 25 2024 4 5 19 45 30
08 14 09 130 35 2024 4 5 19 45 30
08 24 36 247 24 2024 4 5 19 45 30
02 76 23 156 34 2024 4 5 19 45 30
02 88 47 249 17 2024 4 5 19 45 30
07 33 27 214 20 2024 4 5 19 45 30
12 33 27 214 20 2024 4 5 19 45 30
01 06 76 072 08 2024 4 5 19 45 31
01 11 58 202 24 2024 4 5 19 45 31
01 14 09 130 28 2024 4 5 19 45 31
01 19 50 053 16 2024 4 5 19 45 31
01 20 14 170 34 2024 4 5 19 45 31
01 22 32 125 30 2024 4 5 19 45 31
01 24 36 247 24 2024 4 5 19 45 31
08 14 09 130 35 2024 4 5 19 45 31
08 24 36 247 25 2024 4 5 19 45 31
02 76 23 156 33 2024 4 5 19 45 31
02 88 47 249 17 2024 4 5 19 45 31
07 33 27 214 21 2024 4 5 19 45 31
12 33 27 214 24 2024 4 5 19 45 31
01 06 76 072 05 2024 4 5 19 45 32
01 11 58 202 24 2024 4 5 19 45 32
01 14 09 130 27 2024 4 5 19 45 32
01 19 50 053 16 2024 4 5 19 45 32
01 20 14 170 34 2024 4 5 19 45 32
01 22 32 125 30 2024 4 5 19 45 32
01 24 36 247 24 2024 4 5 19 45 32
08 14 09 130 35 2024 4 5 19 45 32
08 24 36 247 25 2024 4 5 19 45 32
02 76 23 156 33 2024 4 5 19 45 32
02 88 47 249 17 2024 4 5 19 45 32
07 33 27 214 22 2024 4 5 19 45 32
12 33 27 214 25 2024 4 5 19 45 32
01 06 76 072 08 2024 4 5 19 45 33
01 11 58 202 25 2024 4 5 19 45 33
01 14 09 130 27 2024 4 5 19 45 33
01 19 50 053 16 2024 4 5 19 45 33
01 20 14 170 34 2024 4 5 19 45 33
01 22 32 125 31 2024 4 5 19 45 33
01 24 36 247 22 2024 4 5 19 45 33
08 14 09 130 35 2024 4 5 19 45 33
08 24 36 247 25 2024 4 5 19 45 33
02 76 23 156 33 2024 4 5 19 45 33
02 88 47 249 10 2024 4 5 19 45 33
07 33 27 214 23 2024 4 5 19 45 33
12 33 27 214 24 2024 4 5 19 45 33
01 06 76 072 09 2024 4 5 19 45 34
01 11 58 202 27 2024 4 5 19 45 34
01 14 09 130 28 2024 4 5 19 45 34
01 19 50 053 16 2024 4 5 19 45 34
01 20 14 170 34 2024 4 5 19 45 34
01 22 32 125 30 2024 4 5 19 45 34
01 24 36 247 23 2024 4 5 19 45 34
08 14 09 130 35 2024 4 5 19 45 34
08 24 36 247 26 2024 4 5 19 45 34
02 76 23 156 32 2024 4 5 19 45 34
02 88 47 249 11 2024 4 5 19 45 34
07 33 27 214 23 2024 4 5 19 45 34
12 33 27 214 25 2024 4 5 19 45 34
01 06 76 072 13 2024 4 5 19 45 35
01 11 58 202 28 2024 4 5 19 45 35
01 14 09 130 29 2024 4 5 19 45 35
01 19 50 053 18 2024 4 5 19 45 35
01 20 14 170 33 2024 4 5 19 45 35
01 22 32 125 31 2024 4 5 19 45 35
01 24 36 247 22 2024 4 5 19 45 35
08 14 09 130 35 2024 4 5 19 45 35
08 24 36 247 25 2024 4 5 19 45 35
02 76 23 156 32 2024 4 5 19 45 35
02 88 47 249 16 2024 4 5 19 45 35
07 33 27 214 23 2024 4 5 19 45 35
12 33 27 214 25 2024 4 5 19 45 35
01 06 76 072 10 2024 4 5 19 45 36
01 11 58 202 26 2024 4 5 19 45 36
01 14 09 130 29 2024 4 5 19 45 36
01 19 50 053 14 2024 4 5 19 45 36
01 20 14 170 31 2024 4 5 19 45 36
01 22 32 125 32 2024 4 5 19 45 36
01 24 36 247 24 2024 4 5 19 45 36
08 14 09 130 35 2024 4 5 19 45 36
08 24 36 247 25 2024 4 5 19 45 36
02 76 23 156 33 2024 4 5 19 45 36
02 88 47 249 17 2024 4 5 19 45 36
07 33 27 214 24 2024 4 5 19 45 36
12 33 27 214 25 2024 4 5 19 45 36
01 06 76 072 14 2024 4 5 19 45 37
01 11 58 202 26 2024 4 5 19 45 37
01 14 09 130 29 2024 4 5 19 45 37
01 19 50 053 16 2024 4 5 19 45 37
01 20 14 170 31 2024 4 5 19 45 37
01 22 32 125 32 2024 4 5 19 45 37
01 24 36 247 23 2024 4 5 19 45 37
08 14 09 130 35 2024 4 5 19 45 37
08 24 36 247 25 2024 4 5 19 45 37
02 76 23 156 33 2024 4 5 19 45 37
02 88 47 249 13 2024 4 5 19 45 37
07 33 27 214 23 2024 4 5 19 45 37
12 33 27 214 26 2024 4 5 19 45 37
01 06 76 072 16 2024 4 5 19 45 38
01 11 58 202 25 2024 4 5 19 45 38
01 14 09 130 28 2024 4 5 19 45 38
01 19 50 053 14 2024 4 5 19 45 38
01 20 14 170 32 2024 4 5 19 45 38
01 22 32 125 32 2024 4 5 19 45 38
01 24 36 247 25 2024 4 5 19 45 38
08 14 09 130 35 2024 4 5 19 45 38
08 24 36 247 25 2024 4 5 19 45 38
02 76 23 156 33 2024 4 5 19 45 38
02 88 47 249 13 2024 4 5 19 45 38
07 33 27 214 24 2024 4 5 19 45 38
12 33 27 214 26 2024 4 5 19 45 38
01 06 76 072 13 2024 4 5 19 45 39
01 11 58 202 26 2024 4 5 19 45 39
01 14 09 130 27 2024 4 5 19 45 39
01 19 50 053 16 2024 4 5 19 45 39
01 20 14 170 32 2024 4 5 19 45 39
01 22 32 125 31 2024 4 5 19 45 39
01 24 36 247 26 2024 4 5 19 45 39
08 14 09 130 35 2024 4 5 19 45 39
08 24 36 247 24 2024 4 5 19 45 39
02 76 23 156 34 2024 4 5 19 45 39
07 33 27 214 24 2024 4 5 19 45 39
12 33 27 214 27 2024 4 5 19 45 39
01 06 76 072 17 2024 4 5 19 45 40
01 11 58 202 26 2024 4 5 19 45 40
01 14 09 130 25 2024 4 5 19 45 40
01 19 50 053 12 2024 4 5 19 45 40
01 20 14 170 32 2024 4 5 19 45 40
01 22 32 125 31 2024 4 5 19 45 40
01 24 36 247 25 2024 4 5 19 45 40
08 14 09 130 35 2024 4 5 19 45 40
08 24 36 247 26 2024 4 5 19 45 40
02 76 23 156 34 2024 4 5 19 45 40
02 88 47 249 11 2024 4 5 19 45 40
07 33 27 214 24 2024 4 5 19 45 40
12 33 27 214 26 2024 4 5 19 45 40
01 06 76 072 14 2024 4 5 19 45 41
01 11 58 202 26 2024 4 5 19 45 41
01 14 09 130 26 2024 4 5 19 45 41
01 19 50 053 12 2024 4 5 19 45 41
01 20 14 170 32 2024 4 5 19 45 41
01 22 32 125 30 2024 4 5 19 45 41
01 24 36 247 26 2024 4 5 19 45 41
08 14 09 130 35 2024 4 5 19 45 41
08 24 36 247 25 2024 4 5 19 45 41
02 76 23 156 34 2024 4 5 19 45 41
02 88 47 250 15 2024 4 5 19 45 41
07 33 27 214 23 2024 4 5 19 45 41
12 33 27 214 25 2024 4 5 19 45 41
01 06 76 072 06 2024 4 5 19 45 42
01 11 58 202 27 2024 4 5 19 45 42
01 14 09 130 25 2024 4 5 19 45 42
01 19 50 053 09 2024 4 5 19 45 42
01 20 14 170 32 2024 4 5 19 45 42
01 22 32 125 30 2024 4 5 19 45 42
01 24 36 247 26 2024 4 5 19 45 42
08 14 09 130 35 2024 4 5 19 45 42
08 24 36 247 24 2024 4 5 19 45 42
02 76 23 156 35 2024 4 5 19 45 42
02 88 47 250 12 2024 4 5 19 45 42
07 33 27 214 22 2024 4 5 19 45 42
12 33 27 214 25 2024 4 5 19 45 42
01 06 76 072 16 2024 4 5 19 45 43
01 11 58 202 28 2024 4 5 19 45 43
01 14 09 130 27 2024 4 5 19 45 43
01 19 50 053 08 2024 4 5 19 45 43
01 20 14 170 32 2024 4 5 19 45 43
01 22 32 125 30 2024 4 5 19 45 43
01 24 36 247 26 2024 4 5 19 45 43
08 14 09 130 35 2024 4 5 19 45 43
08 24 36 247 25 2024 4 5 19 45 43
02 76 23 156 34 2024 4 5 19 45 43
02 88 47 250 13 2024 4 5 19 45 43
07 33 27 214 22 2024 4 5 19 45 43
12 33 27 214 25 2024 4 5 19 45 43
01 06 76 072 15 2024 4 5 19 45 44
01 11 58 202 28 2024 4 5 19 45 44
01 14 09 130 29 2024 4 5 19 45 44
01 19 50 053 11 2024 4 5 19 45 44
01 20 14 170 33 2024 4 5 19 45 44
01 22 32 125 31 2024 4 5 19 45 44
01 24 36 247 27 2024 4 5 19 45 44
08 14 09 130 35 2024 4 5 19 45 44
08 24 36 247 25 2024 4 5 19 45 44
02 76 23 156 33 2024 4 5 19 45 44
02 88 47 250 19 2024 4 5 19 45 44
07 33 27 214 22 2024 4 5 19 45 44
12 33 27 214 25 2024 4 5 19 45 44
01 06 76 072 14 2024 4 5 19 45 45
01 11 58 202 28 2024 4 5 19 45 45
01 14 09 130 29 2024 4 5 19 45 45
01 20 14 170 33 2024 4 5 19 45 45
01 22 32 125 30 2024 4 5 19 45 45
01 24 36 247 24 2024 4 5 19 45 45
08 14 09 130 35 2024 4 5 19 45 45
08 24 36 247 24 2024 4 5 19 45 45
02 76 23 156 33 2024 4 5 19 45 45
02 88 47 250 19 2024 4 5 19 45 45
07 33 27 214 22 2024 4 5 19 45 45
12 33 27 214 26 2024 4 5 19 45 45
01 06 76 072 16 2024 4 5 19 45 46
01 11 58 202 28 2024 4 5 19 45 46
01 14 09 130 31 2024 4 5 19 45 46
01 20 14 170 32 2024 4 5 19 45 46
01 22 32 125 30 2024 4 5 19 45 46
01 24 36 247 23 2024 4 5 19 45 46
08 14 09 130 34 2024 4 5 19 45 46
08 24 36 247 25 2024 4 5 19 45 46
02 76 23 156 33 2024 4 5 19 45 46
02 88 47 250 17 2024 4 5 19 45 46
07 33 27 214 24 2024 4 5 19 45 46
12 33 27 214 26 2024 4 5 19 45 46
01 06 76 072 16 2024 4 5 19 45 47
01 11 58 202 28 2024 4 5 19 45 47
01 14 09 130 30 2024 4 5 19 45 47
01 20 14 170 30 2024 4 5 19 45 47
01 22 32 125 30 2024 4 5 19 45 47
01 24 36 247 24 2024 4 5 19 45 47
08 14 09 130 34 2024 4 5 19 45 47
08 24 36 247 24 2024 4 5 19 45 47
02 76 23 156 32 2024 4 5 19 45 47
02 88 47 250 19 2024 4 5 19 45 47
07 33 27 214 23 2024 4 5 19 45 47
12 33 27 214 24 2024 4 5 19 45 47
01 06 76 072 16 2024 4 5 19 45 48
01 11 58 202 28 2024 4 5 19 45 48
01 14 09 130 30 2024 4 5 19 45 48
01 20 14 170 32 2024 4 5 19 45 48
01 22 32 125 30 2024 4 5 19 45 48
01 24 36 247 23 2024 4 5 19 45 48
08 14 09 130 34 2024 4 5 19 45 48
08 24 36 247 25 2024 4 5 19 45 48
02 76 23 156 32 2024 4 5 19 45 48
02 88 47 250 19 2024 4 5 19 45 48
07 33 27 214 26 2024 4 5 19 45 48
12 33 27 214 26 2024 4 5 19 45 48
01 06 76 072 15 2024 4 5 19 45 49
01 11 58 202 28 2024 4 5 19 45 49
01 14 09 130 31 2024 4 5 19 45 49
01 20 14 170 32 2024 4 5 19 45 49
01 22 32 125 28 2024 4 5 19 45 49
01 24 36 247 24 2024 4 5 19 45 49
08 14 09 130 34 2024 4 5 19 45 49
08 24 36 247 26 2024 4 5 19 45 49
02 76 23 156 31 2024 4 5 19 45 49
02 88 47 250 19 2024 4 5 19 45 49
07 33 27 214 25 2024 4 5 19 45 49
12 33 27 214 25 2024 4 5 19 45 49
01 06 76 072 14 2024 4 5 19 45 50
01 11 58 202 29 2024 4 5 19 45 50
01 14 09 130 32 2024 4 5 19 45 50
01 20 14 170 32 2024 4 5 19 45 50
01 22 32 125 28 2024 4 5 19 45 50
01 24 36 247 24 2024 4 5 19 45 50
08 14 09 130 34 2024 4 5 19 45 50
08 24 36 247 25 2024 4 5 19 45 50
02 76 23 156 31 2024 4 5 19 45 50
02 88 47 250 19 2024 4 5 19 45 50
07 33 27 214 26 2024 4 5 19 45 50
12 33 27 214 25 2024 4 5 19 45 50
01 06 76 071 14 2024 4 5 19 45 51
01 11 58 202 29 2024 4 5 19 45 51
01 14 09 130 32 2024 4 5 19 45 51
01 19 50 053 10 2024 4 5 19 45 51
01 20 14 170 31 2024 4 5 19 45 51
01 22 32 125 27 2024 4 5 19 45 51
01 24 36 247 24 2024 4 5 19 45 51
08 14 09 130 35 2024 4 5 19 45 51
08 24 36 247 25 2024 4 5 19 45 51
02 76 23 156 30 2024 4 5 19 45 51
02 88 47 250 16 2024 4 5 19 45 51
07 33 27 214 27 2024 4 5 19 45 51
12 33 27 214 26 2024 4 5 19 45 51
01 06 76 071 17 2024 4 5 19 45 52
01 11 58 202 29 2024 4 5 19 45 52
01 14 09 130 32 2024 4 5 19 45 52
01 19 50 053 09 2024 4 5 19 45 52
01 20 14 170 31 2024 4 5 19 45 52
01 22 32 126 28 2024 4 5 19 45 52
01 24 35 247 22 2024 4 5 19 45 52
08 14 09 130 35 2024 4 5 19 45 52
08 24 35 247 25 2024 4 5 19 45 52
02 76 23 156 30 2024 4 5 19 45 52
02 88 47 250 14 2024 4 5 19 45 52
07 33 27 214 26 2024 4 5 19 45 52
12 33 27 214 26 2024 4 5 19 45 52
01 06 76 071 16 2024 4 5 19 45 53
01 11 58 202 29 2024 4 5 19 45 53
01 14 09 130 32 2024 4 5 19 45 53
01 19 50 053 10 2024 4 5 19 45 53
01 20 14 170 31 2024 4 5 19 45 53
01 22 32 126 29 2024 4 5 19 45 53
01 24 35 247 22 2024 4 5 19 45 53
08 14 09 130 35 2024 4 5 19 45 53
08 24 35 247 25 2024 4 5 19 45 53
02 76 23 157 29 2024 4 5 19 45 53
02 88 47 250 08 2024 4 5 19 45 53
07 33 27 214 26 2024 4 5 19 45 53
12 33 27 214 26 2024 4 5 19 45 53
01 06 76 071 15 2024 4 5 19 45 54
01 11 58 202 29 2024 4 5 19 45 54
01 14 09 130 32 2024 4 5 19 45 54
01 19 50 053 08 2024 4 5 19 45 54
01 20 14 170 32 2024 4 5 19 45 54
01 22 32 126 29 2024 4 5 19 45 54
01 24 35 247 21 2024 4 5 19 45 54
08 14 09 130 35 2024 4 5 19 45 54
08 24 35 247 24 2024 4 5 19 45 54
02 76 23 157 28 2024 4 5 19 45 54
02 88 47 250 11 2024 4 5 19 45 54
07 33 27 214 26 2024 4 5 19 45 54
12 33 27 214 26 2024 4 5 19 45 54
01 06 76 071 15 2024 4 5 19 45 55
01 11 58 202 29 2024 4 5 19 45 55
01 14 09 130 32 2024 4 5 19 45 55
01 19 50 053 10 2024 4 5 19 45 55
01 20 14 170 32 2024 4 5 19 45 55
01 22 32 126 30 2024 4 5 19 45 55
01 24 35 247 21 2024 4 5 19 45 55
08 14 09 130 35 2024 4 5 19 45 55
08 24 35 247 25 2024 4 5 19 45 55
02 76 23 157 28 2024 4 5 19 45 55
02 88 47 250 10 2024 4 5 19 45 55
07 33 27 214 27 2024 4 5 19 45 55
12 33 27 214 25 2024 4 5 19 45 55
01 06 76 071 16 2024 4 5 19 45 56
01 11 58 202 29 2024 4 5 19 45 56
01 14 09 130 31 2024 4 5 19 45 56
01 19 50 053 07 2024 4 5 19 45 56
01 20 14 170 32 2024 4 5 19 45 56
01 22 32 126 31 2024 4 5 19 45 56
01 24 35 247 20 2024 4 5 19 45 56
08 14 09 130 35 2024 4 5 19 45 56
08 24 35 247 25 2024 4 5 19 45 56
02 76 23 157 28 2024 4 5 19 45 56
02 88 47 250 18 2024 4 5 19 45 56
07 33 27 214 27 2024 4 5 19 45 56
12 33 27 214 25 2024 4 5 19 45 56
01 06 76 071 17 2024 4 5 19 45 57
01 11 58 202 28 2024 4 5 19 45 57
01 14 09 130 30 2024 4 5 19 45 57
01 20 14 170 32 2024 4 5 19 45 57
01 22 32 126 31 2024 4 5 19 45 57
01 24 35 247 18 2024 4 5 19 45 57
08 14 09 130 35 2024 4 5 19 45 57
08 24 35 247 25 2024 4 5 19 45 57
02 76 23 157 27 2024 4 5 19 45 57
02 88 47 250 18 2024 4 5 19 45 57
07 33 27 214 26 2024 4 5 19 45 57
12 33 27 214 25 2024 4 5 19 45 57
01 06 76 071 15 2024 4 5 19 45 58
01 11 58 202 29 2024 4 5 19 45 58
01 14 09 130 29 2024 4 5 19 45 58
01 19 50 053 04 2024 4 5 19 45 58
01 20 14 170 32 2024 4 5 19 45 58
01 22 32 126 31 2024 4 5 19 45 58
01 24 35 247 16 2024 4 5 19 45 58
08 14 09 130 35 2024 4 5 19 45 58
08 24 35 247 25 2024 4 5 19 45 58
02 76 23 157 27 2024 4 5 19 45 58
02 88 47 250 20 2024 4 5 19 45 58
07 33 27 214 24 2024 4 5 19 45 58
12 33 27 214 25 2024 4 5 19 45 58
01 06 76 071 14 2024 4 5 19 45 59
01 11 58 202 29 2024 4 5 19 45 59
01 14 09 130 29 2024 4 5 19 45 59
01 19 50 053 11 2024 4 5 19 45 59
01 20 14 170 32 2024 4 5 19 45 59
01 22 32 126 31 2024 4 5 19 45 59
01 24 35 247 18 2024 4 5 19 45 59
08 14 09 130 35 2024 4 5 19 45 59
08 24 35 247 25 2024 4 5 19 45 59
02 76 23 157 27 2024 4 5 19 45 59
02 88 47 250 19 2024 4 5 19 45 59
07 33 27 214 20 2024 4 5 19 45 59
12 33 27 214 25 2024 4 5 19 45 59
01 06 76 071 13 2024 4 5 19 46 0
01 11 58 202 29 2024 4 5 19 46 0
01 14 09 130 29 2024 4 5 19 46 0
01 19 50 053 07 2024 4 5 19 46 0
01 20 14 170 31 2024 4 5 19 46 0
01 22 32 126 30 2024 4 5 19 46 0
01 24 35 247 16 2024 4 5 19 46 0
08 14 09 130 34 2024 4 5 19 46 0
08 24 35 247 26 2024 4 5 19 46 0
02 76 23 157 27 2024 4 5 19 46 0
02 88 47 250 16 2024 4 5 19 46 0
07 33 27 214 21 2024 4 5 19 46 0
12 33 27 214 24 2024 4 5 19 46 0
01 06 76 071 12 2024 4 5 19 46 1
01 11 58 202 30 2024 4 5 19 46 1
01 14 09 130 30 2024 4 5 19 46 1
01 20 14 170 32 2024 4 5 19 46 1
01 22 32 126 29 2024 4 5 19 46 1
01 24 35 247 19 2024 4 5 19 46 1
08 14 09 130 35 2024 4 5 19 46 1
08 24 35 247 26 2024 4 5 19 46 1
02 76 23 157 27 2024 4 5 19 46 1
02 88 47 250 16 2024 4 5 19 46 1
07 21 55 128 22 2024 4 5 19 46 1
07 33 27 214 23 2024 4 5 19 46 1
12 33 27 214 25 2024 4 5 19 46 1
01 06 76 071 11 2024 4 5 19 46 2
01 11 58 202 28 2024 4 5 19 46 2
01 14 09 130 30 2024 4 5 19 46 2
01 20 14 170 32 2024 4 5 19 46 2
01 22 32 126 29 2024 4 5 19 46 2
01 24 35 247 21 2024 4 5 19 46 2
08 14 09 130 35 2024 4 5 19 46 2
08 24 35 247 26 2024 4 5 19 46 2
02 76 23 157 27 2024 4 5 19 46 2
02 88 47 250 14 2024 4 5 19 46 2
07 21 55 128 22 2024 4 5 19 46 2
07 33 27 214 23 2024 4 5 19 46 2
12 33 27 214 26 2024 4 5 19 46 2
01 06 76 071 11 2024 4 5 19 46 3
01 11 58 202 29 2024 4 5 19 46 3
01 14 09 130 31 2024 4 5 19 46 3
01 20 14 170 32 2024 4 5 19 46 3
01 22 32 126 28 2024 4 5 19 46 3
01 24 35 247 21 2024 4 5 19 46 3
08 14 09 130 35 2024 4 5 19 46 3
08 24 35 247 26 2024 4 5 19 46 3
02 76 23 157 27 2024 4 5 19 46 3
02 88 47 250 13 2024 4 5 19 46 3
07 21 55 128 22 2024 4 5 19 46 3
07 33 27 214 23 2024 4 5 19 46 3
12 33 27 214 25 2024 4 5 19 46 3
01 06 76 071 10 2024 4 5 19 46 4
01 11 58 202 29 2024 4 5 19 46 4
01 14 09 130 31 2024 4 5 19 46 4
01 19 50 054 10 2024 4 5 19 46 4
01 20 14 170 32 2024 4 5 19 46 4
01 22 32 126 29 2024 4 5 19 46 4
01 24 35 247 20 2024 4 5 19 46 4
08 14 09 130 34 2024 4 5 19 46 4
08 24 35 247 26 2024 4 5 19 46 4
02 76 23 157 28 2024 4 5 19 46 4
07 21 55 128 21 2024 4 5 19 46 4
07 33 27 214 24 2024 4 5 19 46 4
12 33 27 214 25 2024 4 5 19 46 4
01 06 76 071 05 2024 4 5 19 46 5
01 11 58 202 30 2024 4 5 19 46 5
01 14 09 130 30 2024 4 5 19 46 5
01 20 14 170 32 2024 4 5 19 46 5
01 22 32 126 30 2024 4 5 19 46 5
01 24 35 247 20 2024 4 5 19 46 5
08 14 09 130 35 2024 4 5 19 46 5
08 24 35 247 26 2024 4 5 19 46 5
02 76 23 157 28 2024 4 5 19 46 5
07 21 55 128 18 2024 4 5 19 46 5
07 33 27 214 23 2024 4 5 19 46 5
12 33 27 214 25 2024 4 5 19 46 5
01 06 76 071 12 2024 4 5 19 46 6
01 11 58 202 30 2024 4 5 19 46 6
01 14 09 130 31 2024 4 5 19 46 6
01 19 50 054 10 2024 4 5 19 46 6
01 20 14 170 31 2024 4 5 19 46 6
01 22 32 126 30 2024 4 5 19 46 6
01 24 35 247 20 2024 4 5 19 46 6
08 14 09 130 35 2024 4 5 19 46 6
08 24 35 247 26 2024 4 5 19 46 6
02 76 23 157 28 2024 4 5 19 46 6
02 88 47 250 17 2024 4 5 19 46 6
07 21 55 128 17 2024 4 5 19 46 6
07 33 27 214 23 2024 4 5 19 46 6
12 21 55 128 10 2024 4 5 19 46 6
12 33 27 214 25 2024 4 5 19 46 6
01 06 76 071 11 2024 4 5 19 46 7
01 11 58 202 29 2024 4 5 19 46 7
01 14 09 130 30 2024 4 5 19 46 7
01 19 50 054 11 2024 4 5 19 46 7
01 20 14 170 31 2024 4 5 19 46 7
01 22 32 126 30 2024 4 5 19 46 7
01 24 35 247 19 2024 4 5 19 46 7
08 14 09 130 35 2024 4 5 19 46 7
08 24 35 247 26 2024 4 5 19 46 7
02 76 23 157 28 2024 4 5 19 46 7
02 88 47 250 16 2024 4 5 19 46 7
07 21 55 128 15 2024 4 5 19 46 7
07 33 27 214 23 2024 4 5 19 46 7
12 21 55 128 12 2024 4 5 19 46 7
12 33 27 214 27 2024 4 5 19 46 7
01 06 76 071 12 2024 4 5 19 46 8
01 11 58 202 29 2024 4 5 19 46 8
01 14 09 130 30 2024 4 5 19 46 8
01 19 50 054 08 2024 4 5 19 46 8
01 20 14 170 31 2024 4 5 19 46 8
01 22 32 126 30 2024 4 5 19 46 8
01 24 35 247 20 2024 4 5 19 46 8
08 14 09 130 35 2024 4 5 19 46 8
08 24 35 247 26 2024 4 5 19 46 8
02 76 23 157 28 2024 4 5 19 46 8
02 88 47 250 16 2024 4 5 19 46 8
07 21 55 128 19 2024 4 5 19 46 8
07 33 27 214 23 2024 4 5 19 46 8
12 21 55 128 11 2024 4 5 19 46 8
12 33 27 214 26 2024 4 5 19 46 8
01 06 76 071 11 2024 4 5 19 46 9
01 11 58 202 28 2024 4 5 19 46 9
01 14 09 130 29 2024 4 5 19 46 9
01 20 14 170 30 2024 4 5 19 46 9
01 22 32 126 28 2024 4 5 19 46 9
01 24 35 247 19 2024 4 5 19 46 9
08 14 09 130 35 2024 4 5 19 46 9
08 24 35 247 26 2024 4 5 19 46 9
02 76 23 157 30 2024 4 5 19 46 9
02 88 47 250 20 2024 4 5 19 46 9
07 21 55 128 15 2024 4 5 19 46 9
07 33 27 214 22 2024 4 5 19 46 9
12 21 55 128 12 2024 4 5 19 46 9
12 33 27 214 27 2024 4 5 19 46 9
01 06 76 071 17 2024 4 5 19 46 10
01 11 58 202 28 2024 4 5 19 46 10
01 14 09 130 28 2024 4 5 19 46 10
01 20 14 170 30 2024 4 5 19 46 10
01 22 32 126 27 2024 4 5 19 46 10
01 24 35 247 19 2024 4 5 19 46 10
08 14 09 130 34 2024 4 5 19 46 10
08 24 35 247 25 2024 4 5 19 46 10
02 76 23 157 31 2024 4 5 19 46 10
02 88 47 250 19 2024 4 5 19 46 10
07 21 55 128 12 2024 4 5 19 46 10
07 33 27 214 21 2024 4 5 19 46 10
12 21 55 128 02 2024 4 5 19 46 10
12 33 27 214 27 2024 4 5 19 46 10
01 06 76 071 18 2024 4 5 19 46 11
01 11 58 202 28 2024 4 5 19 46 11
01 14 09 130 29 2024 4 5 19 46 11
01 20 14 170 30 2024 4 5 19 46 11
01 22 32 126 28 2024 4 5 19 46 11
01 24 35 247 20 2024 4 5 19 46 11
01 25 09 311 02 2024 4 5 19 46 11
08 14 09 130 34 2024 4 5 19 46 11
08 24 35 247 25 2024 4 5 19 46 11
02 76 23 157 30 2024 4 5 19 46 11
02 88 47 250 21 2024 4 5 19 46 11
07 21 55 128 09 2024 4 5 19 46 11
07 33 27 214 21 2024 4 5 19 46 11
12 33 27 214 27 2024 4 5 19 46 11
01 06 76 071 18 2024 4 5 19 46 12
01 11 58 202 29 2024 4 5 19 46 12
01 14 09 130 30 2024 4 5 19 46 12
01 19 50 054 10 2024 4 5 19 46 12
01 20 14 170 30 2024 4 5 19 46 12
01 22 32 126 29 2024 4 5 19 46 12
01 24 35 247 21 2024 4 5 19 46 12
01 25 09 311 07 2024 4 5 19 46 12
08 06 76 071 07 2024 4 5 19 46 12
08 14 09 130 35 2024 4 5 19 46 12
08 24 35 247 25 2024 4 5 19 46 12
02 76 23 157 30 2024 4 5 19 46 12
02 88 47 250 22 2024 4 5 19 46 12
07 21 55 128 17 2024 4 5 19 46 12
07 33 27 214 20 2024 4 5 19 46 12
12 33 27 214 26 2024 4 5 19 46 12
01 06 76 071 17 2024 4 5 19 46 13
01 11 58 202 29 2024 4 5 19 46 13
01 14 09 130 32 2024 4 5 19 46 13
01 19 50 054 12 2024 4 5 19 46 13
01 20 14 170 30 2024 4 5 19 46 13
01 22 32 126 30 2024 4 5 19 46 13
01 24 35 247 20 2024 4 5 19 46 13
08 14 09 130 35 2024 4 5 19 46 13
08 24 35 247 26 2024 4 5 19 46 13
02 76 23 157 29 2024 4 5 19 46 13
02 88 47 250 21 2024 4 5 19 46 13
07 21 55 128 18 2024 4 5 19 46 13
07 33 27 214 04 2024 4 5 19 46 13
12 33 27 214 26 2024 4 5 19 46 13
01 06 76 071 15 2024 4 5 19 46 14
01 11 58 202 29 2024 4 5 19 46 14
01 14 09 130 32 2024 4 5 19 46 14
01 19 50 054 12 2024 4 5 19 46 14
01 20 14 170 30 2024 4 5 19 46 14
01 22 32 126 31 2024 4 5 19 46 14
01 24 35 247 21 2024 4 5 19 46 14
08 14 09 130 34 2024 4 5 19 46 14
08 24 35 247 25 2024 4 5 19 46 14
02 76 23 157 29 2024 4 5 19 46 14
02 88 47 250 21 2024 4 5 19 46 14
07 21 55 128 15 2024 4 5 19 46 14
07 33 27 214 20 2024 4 5 19 46 14
12 33 27 214 27 2024 4 5 19 46 14
01 06 76 071 13 2024 4 5 19 46 15
01 11 58 202 29 2024 4 5 19 46 15
01 14 09 130 32 2024 4 5 19 46 15
01 19 50 054 12 2024 4 5 19 46 15
01 20 14 170 30 2024 4 5 19 46 15
01 22 32 126 30 2024 4 5 19 46 15
01 24 35 247 21 2024 4 5 19 46 15
08 14 09 130 34 2024 4 5 19 46 15
08 24 35 247 25 2024 4 5 19 46 15
02 76 23 157 28 2024 4 5 19 46 15
02 88 47 250 21 2024 4 5 19 46 15
07 21 55 128 17 2024 4 5 19 46 15
07 33 27 214 23 2024 4 5 19 46 15
12 33 27 214 26 2024 4 5 19 46 15
01 06 76 071 12 2024 4 5 19 46 16
01 11 58 202 28 2024 4 5 19 46 16
01 14 09 130 31 2024 4 5 19 46 16
01 19 50 054 09 2024 4 5 19 46 16
01 20 14 170 30 2024 4 5 19 46 16
01 22 32 126 31 2024 4 5 19 46 16
01 24 35 247 23 2024 4 5 19 46 16
08 14 09 130 34 2024 4 5 19 46 16
08 24 35 247 25 2024 4 5 19 46 16
02 76 23 157 28 2024 4 5 19 46 16
02 88 47 250 18 2024 4 5 19 46 16
07 21 55 128 17 2024 4 5 19 46 16
07 33 27 214 22 2024 4 5 19 46 16
12 33 27 214 25 2024 4 5 19 46 16
01 06 76 071 15 2024 4 5 19 46 17
01 11 59 202 28 2024 4 5 19 46 17
01 14 08 130 31 2024 4 5 19 46 17
01 20 14 170 30 2024 4 5 19 46 17
01 22 32 126 31 2024 4 5 19 46 17
01 24 35 247 22 2024 4 5 19 46 17
08 14 08 130 34 2024 4 5 19 46 17
08 24 35 247 24 2024 4 5 19 46 17
02 76 23 157 28 2024 4 5 19 46 17
02 88 47 250 16 2024 4 5 19 46 17
07 21 55 128 17 2024 4 5 19 46 17
07 33 27 214 24 2024 4 5 19 46 17
12 33 27 214 25 2024 4 5 19 46 17
01 06 76 071 13 2024 4 5 19 46 18
01 11 59 202 29 2024 4 5 19 46 18
01 14 08 130 31 2024 4 5 19 46 18
01 19 50 054 05 2024 4 5 19 46 18
01 20 14 170 31 2024 4 5 19 46 18
01 22 32 126 30 2024 4 5 19 46 18
01 24 35 247 21 2024 4 5 19 46 18
08 06 76 071 11 2024 4 5 19 46 18
08 14 08 130 34 2024 4 5 19 46 18
08 24 35 247 25 2024 4 5 19 46 18
02 76 23 157 28 2024 4 5 19 46 18
02 88 47 250 17 2024 4 5 19 46 18
07 21 55 128 17 2024 4 5 19 46 18
07 33 27 214 23 2024 4 5 19 46 18
12 33 27 214 24 2024 4 5 19 46 18
01 06 76 071 15 2024 4 5 19 46 19
01 11 59 202 29 2024 4 5 19 46 19
01 14 08 130 32 2024 4 5 19 46 19
01 19 50 054 04 2024 4 5 19 46 19
01 20 14 170 29 2024 4 5 19 46 19
01 22 32 126 29 2024 4 5 19 46 19
01 24 35 247 20 2024 4 5 19 46 19
08 14 08 130 34 2024 4 5 19 46 19
08 24 35 247 26 2024 4 5 19 46 19
02 76 23 157 29 2024 4 5 19 46 19
02 88 47 250 19 2024 4 5 19 46 19
07 21 55 128 18 2024 4 5 19 46 19
07 33 27 214 24 2024 4 5 19 46 19
12 33 27 214 25 2024 4 5 19 46 19
01 06 76 071 16 2024 4 5 19 46 20
01 11 59 202 29 2024 4 5 19 46 20
01 14 08 130 33 2024 4 5 19 46 20
01 19 50 054 14 2024 4 5 19 46 20
01 20 14 170 30 2024 4 5 19 46 20
01 22 32 126 29 2024 4 5 19 46 20
01 24 35 247 21 2024 4 5 19 46 20
08 14 08 130 33 2024 4 5 19 46 20
08 24 35 247 25 2024 4 5 19 46 20
02 76 23 157 30 2024 4 5 19 46 20
02 88 47 250 17 2024 4 5 19 46 20
07 21 55 128 10 2024 4 5 19 46 20
07 33 27 214 25 2024 4 5 19 46 20
12 33 27 214 25 2024 4 5 19 46 20
01 06 76 071 17 2024 4 5 19 46 21
01 11 59 202 30 2024 4 5 19 46 21
01 14 08 130 32 2024 4 5 19 46 21
01 19 50 054 14 2024 4 5 19 46 21
01 20 14 170 30 2024 4 5 19 46 21
01 22 32 126 29 2024 4 5 19 46 21
01 24 35 247 15 2024 4 5 19 46 21
08 14 08 130 33 2024 4 5 19 46 21
08 24 35 247 25 2024 4 5 19 46 21
02 76 23 157 30 2024 4 5 19 46 21
02 88 47 250 18 2024 4 5 19 46 21
07 33 27 214 25 2024 4 5 19 46 21
12 33 27 214 24 2024 4 5 19 46 21
01 06 76 071 15 2024 4 5 19 46 22
01 11 59 202 31 2024 4 5 19 46 22
01 14 08 130 32 2024 4 5 19 46 22
01 19 50 054 11 2024 4 5 19 46 22
01 20 14 170 29 2024 4 5 19 46 22
01 22 32 126 29 2024 4 5 19 46 22
01 24 35 247 11 2024 4 5 19 46 22
08 14 08 130 32 2024 4 5 19 46 22
08 24 35 247 24 2024 4 5 19 46 22
02 76 23 157 30 2024 4 5 19 46 22
02 88 47 250 19 2024 4 5 19 46 22
07 33 27 214 24 2024 4 5 19 46 22
12 33 27 214 25 2024 4 5 19 46 22
01 06 76 071 14 2024 4 5 19 46 23
01 11 59 202 30 2024 4 5 19 46 23
01 14 08 130 32 2024 4 5 19 46 23
01 19 50 054 13 2024 4 5 19 46 23
01 20 14 170 30 2024 4 5 19 46 23
01 22 32 126 29 2024 4 5 19 46 23
01 24 35 247 14 2024 4 5 19 46 23
08 06 76 071 15 2024 4 5 19 46 23
08 14 08 130 32 2024 4 5 19 46 23
08 24 35 247 24 2024 4 5 19 46 23
02 76 23 157 30 2024 4 5 19 46 23
02 88 47 250 22 2024 4 5 19 46 23
07 33 27 214 24 2024 4 5 19 46 23
12 33 27 214 26 2024 4 5 19 46 23
01 11 59 202 30 2024 4 5 19 46 24
01 14 08 130 32 2024 4 5 19 46 24
01 19 50 054 13 2024 4 5 19 46 24
01 20 14 170 30 2024 4 5 19 46 24
01 22 32 126 29 2024 4 5 19 46 24
01 24 35 247 12 2024 4 5 19 46 24
08 06 76 071 12 2024 4 5 19 46 24
08 14 08 130 33 2024 4 5 19 46 24
08 24 35 247 24 2024 4 5 19 46 24
02 76 23 157 30 2024 4 5 19 46 24
02 88 47 250 22 2024 4 5 19 46 24
07 33 27 214 23 2024 4 5 19 46 24
12 33 27 214 25 2024 4 5 19 46 24
01 11 59 202 30 2024 4 5 19 46 25
01 14 08 130 32 2024 4 5 19 46 25
01 19 50 054 11 2024 4 5 19 46 25
01 20 14 170 28 2024 4 5 19 46 25
01 22 32 126 30 2024 4 5 19 46 25
01 24 35 247 02 2024 4 5 19 46 25
08 06 76 071 08 2024 4 5 19 46 25
08 14 08 130 33 2024 4 5 19 46 25
08 24 35 247 25 2024 4 5 19 46 25
02 76 23 157 29 2024 4 5 19 46 25
02 88 47 250 21 2024 4 5 19 46 25
07 33 27 214 23 2024 4 5 19 46 25
12 33 27 214 25 2024 4 5 19 46 25
01 06 76 071 12 2024 4 5 19 46 26
01 11 59 202 31 2024 4 5 19 46 26
01 14 08 130 33 2024 4 5 19 46 26
01 19 50 054 14 2024 4 5 19 46 26
01 20 14 170 29 2024 4 5 19 46 26
01 22 32 126 31 2024 4 5 19 46 26
01 24 35 247 15 2024 4 5 19 46 26
08 06 76 071 08 2024 4 5 19 46 26
08 14 08 130 32 2024 4 5 19 46 26
08 24 35 247 24 2024 4 5 19 46 26
02 76 23 157 28 2024 4 5 19 46 26
02 88 47 250 19 2024 4 5 19 46 26
07 33 27 214 23 2024 4 5 19 46 26
12 33 27 214 25 2024 4 5 19 46 26
01 06 76 071 12 2024 4 5 19 46 27
01 11 59 202 31 2024 4 5 19 46 27
01 14 08 130 32 2024 4 5 19 46 27
01 19 50 054 12 2024 4 5 19 46 27
01 20 14 170 29 2024 4 5 19 46 27
01 22 32 126 31 2024 4 5 19 46 27
01 24 35 247 16 2024 4 5 19 46 27
08 06 76 071 08 2024 4 5 19 46 27
08 14 08 130 32 2024 4 5 19 46 27
08 24 35 247 24 2024 4 5 19 46 27
02 76 23 157 28 2024 4 5 19 46 27
02 88 47 250 20 2024 4 5 19 46 27
07 33 27 214 24 2024 4 5 19 46 27
12 33 27 214 25 2024 4 5 19 46 27
01 06 76 071 10 2024 4 5 19 46 28
01 11 59 202 32 2024 4 5 19 46 28
01 14 08 130 32 2024 4 5 19 46 28
01 19 50 054 09 2024 4 5 19 46 28
01 20 14 170 29 2024 4 5 19 46 28
01 22 32 126 31 2024 4 5 19 46 28
01 24 35 247 19 2024 4 5 19 46 28
08 14 08 130 32 2024 4 5 19 46 28
08 24 35 247 25 2024 4 5 19 46 28
02 76 23 157 28 2024 4 5 19 46 28
02 88 47 250 20 2024 4 5 19 46 28
07 33 27 214 24 2024 4 5 19 46 28
12 33 27 214 25 2024 4 5 19 46 28
01 06 76 070 10 2024 4 5 19 46 29
01 11 59 202 31 2024 4 5 19 46 29
01 14 08 130 32 2024 4 5 19 46 29
01 20 14 170 30 2024 4 5 19 46 29
01 22 32 126 31 2024 4 5 19 46 29
01 24 35 247 20 2024 4 5 19 46 29
08 14 08 130 31 2024 4 5 19 46 29
08 24 35 247 24 2024 4 5 19 46 29
02 76 23 157 28 2024 4 5 19 46 29
02 88 47 250 20 2024 4 5 19 46 29
07 33 27 214 24 2024 4 5 19 46 29
12 33 27 214 24 2024 4 5 19 46 29
01 06 76 070 08 2024 4 5 19 46 30
01 11 59 202 32 2024 4 5 19 46 30
01 14 08 130 32 2024 4 5 19 46 30
01 20 14 170 30 2024 4 5 19 46 30
01 22 31 126 32 2024 4 5 19 46 30
01 24 35 247 20 2024 4 5 19 46 30
08 14 08 130 31 2024 4 5 19 46 30
08 24 35 247 25 2024 4 5 19 46 30
02 76 23 157 28 2024 4 5 19 46 30
02 88 47 250 23 2024 4 5 19 46 30
07 33 27 214 24 2024 4 5 19 46 30
12 33 27 214 24 2024 4 5 19 46 30
01 06 76 070 02 2024 4 5 19 46 31
01 11 59 202 32 2024 4 5 19 46 31
01 14 08 130 32 2024 4 5 19 46 31
01 19 50 054 04 2024 4 5 19 46 31
01 20 14 170 30 2024 4 5 19 46 31
01 22 31 126 32 2024 4 5 19 46 31
01 24 35 247 20 2024 4 5 19 46 31
08 14 08 130 31 2024 4 5 19 46 31
08 24 35 247 24 2024 4 5 19 46 31
02 76 23 157 27 2024 4 5 19 46 31
02 88 47 250 24 2024 4 5 19 46 31
07 33 27 214 26 2024 4 5 19 46 31
12 33 27 214 24 2024 4 5 19 46 31
01 06 76 070 08 2024 4 5 19 46 32
01 11 59 202 32 2024 4 5 19 46 32
01 14 08 130 32 2024 4 5 19 46 32
01 20 14 170 29 2024 4 5 19 46 32
01 22 31 126 32 2024 4 5 19 46 32
01 24 35 247 21 2024 4 5 19 46 32
08 06 76 070 15 2024 4 5 19 46 32
08 14 08 130 31 2024 4 5 19 46 32
08 24 35 247 25 2024 4 5 19 46 32
02 76 23 157 27 2024 4 5 19 46 32
02 88 47 250 23 2024 4 5 19 46 32
07 33 27 214 25 2024 4 5 19 46 32
12 33 27 214 24 2024 4 5 19 46 32
01 06 76 070 11 2024 4 5 19 46 33
01 11 59 202 32 2024 4 5 19 46 33
01 14 08 130 33 2024 4 5 19 46 33
01 19 50 054 10 2024 4 5 19 46 33
01 20 14 170 28 2024 4 5 19 46 33
01 22 31 126 32 2024 4 5 19 46 33
01 24 35 247 22 2024 4 5 19 46 33
08 06 76 070 10 2024 4 5 19 46 33
08 14 08 130 31 2024 4 5 19 46 33
08 24 35 247 25 2024 4 5 19 46 33
02 76 23 157 27 2024 4 5 19 46 33
02 88 47 250 23 2024 4 5 19 46 33
07 33 27 214 26 2024 4 5 19 46 33
12 33 27 214 24 2024 4 5 19 46 33
01 06 76 070 12 2024 4 5 19 46 34
01 11 59 202 31 2024 4 5 19 46 34
01 14 08 130 33 2024 4 5 19 46 34
01 20 14 170 28 2024 4 5 19 46 34
01 22 31 126 32 2024 4 5 19 46 34
01 24 35 247 22 2024 4 5 19 46 34
08 14 08 130 31 2024 4 5 19 46 34
08 24 35 247 25 2024 4 5 19 46 34
02 76 23 157 27 2024 4 5 19 46 34
02 88 47 250 23 2024 4 5 19 46 34
07 33 27 214 26 2024 4 5 19 46 34
12 33 27 214 25 2024 4 5 19 46 34
01 06 76 070 05 2024 4 5 19 46 35
01 11 59 202 32 2024 4 5 19 46 35
01 14 08 130 32 2024 4 5 19 46 35
01 20 14 170 29 2024 4 5 19 46 35
01 22 31 126 31 2024 4 5 19 46 35
01 24 35 247 23 2024 4 5 19 46 35
08 06 76 070 05 2024 4 5 19 46 35
08 14 08 130 30 2024 4 5 19 46 35
08 24 35 247 25 2024 4 5 19 46 35
02 76 23 157 28 2024 4 5 19 46 35
02 88 47 250 22 2024 4 5 19 46 35
07 33 27 214 28 2024 4 5 19 46 35
12 33 27 214 25 2024 4 5 19 46 35
01 06 76 070 02 2024 4 5 19 46 36
01 11 59 202 32 2024 4 5 19 46 36
01 14 08 130 32 2024 4 5 19 46 36
01 19 50 054 10 2024 4 5 19 46 36
01 20 14 170 28 2024 4 5 19 46 36
01 22 31 126 32 2024 4 5 19 46 36
01 24 35 247 23 2024 4 5 19 46 36
08 14 08 130 31 2024 4 5 19 46 36
08 24 35 247 24 2024 4 5 19 46 36
02 76 23 157 26 2024 4 5 19 46 36
02 88 47 250 23 2024 4 5 19 46 36
07 33 27 214 27 2024 4 5 19 46 36
12 33 27 214 26 2024 4 5 19 46 36
01 06 76 070 06 2024 4 5 19 46 37
01 11 59 202 32 2024 4 5 19 46 37
01 14 08 130 32 2024 4 5 19 46 37
01 20 14 170 27 2024 4 5 19 46 37
01 22 31 126 33 2024 4 5 19 46 37
01 24 35 247 22 2024 4 5 19 46 37
08 14 08 130 30 2024 4 5 19 46 37
08 24 35 247 24 2024 4 5 19 46 37
02 76 23 157 25 2024 4 5 19 46 37
02 88 47 250 22 2024 4 5 19 46 37
07 33 27 214 25 2024 4 5 19 46 37
12 33 27 214 26 2024 4 5 19 46 37
01 06 76 070 09 2024 4 5 19 46 38
01 11 59 202 31 2024 4 5 19 46 38
01 14 08 130 33 2024 4 5 19 46 38
01 19 50 054 14 2024 4 5 19 46 38
01 20 14 170 27 2024 4 5 19 46 38
01 22 31 126 32 2024 4 5 19 46 38
01 24 35 247 23 2024 4 5 19 46 38
08 14 08 130 30 2024 4 5 19 46 38
08 24 35 247 24 2024 4 5 19 46 38
02 76 23 157 26 2024 4 5 19 46 38
02 88 47 250 21 2024 4 5 19 46 38
07 33 27 214 26 2024 4 5 19 46 38
12 33 27 214 26 2024 4 5 19 46 38
01 06 76 070 15 2024 4 5 19 46 39
01 11 59 202 31 2024 4 5 19 46 39
01 14 08 130 33 2024 4 5 19 46 39
01 19 50 054 08 2024 4 5 19 46 39
01 20 14 170 29 2024 4 5 19 46 39
01 22 31 126 33 2024 4 5 19 46 39
01 24 35 247 22 2024 4 5 19 46 39
08 14 08 130 30 2024 4 5 19 46 39
08 24 35 247 24 2024 4 5 19 46 39
02 76 23 157 26 2024 4 5 19 46 39
02 88 47 250 19 2024 4 5 19 46 39
07 33 27 214 27 2024 4 5 19 46 39
12 33 27 214 27 2024 4 5 19 46 39
01 06 76 070 15 2024 4 5 19 46 40
01 11 59 202 31 2024 4 5 19 46 40
01 14 08 130 33 2024 4 5 19 46 40
01 19 50 054 10 2024 4 5 19 46 40
01 20 14 170 26 2024 4 5 19 46 40
01 22 31 126 32 2024 4 5 19 46 40
01 24 35 247 23 2024 4 5 19 46 40
08 06 76 070 14 2024 4 5 19 46 40
08 14 08 130 30 2024 4 5 19 46 40
08 24 35 247 25 2024 4 5 19 46 40
02 76 23 157 26 2024 4 5 19 46 40
02 88 47 250 18 2024 4 5 19 46 40
07 33 27 214 27 2024 4 5 19 46 40
12 33 27 214 26 2024 4 5 19 46 40
01 06 76 070 10 2024 4 5 19 46 41
01 11 59 202 32 2024 4 5 19 46 41
01 14 08 130 33 2024 4 5 19 46 41
01 19 50 054 10 2024 4 5 19 46 41
01 20 14 170 23 2024 4 5 19 46 41
01 22 31 126 32 2024 4 5 19 46 41
01 24 35 247 25 2024 4 5 19 46 41
08 14 08 130 30 2024 4 5 19 46 41
08 24 35 247 24 2024 4 5 19 46 41
02 76 23 157 27 2024 4 5 19 46 41
02 88 47 250 18 2024 4 5 19 46 41
07 33 27 214 27 2024 4 5 19 46 41
12 33 27 214 27 2024 4 5 19 46 41
01 11 59 202 31 2024 4 5 19 46 42
01 14 08 130 33 2024 4 5 19 46 42
01 19 50 054 11 2024 4 5 19 46 42
01 20 14 170 27 2024 4 5 19 46 42
01 22 31 126 32 2024 4 5 19 46 42
01 24 35 247 24 2024 4 5 19 46 42
08 14 08 130 30 2024 4 5 19 46 42
08 24 35 247 24 2024 4 5 19 46 42
02 76 23 157 26 2024 4 5 19 46 42
02 88 47 250 16 2024 4 5 19 46 42
07 33 27 214 27 2024 4 5 19 46 42
12 33 27 214 26 2024 4 5 19 46 42
01 06 76 070 02 2024 4 5 19 46 43
01 11 59 202 31 2024 4 5 19 46 43
01 14 08 130 33 2024 4 5 19 46 43
01 19 50 054 14 2024 4 5 19 46 43
01 20 14 170 24 2024 4 5 19 46 43
01 22 31 126 31 2024 4 5 19 46 43
01 24 35 247 25 2024 4 5 19 46 43
08 14 08 130 29 2024 4 5 19 46 43
08 24 35 247 24 2024 4 5 19 46 43
02 76 23 157 26 2024 4 5 19 46 43
02 88 47 250 18 2024 4 5 19 46 43
07 33 27 214 27 2024 4 5 19 46 43
12 33 27 214 27 2024 4 5 19 46 43
01 06 76 070 05 2024 4 5 19 46 44
01 11 59 202 31 2024 4 5 19 46 44
01 14 08 130 32 2024 4 5 19 46 44
01 19 50 054 15 2024 4 5 19 46 44
01 20 14 170 23 2024 4 5 19 46 44
01 22 31 126 31 2024 4 5 19 46 44
01 24 35 247 24 2024 4 5 19 46 44
08 06 76 070 02 2024 4 5 19 46 44
08 14 08 130 30 2024 4 5 19 46 44
08 24 35 247 24 2024 4 5 19 46 44
02 76 23 157 27 2024 4 5 19 46 44
02 88 47 250 20 2024 4 5 19 46 44
07 33 27 214 27 2024 4 5 19 46 44
12 33 27 214 26 2024 4 5 19 46 44
01 11 59 202 31 2024 4 5 19 46 45
01 14 08 130 32 2024 4 5 19 46 45
01 19 50 054 16 2024 4 5 19 46 45
01 20 14 170 26 2024 4 5 19 46 45
01 22 31 126 30 2024 4 5 19 46 45
01 24 35 247 22 2024 4 5 19 46 45
08 14 08 130 30 2024 4 5 19 46 45
08 24 35 247 23 2024 4 5 19 46 45
02 76 23 157 28 2024 4 5 19 46 45
02 88 48 250 21 2024 4 5 19 46 45
07 33 27 214 26 2024 4 5 19 46 45
12 33 27 214 28 2024 4 5 19 46 45
01 11 59 202 32 2024 4 5 19 46 46
01 14 08 130 31 2024 4 5 19 46 46
01 19 50 054 12 2024 4 5 19 46 46
01 20 14 170 28 2024 4 5 19 46 46
01 22 31 126 30 2024 4 5 19 46 46
01 24 35 247 23 2024 4 5 19 46 46
08 06 76 070 09 2024 4 5 19 46 46
08 14 08 130 30 2024 4 5 19 46 46
08 24 35 247 24 2024 4 5 19 46 46
02 76 23 157 28 2024 4 5 19 46 46
02 88 48 250 21 2024 4 5 19 46 46
07 33 27 214 26 2024 4 5 19 46 46
12 33 27 214 28 2024 4 5 19 46 46
01 11 59 202 32 2024 4 5 19 46 47
01 14 08 130 32 2024 4 5 19 46 47
01 19 50 054 15 2024 4 5 19 46 47
01 20 14 170 27 2024 4 5 19 46 47
01 22 31 126 30 2024 4 5 19 46 47
01 24 35 247 20 2024 4 5 19 46 47
08 06 76 070 10 2024 4 5 19 46 47
08 14 08 130 30 2024 4 5 19 46 47
08 24 35 247 24 2024 4 5 19 46 47
02 76 23 157 29 2024 4 5 19 46 47
02 88 48 250 20 2024 4 5 19 46 47
07 33 27 214 26 2024 4 5 19 46 47
12 33 27 214 28 2024 4 5 19 46 47
01 11 59 202 32 2024 4 5 19 46 48
01 14 08 130 31 2024 4 5 19 46 48
01 19 50 054 16 2024 4 5 19 46 48
01 20 14 170 27 2024 4 5 19 46 48
01 22 31 126 29 2024 4 5 19 46 48
01 24 35 247 19 2024 4 5 19 46 48
08 06 76 070 11 2024 4 5 19 46 48
08 14 08 130 31 2024 4 5 19 46 48
08 24 35 247 24 2024 4 5 19 46 48
02 76 23 157 28 2024 4 5 19 46 48
02 88 48 250 17 2024 4 5 19 46 48
07 33 27 214 26 2024 4 5 19 46 48
12 33 27 214 28 2024 4 5 19 46 48
01 11 59 202 31 2024 4 5 19 46 49
01 14 08 130 31 2024 4 5 19 46 49
01 19 50 054 15 2024 4 5 19 46 49
01 20 14 170 28 2024 4 5 19 46 49
01 22 31 126 29 2024 4 5 19 46 49
01 24 35 247 15 2024 4 5 19 46 49
08 06 76 070 06 2024 4 5 19 46 49
08 14 08 130 30 2024 4 5 19 46 49
08 24 35 247 23 2024 4 5 19 46 49
02 76 23 157 27 2024 4 5 19 46 49
02 88 48 250 13 2024 4 5 19 46 49
07 33 27 214 26 2024 4 5 19 46 49
12 33 27 214 28 2024 4 5 19 46 49
01 11 59 202 31 2024 4 5 19 46 50
01 14 08 130 31 2024 4 5 19 46 50
01 19 50 054 16 2024 4 5 19 46 50
01 20 14 170 28 2024 4 5 19 46 50
01 22 31 126 30 2024 4 5 19 46 50
01 24 35 247 19 2024 4 5 19 46 50
08 14 08 130 30 2024 4 5 19 46 50
08 24 35 247 22 2024 4 5 19 46 50
02 76 23 157 26 2024 4 5 19 46 50
02 88 48 250 15 2024 4 5 19 46 50
07 33 28 214 26 2024 4 5 19 46 50
12 33 28 214 28 2024 4 5 19 46 50
01 06 76 070 07 2024 4 5 19 46 51
01 11 59 202 31 2024 4 5 19 46 51
01 14 08 130 31 2024 4 5 19 46 51
01 19 50 054 14 2024 4 5 19 46 51
01 20 14 170 29 2024 4 5 19 46 51
01 22 31 126 30 2024 4 5 19 46 51
01 24 35 247 17 2024 4 5 19 46 51
08 14 08 130 31 2024 4 5 19 46 51
08 24 35 247 23 2024 4 5 19 46 51
02 76 23 157 22 2024 4 5 19 46 51
02 88 48 250 17 2024 4 5 19 46 51
07 33 28 214 26 2024 4 5 19 46 51
12 33 28 214 28 2024 4 5 19 46 51
01 06 76 070 14 2024 4 5 19 46 52
01 11 59 202 31 2024 4 5 19 46 52
01 14 08 130 30 2024 4 5 19 46 52
01 19 50 054 17 2024 4 5 19 46 52
01 20 14 170 30 2024 4 5 19 46 52
01 22 31 126 30 2024 4 5 19 46 52
01 24 35 247 12 2024 4 5 19 46 52
08 14 08 130 30 2024 4 5 19 46 52
08 24 35 247 23 2024 4 5 19 46 52
02 76 23 157 21 2024 4 5 19 46 52
02 88 48 250 15 2024 4 5 19 46 52
07 33 28 214 26 2024 4 5 19 46 52
12 33 28 214 28 2024 4 5 19 46 52
01 06 76 070 10 2024 4 5 19 46 53
01 11 59 202 32 2024 4 5 19 46 53
01 14 08 130 31 2024 4 5 19 46 53
01 19 50 054 15 2024 4 5 19 46 53
01 20 14 170 30 2024 4 5 19 46 53
01 22 31 126 30 2024 4 5 19 46 53
01 24 35 247 13 2024 4 5 19 46 53
08 14 08 130 30 2024 4 5 19 46 53
08 24 35 247 22 2024 4 5 19 46 53
02 76 23 157 22 2024 4 5 19 46 53
02 88 48 250 11 2024 4 5 19 46 53
07 33 28 214 26 2024 4 5 19 46 53
12 33 28 214 27 2024 4 5 19 46 53
01 06 76 070 11 2024 4 5 19 46 54
01 11 59 202 32 2024 4 5 19 46 54
01 14 08 130 31 2024 4 5 19 46 54
01 19 50 054 10 2024 4 5 19 46 54
01 20 14 170 29 2024 4 5 19 46 54
01 22 31 126 29 2024 4 5 19 46 54
01 24 35 247 10 2024 4 5 19 46 54
08 06 76 070 09 2024 4 5 19 46 54
08 14 08 130 30 2024 4 5 19 46 54
08 24 35 247 21 2024 4 5 19 46 54
02 76 23 157 23 2024 4 5 19 46 54
02 88 48 250 16 2024 4 5 19 46 54
07 33 28 214 27 2024 4 5 19 46 54
12 33 28 214 28 2024 4 5 19 46 54
