01 12 38 312 06 2024 4 5 19 44 49
01 14 09 130 28 2024 4 5 19 44 49
01 20 14 171 26 2024 4 5 19 44 49
01 22 32 125 25 2024 4 5 19 44 49
02 76 24 156 34 2024 4 5 19 44 49
01 11 58 202 15 2024 4 5 19 44 50
01 14 09 130 30 2024 4 5 19 44 50
01 20 14 171 29 2024 4 5 19 44 50
01 22 32 125 26 2024 4 5 19 44 50
01 24 36 248 15 2024 4 5 19 44 50
02 76 24 156 33 2024 4 5 19 44 50
02 88 47 249 24 2024 4 5 19 44 50
01 11 58 202 22 2024 4 5 19 44 51
01 14 09 130 29 2024 4 5 19 44 51
01 20 14 171 31 2024 4 5 19 44 51
01 22 32 125 27 2024 4 5 19 44 51
01 24 36 248 17 2024 4 5 19 44 51
02 76 24 156 34 2024 4 5 19 44 51
02 88 47 249 23 2024 4 5 19 44 51
01 11 58 202 24 2024 4 5 19 44 52
01 14 09 130 30 2024 4 5 19 44 52
01 20 14 171 31 2024 4 5 19 44 52
01 22 32 125 28 2024 4 5 19 44 52
01 24 36 248 18 2024 4 5 19 44 52
08 14 09 130 34 2024 4 5 19 44 52
02 76 24 156 33 2024 4 5 19 44 52
02 88 47 249 22 2024 4 5 19 44 52
01 11 58 202 25 2024 4 5 19 44 53
01 14 09 130 29 2024 4 5 19 44 53
01 20 14 171 30 2024 4 5 19 44 53
01 22 32 125 27 2024 4 5 19 44 53
01 24 36 248 12 2024 4 5 19 44 53
08 14 09 130 34 2024 4 5 19 44 53
02 76 24 156 33 2024 4 5 19 44 53
02 88 47 249 23 2024 4 5 19 44 53
01 11 58 202 24 2024 4 5 19 44 54
01 14 09 130 29 2024 4 5 19 44 54
01 20 14 171 29 2024 4 5 19 44 54
01 22 32 125 29 2024 4 5 19 44 54
01 24 36 248 12 2024 4 5 19 44 54
08 14 09 130 34 2024 4 5 19 44 54
02 76 24 156 33 2024 4 5 19 44 54
02 88 47 249 23 2024 4 5 19 44 54
01 11 58 202 25 2024 4 5 19 44 55
01 14 09 130 27 2024 4 5 19 44 55
01 20 14 171 31 2024 4 5 19 44 55
01 22 32 125 29 2024 4 5 19 44 55
01 24 36 248 14 2024 4 5 19 44 55
08 14 09 130 33 2024 4 5 19 44 55
02 76 24 156 33 2024 4 5 19 44 55
02 88 47 249 23 2024 4 5 19 44 55
01 11 58 202 24 2024 4 5 19 44 56
01 14 09 130 27 2024 4 5 19 44 56
01 20 14 171 30 2024 4 5 19 44 56
01 22 32 125 28 2024 4 5 19 44 56
01 24 36 248 17 2024 4 5 19 44 56
08 14 09 130 33 2024 4 5 19 44 56
02 76 24 156 35 2024 4 5 19 44 56
02 88 47 249 22 2024 4 5 19 44 56
01 11 58 202 24 2024 4 5 19 44 57
01 14 09 130 28 2024 4 5 19 44 57
01 20 14 171 30 2024 4 5 19 44 57
01 22 32 125 28 2024 4 5 19 44 57
01 24 36 248 22 2024 4 5 19 44 57
08 14 09 130 33 2024 4 5 19 44 57
02 76 24 156 35 2024 4 5 19 44 57
02 88 47 249 24 2024 4 5 19 44 57
01 11 58 202 25 2024 4 5 19 44 58
01 14 09 130 28 2024 4 5 19 44 58
01 20 14 171 31 2024 4 5 19 44 58
01 22 32 125 25 2024 4 5 19 44 58
01 24 36 248 23 2024 4 5 19 44 58
08 14 09 130 33 2024 4 5 19 44 58
02 76 24 156 34 2024 4 5 19 44 58
02 88 47 249 25 2024 4 5 19 44 58
01 11 58 202 26 2024 4 5 19 44 59
01 14 09 130 29 2024 4 5 19 44 59
01 20 14 171 29 2024 4 5 19 44 59
01 22 32 125 24 2024 4 5 19 44 59
01 24 36 248 24 2024 4 5 19 44 59
08 14 09 130 34 2024 4 5 19 44 59
02 76 24 156 35 2024 4 5 19 44 59
02 88 47 249 24 2024 4 5 19 44 59
