01 05 05 182 38 2024 4 5 20 30 0
01 20 33 164 29 2024 4 5 20 30 0
01 22 14 137 28 2024 4 5 20 30 0
01 24 22 230 30 2024 4 5 20 30 0
08 24 22 230 27 2024 4 5 20 30 0
02 81 15 248 30 2024 4 5 20 30 0
01 24 22 230 23 2024 4 5 20 30 7
02 81 15 248 28 2024 4 5 20 30 7
01 19 35 072 18 2024 4 5 20 30 8
01 22 14 137 21 2024 4 5 20 30 8
01 24 22 230 25 2024 4 5 20 30 8
02 81 15 248 30 2024 4 5 20 30 8
01 19 35 072 15 2024 4 5 20 30 9
01 22 14 137 27 2024 4 5 20 30 9
01 24 22 230 26 2024 4 5 20 30 9
02 81 15 248 30 2024 4 5 20 30 9
01 19 35 072 15 2024 4 5 20 30 10
01 22 14 137 28 2024 4 5 20 30 10
01 24 22 230 27 2024 4 5 20 30 10
08 24 22 230 25 2024 4 5 20 30 10
02 81 15 248 29 2024 4 5 20 30 10
01 19 35 072 14 2024 4 5 20 30 11
01 22 14 137 29 2024 4 5 20 30 11
01 24 22 230 28 2024 4 5 20 30 11
08 24 22 230 26 2024 4 5 20 30 11
02 81 15 248 30 2024 4 5 20 30 11
01 05 05 182 32 2024 4 5 20 30 12
01 19 35 072 11 2024 4 5 20 30 12
01 22 14 137 28 2024 4 5 20 30 12
01 24 22 230 27 2024 4 5 20 30 12
08 24 22 230 27 2024 4 5 20 30 12
02 81 15 248 30 2024 4 5 20 30 12
01 05 05 182 38 2024 4 5 20 30 13
01 19 35 072 15 2024 4 5 20 30 13
01 22 14 137 28 2024 4 5 20 30 13
01 24 22 230 27 2024 4 5 20 30 13
08 24 22 230 26 2024 4 5 20 30 13
02 81 15 249 32 2024 4 5 20 30 13
01 05 05 182 40 2024 4 5 20 30 14
01 19 35 072 17 2024 4 5 20 30 14
01 22 14 137 29 2024 4 5 20 30 14
01 24 22 230 26 2024 4 5 20 30 14
08 24 22 230 26 2024 4 5 20 30 14
02 81 15 249 31 2024 4 5 20 30 14
01 05 05 182 41 2024 4 5 20 30 15
01 19 35 072 16 2024 4 5 20 30 15
01 22 14 137 29 2024 4 5 20 30 15
01 24 22 230 27 2024 4 5 20 30 15
08 24 22 230 27 2024 4 5 20 30 15
02 81 15 249 30 2024 4 5 20 30 15
01 05 05 182 42 2024 4 5 20 30 16
01 19 35 072 14 2024 4 5 20 30 16
01 22 14 137 29 2024 4 5 20 30 16
01 24 22 230 26 2024 4 5 20 30 16
08 24 22 230 26 2024 4 5 20 30 16
02 81 15 249 30 2024 4 5 20 30 16
01 05 05 182 41 2024 4 5 20 30 17
01 19 35 072 14 2024 4 5 20 30 17
01 22 14 137 29 2024 4 5 20 30 17
01 24 22 230 26 2024 4 5 20 30 17
08 24 22 230 26 2024 4 5 20 30 17
02 81 15 249 31 2024 4 5 20 30 17
01 05 05 182 41 2024 4 5 20 30 18
01 19 35 072 13 2024 4 5 20 30 18
01 22 14 137 28 2024 4 5 20 30 18
01 24 22 230 28 2024 4 5 20 30 18
08 24 22 230 26 2024 4 5 20 30 18
02 81 15 249 31 2024 4 5 20 30 18
01 05 05 182 40 2024 4 5 20 30 19
01 19 35 072 12 2024 4 5 20 30 19
01 22 14 137 28 2024 4 5 20 30 19
01 24 22 230 29 2024 4 5 20 30 19
08 24 22 230 27 2024 4 5 20 30 19
02 81 15 249 31 2024 4 5 20 30 19
01 05 05 182 40 2024 4 5 20 30 20
01 19 35 072 09 2024 4 5 20 30 20
01 22 14 137 29 2024 4 5 20 30 20
01 24 22 230 30 2024 4 5 20 30 20
08 24 22 230 28 2024 4 5 20 30 20
02 81 15 249 32 2024 4 5 20 30 20
01 05 05 182 41 2024 4 5 20 30 21
01 19 35 072 10 2024 4 5 20 30 21
01 20 33 163 24 2024 4 5 20 30 21
01 22 14 137 28 2024 4 5 20 30 21
01 24 22 230 31 2024 4 5 20 30 21
08 24 22 230 27 2024 4 5 20 30 21
02 81 15 249 32 2024 4 5 20 30 21
01 05 05 182 40 2024 4 5 20 30 22
01 19 35 072 12 2024 4 5 20 30 22
01 20 33 163 24 2024 4 5 20 30 22
01 22 14 137 25 2024 4 5 20 30 22
01 24 22 230 30 2024 4 5 20 30 22
08 24 22 230 28 2024 4 5 20 30 22
02 72 11 087 15 2024 4 5 20 30 22
02 81 15 249 32 2024 4 5 20 30 22
01 05 05 182 40 2024 4 5 20 30 23
01 20 33 163 27 2024 4 5 20 30 23
01 22 14 137 26 2024 4 5 20 30 23
01 24 22 230 30 2024 4 5 20 30 23
08 24 22 230 27 2024 4 5 20 30 23
02 72 11 087 08 2024 4 5 20 30 23
02 81 15 249 32 2024 4 5 20 30 23
01 05 05 182 40 2024 4 5 20 30 24
01 20 33 163 29 2024 4 5 20 30 24
01 22 14 137 27 2024 4 5 20 30 24
01 24 22 230 28 2024 4 5 20 30 24
08 24 22 230 26 2024 4 5 20 30 24
02 81 15 249 32 2024 4 5 20 30 24
01 05 05 182 40 2024 4 5 20 30 25
01 20 33 163 30 2024 4 5 20 30 25
01 22 14 137 27 2024 4 5 20 30 25
01 24 22 230 27 2024 4 5 20 30 25
08 24 22 230 26 2024 4 5 20 30 25
02 72 11 087 11 2024 4 5 20 30 25
02 81 15 249 32 2024 4 5 20 30 25
01 05 05 182 40 2024 4 5 20 30 35
01 20 33 163 26 2024 4 5 20 30 35
01 22 14 137 31 2024 4 5 20 30 35
02 81 15 249 32 2024 4 5 20 30 35
06 36 24 176 31 2024 4 5 20 30 35
01 05 05 182 40 2024 4 5 20 30 36
01 20 33 163 25 2024 4 5 20 30 36
01 22 14 137 32 2024 4 5 20 30 36
02 81 15 249 31 2024 4 5 20 30 36
06 36 24 176 31 2024 4 5 20 30 36
01 05 05 182 39 2024 4 5 20 30 38
01 20 33 163 24 2024 4 5 20 30 38
01 22 14 137 31 2024 4 5 20 30 38
01 24 22 230 14 2024 4 5 20 30 38
02 72 11 087 02 2024 4 5 20 30 38
02 81 15 249 31 2024 4 5 20 30 38
06 36 24 176 30 2024 4 5 20 30 38
01 05 05 182 40 2024 4 5 20 30 39
01 20 33 163 23 2024 4 5 20 30 39
01 22 14 137 31 2024 4 5 20 30 39
01 24 22 230 14 2024 4 5 20 30 39
02 81 15 249 31 2024 4 5 20 30 39
06 36 24 176 30 2024 4 5 20 30 39
11 36 24 176 31 2024 4 5 20 30 39
01 05 05 182 39 2024 4 5 20 30 40
01 20 33 163 23 2024 4 5 20 30 40
01 22 14 137 30 2024 4 5 20 30 40
01 24 22 230 18 2024 4 5 20 30 40
02 81 15 249 32 2024 4 5 20 30 40
06 36 24 176 30 2024 4 5 20 30 40
11 36 24 176 34 2024 4 5 20 30 40
01 05 05 182 39 2024 4 5 20 30 41
01 20 33 163 23 2024 4 5 20 30 41
01 22 14 137 28 2024 4 5 20 30 41
01 24 22 230 23 2024 4 5 20 30 41
02 81 15 249 31 2024 4 5 20 30 41
06 36 24 176 30 2024 4 5 20 30 41
11 36 24 176 33 2024 4 5 20 30 41
01 05 05 182 39 2024 4 5 20 30 42
01 11 81 214 07 2024 4 5 20 30 42
01 20 33 163 23 2024 4 5 20 30 42
01 22 14 137 30 2024 4 5 20 30 42
01 24 22 230 19 2024 4 5 20 30 42
02 81 15 249 30 2024 4 5 20 30 42
06 36 24 176 29 2024 4 5 20 30 42
11 36 24 176 33 2024 4 5 20 30 42
01 05 05 182 39 2024 4 5 20 30 43
01 20 33 163 22 2024 4 5 20 30 43
01 22 14 137 28 2024 4 5 20 30 43
01 24 22 230 19 2024 4 5 20 30 43
02 81 15 249 31 2024 4 5 20 30 43
06 36 24 176 28 2024 4 5 20 30 43
11 36 24 176 33 2024 4 5 20 30 43
01 05 05 182 40 2024 4 5 20 30 44
01 20 33 163 23 2024 4 5 20 30 44
01 22 14 137 27 2024 4 5 20 30 44
01 24 22 230 16 2024 4 5 20 30 44
02 81 15 249 32 2024 4 5 20 30 44
06 36 24 176 27 2024 4 5 20 30 44
11 36 24 176 33 2024 4 5 20 30 44
