01 05 24 178 44 2024 4 22 20 4 25
01 06 37 047 10 2024 4 22 20 4 25
01 11 78 028 10 2024 4 22 20 4 25
01 12 73 271 08 2024 4 22 20 4 25
01 19 21 088 07 2024 4 22 20 4 25
01 20 52 153 33 2024 4 22 20 4 25
01 24 08 217 37 2024 4 22 20 4 25
01 29 13 288 11 2024 4 22 20 4 25
08 06 37 047 07 2024 4 22 20 4 25
08 24 08 217 25 2024 4 22 20 4 25
02 66 12 120 23 2024 4 22 20 4 25
02 78 24 183 30 2024 4 22 20 4 25
02 79 61 243 22 2024 4 22 20 4 25
02 81 61 339 09 2024 4 22 20 4 25
06 14 27 098 26 2024 4 22 20 4 25
06 23 23 189 31 2024 4 22 20 4 25
06 27 26 271 23 2024 4 22 20 4 25
06 33 23 127 36 2024 4 22 20 4 25
10 23 23 189 35 2024 4 22 20 4 25
10 33 23 127 29 2024 4 22 20 4 25
10 37 46 249 17 2024 4 22 20 4 25
11 23 23 189 37 2024 4 22 20 4 25
11 33 23 127 30 2024 4 22 20 4 25
07 21 64 175 23 2024 4 22 20 4 25
07 26 64 248 19 2024 4 22 20 4 25
07 27 14 149 34 2024 4 22 20 4 25
07 33 15 236 33 2024 4 22 20 4 25
12 21 64 175 21 2024 4 22 20 4 25
12 27 14 149 31 2024 4 22 20 4 25
12 33 15 236 28 2024 4 22 20 4 25
01 05 24 178 42 2024 4 22 20 4 30
01 06 37 047 04 2024 4 22 20 4 30
01 11 78 028 11 2024 4 22 20 4 30
01 19 21 088 15 2024 4 22 20 4 30
01 20 52 153 31 2024 4 22 20 4 30
01 24 08 217 34 2024 4 22 20 4 30
01 29 13 288 04 2024 4 22 20 4 30
08 24 08 217 27 2024 4 22 20 4 30
02 66 12 120 20 2024 4 22 20 4 30
02 78 24 183 26 2024 4 22 20 4 30
02 79 61 243 23 2024 4 22 20 4 30
06 14 27 098 27 2024 4 22 20 4 30
06 23 23 189 28 2024 4 22 20 4 30
06 27 26 271 17 2024 4 22 20 4 30
06 33 23 127 34 2024 4 22 20 4 30
10 23 23 189 35 2024 4 22 20 4 30
10 27 26 271 11 2024 4 22 20 4 30
10 33 23 127 27 2024 4 22 20 4 30
10 37 46 249 14 2024 4 22 20 4 30
11 23 23 189 37 2024 4 22 20 4 30
11 27 26 271 06 2024 4 22 20 4 30
11 33 23 127 30 2024 4 22 20 4 30
11 37 46 249 09 2024 4 22 20 4 30
07 21 64 175 19 2024 4 22 20 4 30
07 26 64 248 19 2024 4 22 20 4 30
07 27 14 149 33 2024 4 22 20 4 30
07 33 16 236 32 2024 4 22 20 4 30
12 21 64 175 21 2024 4 22 20 4 30
12 26 64 248 12 2024 4 22 20 4 30
12 27 14 149 30 2024 4 22 20 4 30
12 33 16 236 28 2024 4 22 20 4 30
01 05 24 178 42 2024 4 22 20 4 35
01 06 37 047 13 2024 4 22 20 4 35
01 11 78 028 17 2024 4 22 20 4 35
01 12 73 271 07 2024 4 22 20 4 35
01 19 21 088 19 2024 4 22 20 4 35
01 20 52 153 33 2024 4 22 20 4 35
01 24 08 217 33 2024 4 22 20 4 35
01 29 13 288 05 2024 4 22 20 4 35
08 24 08 217 27 2024 4 22 20 4 35
02 66 12 120 21 2024 4 22 20 4 35
02 78 24 183 29 2024 4 22 20 4 35
02 79 61 243 20 2024 4 22 20 4 35
02 81 61 339 12 2024 4 22 20 4 35
06 14 27 098 26 2024 4 22 20 4 35
06 23 23 189 27 2024 4 22 20 4 35
06 27 26 271 12 2024 4 22 20 4 35
06 33 23 127 35 2024 4 22 20 4 35
10 23 23 189 34 2024 4 22 20 4 35
10 27 26 271 08 2024 4 22 20 4 35
10 33 23 127 29 2024 4 22 20 4 35
10 37 46 249 17 2024 4 22 20 4 35
11 23 23 189 37 2024 4 22 20 4 35
11 27 26 271 05 2024 4 22 20 4 35
11 33 23 127 30 2024 4 22 20 4 35
11 37 46 249 13 2024 4 22 20 4 35
07 21 64 175 22 2024 4 22 20 4 35
07 26 64 248 20 2024 4 22 20 4 35
07 27 14 149 34 2024 4 22 20 4 35
07 33 16 236 31 2024 4 22 20 4 35
12 21 64 175 21 2024 4 22 20 4 35
12 26 64 248 11 2024 4 22 20 4 35
12 27 14 149 30 2024 4 22 20 4 35
12 33 16 236 27 2024 4 22 20 4 35
01 05 24 178 39 2024 4 22 20 4 40
01 11 78 028 08 2024 4 22 20 4 40
01 19 21 088 08 2024 4 22 20 4 40
01 20 52 153 28 2024 4 22 20 4 40
01 24 08 217 32 2024 4 22 20 4 40
01 29 13 288 09 2024 4 22 20 4 40
08 06 37 047 08 2024 4 22 20 4 40
08 24 08 217 25 2024 4 22 20 4 40
02 66 12 120 20 2024 4 22 20 4 40
02 78 24 183 23 2024 4 22 20 4 40
02 79 60 243 22 2024 4 22 20 4 40
02 81 61 339 04 2024 4 22 20 4 40
06 14 27 098 22 2024 4 22 20 4 40
06 23 23 189 30 2024 4 22 20 4 40
06 27 26 271 14 2024 4 22 20 4 40
06 33 23 127 34 2024 4 22 20 4 40
10 23 23 189 32 2024 4 22 20 4 40
10 27 26 271 13 2024 4 22 20 4 40
10 33 23 127 29 2024 4 22 20 4 40
10 37 46 249 18 2024 4 22 20 4 40
11 23 23 189 36 2024 4 22 20 4 40
11 27 26 271 09 2024 4 22 20 4 40
11 33 23 127 30 2024 4 22 20 4 40
11 37 46 249 15 2024 4 22 20 4 40
07 21 64 175 24 2024 4 22 20 4 40
07 26 64 248 19 2024 4 22 20 4 40
07 27 14 149 33 2024 4 22 20 4 40
07 33 16 236 28 2024 4 22 20 4 40
12 21 64 175 22 2024 4 22 20 4 40
12 26 64 248 13 2024 4 22 20 4 40
12 27 14 149 30 2024 4 22 20 4 40
12 33 16 236 27 2024 4 22 20 4 40
01 05 24 178 41 2024 4 22 20 4 45
01 06 37 047 09 2024 4 22 20 4 45
01 11 78 028 08 2024 4 22 20 4 45
01 19 21 088 13 2024 4 22 20 4 45
01 20 52 153 30 2024 4 22 20 4 45
01 24 08 217 33 2024 4 22 20 4 45
01 29 13 288 13 2024 4 22 20 4 45
08 06 37 047 12 2024 4 22 20 4 45
08 24 08 217 24 2024 4 22 20 4 45
02 66 12 120 25 2024 4 22 20 4 45
02 78 24 183 27 2024 4 22 20 4 45
02 79 60 243 26 2024 4 22 20 4 45
02 81 61 339 12 2024 4 22 20 4 45
06 14 27 098 23 2024 4 22 20 4 45
06 23 23 189 31 2024 4 22 20 4 45
06 27 26 271 16 2024 4 22 20 4 45
06 33 23 127 35 2024 4 22 20 4 45
10 23 23 189 35 2024 4 22 20 4 45
10 27 26 271 13 2024 4 22 20 4 45
10 33 23 127 28 2024 4 22 20 4 45
10 37 46 249 19 2024 4 22 20 4 45
11 23 23 189 37 2024 4 22 20 4 45
11 27 26 271 02 2024 4 22 20 4 45
11 33 23 127 29 2024 4 22 20 4 45
11 37 46 249 17 2024 4 22 20 4 45
07 21 64 175 23 2024 4 22 20 4 45
07 26 64 248 19 2024 4 22 20 4 45
07 27 14 149 32 2024 4 22 20 4 45
07 33 16 236 29 2024 4 22 20 4 45
12 21 64 175 22 2024 4 22 20 4 45
12 26 64 248 14 2024 4 22 20 4 45
12 27 14 149 29 2024 4 22 20 4 45
12 33 16 236 27 2024 4 22 20 4 45
01 05 24 178 41 2024 4 22 20 4 50
01 06 37 047 12 2024 4 22 20 4 50
01 11 78 028 13 2024 4 22 20 4 50
01 19 21 088 18 2024 4 22 20 4 50
01 20 52 153 31 2024 4 22 20 4 50
01 24 08 217 32 2024 4 22 20 4 50
01 29 14 288 11 2024 4 22 20 4 50
08 06 37 047 13 2024 4 22 20 4 50
08 24 08 217 24 2024 4 22 20 4 50
02 66 12 120 23 2024 4 22 20 4 50
02 78 24 183 26 2024 4 22 20 4 50
02 79 60 243 23 2024 4 22 20 4 50
02 81 61 339 12 2024 4 22 20 4 50
06 14 27 098 22 2024 4 22 20 4 50
06 23 23 189 30 2024 4 22 20 4 50
06 27 26 271 16 2024 4 22 20 4 50
06 33 23 127 36 2024 4 22 20 4 50
10 23 23 189 36 2024 4 22 20 4 50
10 27 26 271 06 2024 4 22 20 4 50
10 33 23 127 30 2024 4 22 20 4 50
10 37 46 249 14 2024 4 22 20 4 50
11 23 23 189 37 2024 4 22 20 4 50
11 27 26 271 08 2024 4 22 20 4 50
11 33 23 127 29 2024 4 22 20 4 50
11 37 46 249 16 2024 4 22 20 4 50
07 21 64 175 23 2024 4 22 20 4 50
07 26 64 248 17 2024 4 22 20 4 50
07 27 14 149 31 2024 4 22 20 4 50
07 33 16 236 29 2024 4 22 20 4 50
12 21 64 175 22 2024 4 22 20 4 50
12 26 64 248 13 2024 4 22 20 4 50
12 27 14 149 29 2024 4 22 20 4 50
12 33 16 236 27 2024 4 22 20 4 50
01 05 24 178 40 2024 4 22 20 4 55
01 06 37 047 09 2024 4 22 20 4 55
01 19 21 088 13 2024 4 22 20 4 55
01 20 52 153 30 2024 4 22 20 4 55
01 24 08 217 30 2024 4 22 20 4 55
01 29 14 288 09 2024 4 22 20 4 55
08 24 08 217 21 2024 4 22 20 4 55
02 66 12 120 24 2024 4 22 20 4 55
02 78 24 183 25 2024 4 22 20 4 55
02 79 60 243 20 2024 4 22 20 4 55
02 81 61 339 07 2024 4 22 20 4 55
06 14 27 098 23 2024 4 22 20 4 55
06 23 23 189 32 2024 4 22 20 4 55
06 27 26 271 17 2024 4 22 20 4 55
06 33 23 127 35 2024 4 22 20 4 55
10 23 23 189 36 2024 4 22 20 4 55
10 27 26 271 12 2024 4 22 20 4 55
10 33 23 127 27 2024 4 22 20 4 55
10 37 46 249 16 2024 4 22 20 4 55
11 23 23 189 37 2024 4 22 20 4 55
11 33 23 127 28 2024 4 22 20 4 55
11 37 46 249 15 2024 4 22 20 4 55
07 21 64 175 22 2024 4 22 20 4 55
07 26 64 249 17 2024 4 22 20 4 55
07 27 14 149 31 2024 4 22 20 4 55
07 33 16 236 28 2024 4 22 20 4 55
12 21 64 175 20 2024 4 22 20 4 55
12 26 64 249 10 2024 4 22 20 4 55
12 27 14 149 30 2024 4 22 20 4 55
12 33 16 236 27 2024 4 22 20 4 55
01 05 24 178 40 2024 4 22 20 5 0
01 06 37 047 12 2024 4 22 20 5 0
01 11 77 028 11 2024 4 22 20 5 0
01 19 21 088 16 2024 4 22 20 5 0
01 20 52 153 31 2024 4 22 20 5 0
01 24 08 217 28 2024 4 22 20 5 0
01 29 14 288 06 2024 4 22 20 5 0
08 24 08 217 21 2024 4 22 20 5 0
02 66 12 120 25 2024 4 22 20 5 0
02 78 24 183 26 2024 4 22 20 5 0
02 79 60 243 23 2024 4 22 20 5 0
06 14 27 098 25 2024 4 22 20 5 0
06 23 23 189 25 2024 4 22 20 5 0
06 27 26 271 16 2024 4 22 20 5 0
06 33 23 127 33 2024 4 22 20 5 0
10 23 23 189 36 2024 4 22 20 5 0
10 27 26 271 11 2024 4 22 20 5 0
10 33 23 127 30 2024 4 22 20 5 0
10 37 46 249 17 2024 4 22 20 5 0
11 23 23 189 37 2024 4 22 20 5 0
11 27 26 271 04 2024 4 22 20 5 0
11 33 23 127 27 2024 4 22 20 5 0
11 37 46 249 12 2024 4 22 20 5 0
07 21 64 175 22 2024 4 22 20 5 0
07 26 64 249 18 2024 4 22 20 5 0
07 27 14 149 32 2024 4 22 20 5 0
07 33 16 236 27 2024 4 22 20 5 0
12 21 64 175 21 2024 4 22 20 5 0
12 26 64 249 12 2024 4 22 20 5 0
12 27 14 149 29 2024 4 22 20 5 0
12 33 16 236 26 2024 4 22 20 5 0
