01 05 08 181 38 2024 4 5 20 38 18
01 20 37 162 34 2024 4 5 20 38 18
01 22 11 138 24 2024 4 5 20 38 18
06 36 21 176 32 2024 4 5 20 38 18
01 05 08 181 38 2024 4 5 20 38 20
01 20 37 162 34 2024 4 5 20 38 20
01 22 11 138 25 2024 4 5 20 38 20
06 20 16 118 20 2024 4 5 20 38 20
06 36 21 176 33 2024 4 5 20 38 20
01 05 08 181 38 2024 4 5 20 38 21
01 20 37 162 35 2024 4 5 20 38 21
01 22 11 138 24 2024 4 5 20 38 21
01 24 20 227 20 2024 4 5 20 38 21
06 20 16 118 26 2024 4 5 20 38 21
06 36 21 176 33 2024 4 5 20 38 21
01 20 37 162 35 2024 4 5 20 38 22
01 22 11 138 27 2024 4 5 20 38 22
01 05 08 181 38 2024 4 5 20 38 22
01 20 37 162 34 2024 4 5 20 38 22
01 22 11 138 29 2024 4 5 20 38 22
01 24 20 227 24 2024 4 5 20 38 22
02 81 17 252 22 2024 4 5 20 38 22
06 20 16 118 27 2024 4 5 20 38 22
06 36 21 176 33 2024 4 5 20 38 22
11 20 16 118 18 2024 4 5 20 38 22
11 36 21 176 35 2024 4 5 20 38 22
01 05 08 181 36 2024 4 5 20 38 42
01 20 37 162 34 2024 4 5 20 38 42
01 22 11 138 28 2024 4 5 20 38 42
01 24 19 227 26 2024 4 5 20 38 42
06 36 21 176 33 2024 4 5 20 38 42
01 05 08 181 36 2024 4 5 20 38 44
01 20 37 162 34 2024 4 5 20 38 44
01 22 11 138 28 2024 4 5 20 38 44
01 24 19 227 27 2024 4 5 20 38 44
06 36 21 176 33 2024 4 5 20 38 44
01 05 08 181 37 2024 4 5 20 38 45
01 20 37 162 34 2024 4 5 20 38 45
01 22 11 138 29 2024 4 5 20 38 45
01 24 19 227 28 2024 4 5 20 38 45
06 36 21 176 34 2024 4 5 20 38 45
11 36 21 176 34 2024 4 5 20 38 45
01 20 37 162 34 2024 4 5 20 38 46
01 22 11 138 28 2024 4 5 20 38 46
01 05 08 181 34 2024 4 5 20 38 46
01 20 37 162 34 2024 4 5 20 38 46
01 22 11 138 30 2024 4 5 20 38 46
01 24 19 227 26 2024 4 5 20 38 46
08 24 19 227 28 2024 4 5 20 38 46
02 72 13 083 15 2024 4 5 20 38 46
06 36 21 176 34 2024 4 5 20 38 46
11 36 21 176 34 2024 4 5 20 38 46
01 05 08 181 34 2024 4 5 20 38 50
01 20 37 162 34 2024 4 5 20 38 50
01 22 11 138 31 2024 4 5 20 38 50
01 24 19 227 25 2024 4 5 20 38 50
08 24 19 227 29 2024 4 5 20 38 50
02 72 13 083 14 2024 4 5 20 38 50
06 36 21 176 33 2024 4 5 20 38 50
11 36 21 176 34 2024 4 5 20 38 50
01 05 08 181 35 2024 4 5 20 38 51
01 20 37 162 33 2024 4 5 20 38 51
01 22 11 138 31 2024 4 5 20 38 51
01 24 19 227 24 2024 4 5 20 38 51
08 24 19 227 29 2024 4 5 20 38 51
02 72 13 083 06 2024 4 5 20 38 51
06 36 21 176 33 2024 4 5 20 38 51
11 36 21 176 34 2024 4 5 20 38 51
01 05 08 181 34 2024 4 5 20 38 52
01 20 37 162 33 2024 4 5 20 38 52
01 22 11 138 32 2024 4 5 20 38 52
01 24 19 227 25 2024 4 5 20 38 52
08 24 19 227 28 2024 4 5 20 38 52
02 72 13 083 13 2024 4 5 20 38 52
06 36 21 176 34 2024 4 5 20 38 52
11 36 21 176 34 2024 4 5 20 38 52
01 05 08 181 35 2024 4 5 20 38 53
01 20 37 162 33 2024 4 5 20 38 53
01 22 11 138 32 2024 4 5 20 38 53
01 24 19 227 26 2024 4 5 20 38 53
08 24 19 227 29 2024 4 5 20 38 53
02 72 13 083 14 2024 4 5 20 38 53
06 36 21 176 33 2024 4 5 20 38 53
11 36 21 176 34 2024 4 5 20 38 53
01 05 08 181 34 2024 4 5 20 38 54
01 20 37 162 33 2024 4 5 20 38 54
01 22 11 138 33 2024 4 5 20 38 54
01 24 19 227 26 2024 4 5 20 38 54
08 24 19 227 30 2024 4 5 20 38 54
02 72 13 083 14 2024 4 5 20 38 54
06 36 21 176 33 2024 4 5 20 38 54
11 36 21 176 34 2024 4 5 20 38 54
01 05 08 181 33 2024 4 5 20 38 55
01 20 37 162 32 2024 4 5 20 38 55
01 22 11 138 32 2024 4 5 20 38 55
01 24 19 227 26 2024 4 5 20 38 55
08 24 19 227 30 2024 4 5 20 38 55
02 72 13 083 04 2024 4 5 20 38 55
06 36 21 176 32 2024 4 5 20 38 55
11 36 21 176 33 2024 4 5 20 38 55
01 05 08 181 33 2024 4 5 20 38 56
01 20 37 162 32 2024 4 5 20 38 56
01 22 11 138 34 2024 4 5 20 38 56
01 24 19 227 25 2024 4 5 20 38 56
08 24 19 227 30 2024 4 5 20 38 56
02 72 13 083 13 2024 4 5 20 38 56
06 36 21 176 32 2024 4 5 20 38 56
11 36 21 176 33 2024 4 5 20 38 56
01 05 08 181 33 2024 4 5 20 38 57
01 11 85 222 13 2024 4 5 20 38 57
01 20 37 162 33 2024 4 5 20 38 57
01 22 11 138 34 2024 4 5 20 38 57
01 24 19 227 26 2024 4 5 20 38 57
08 24 19 227 30 2024 4 5 20 38 57
02 72 13 083 13 2024 4 5 20 38 57
02 81 18 252 17 2024 4 5 20 38 57
06 36 21 176 32 2024 4 5 20 38 57
11 36 21 176 33 2024 4 5 20 38 57
01 05 08 181 32 2024 4 5 20 38 58
01 11 85 222 13 2024 4 5 20 38 58
01 20 37 162 33 2024 4 5 20 38 58
01 22 11 138 34 2024 4 5 20 38 58
01 24 19 227 25 2024 4 5 20 38 58
08 24 19 227 30 2024 4 5 20 38 58
02 72 13 083 13 2024 4 5 20 38 58
02 81 18 252 18 2024 4 5 20 38 58
06 36 21 176 31 2024 4 5 20 38 58
11 36 21 176 33 2024 4 5 20 38 58
01 05 08 181 31 2024 4 5 20 38 59
01 11 85 222 11 2024 4 5 20 38 59
01 20 37 162 33 2024 4 5 20 38 59
01 22 11 138 34 2024 4 5 20 38 59
01 24 19 227 26 2024 4 5 20 38 59
08 24 19 227 30 2024 4 5 20 38 59
02 72 13 083 16 2024 4 5 20 38 59
02 81 18 252 20 2024 4 5 20 38 59
06 36 20 176 31 2024 4 5 20 38 59
11 36 20 176 34 2024 4 5 20 38 59
01 05 08 181 32 2024 4 5 20 39 0
01 11 85 222 12 2024 4 5 20 39 0
01 20 37 162 32 2024 4 5 20 39 0
01 22 11 138 34 2024 4 5 20 39 0
01 24 19 227 27 2024 4 5 20 39 0
08 24 19 227 30 2024 4 5 20 39 0
02 72 13 083 09 2024 4 5 20 39 0
02 81 18 252 20 2024 4 5 20 39 0
06 36 20 176 30 2024 4 5 20 39 0
11 36 20 176 34 2024 4 5 20 39 0
01 05 08 181 32 2024 4 5 20 39 1
01 11 85 222 10 2024 4 5 20 39 1
01 20 37 162 32 2024 4 5 20 39 1
01 22 11 138 35 2024 4 5 20 39 1
01 24 19 227 27 2024 4 5 20 39 1
08 24 19 227 30 2024 4 5 20 39 1
02 72 13 083 02 2024 4 5 20 39 1
02 81 18 252 20 2024 4 5 20 39 1
06 36 20 176 30 2024 4 5 20 39 1
11 36 20 176 34 2024 4 5 20 39 1
01 05 08 181 31 2024 4 5 20 39 2
01 11 85 222 14 2024 4 5 20 39 2
01 20 37 162 32 2024 4 5 20 39 2
01 22 11 138 34 2024 4 5 20 39 2
01 24 19 227 28 2024 4 5 20 39 2
08 24 19 227 30 2024 4 5 20 39 2
02 81 18 252 24 2024 4 5 20 39 2
06 36 20 176 29 2024 4 5 20 39 2
11 36 20 176 34 2024 4 5 20 39 2
01 05 08 181 32 2024 4 5 20 39 3
01 11 85 222 13 2024 4 5 20 39 3
01 20 37 162 32 2024 4 5 20 39 3
01 22 11 138 35 2024 4 5 20 39 3
01 24 19 227 28 2024 4 5 20 39 3
08 24 19 227 31 2024 4 5 20 39 3
02 72 13 083 13 2024 4 5 20 39 3
02 81 18 252 25 2024 4 5 20 39 3
06 36 20 176 29 2024 4 5 20 39 3
11 36 20 176 33 2024 4 5 20 39 3
01 05 08 181 32 2024 4 5 20 39 4
01 11 85 222 15 2024 4 5 20 39 4
01 20 37 162 32 2024 4 5 20 39 4
01 22 11 138 35 2024 4 5 20 39 4
01 24 19 227 26 2024 4 5 20 39 4
08 24 19 227 30 2024 4 5 20 39 4
02 72 13 083 08 2024 4 5 20 39 4
02 81 18 252 27 2024 4 5 20 39 4
06 36 20 176 29 2024 4 5 20 39 4
11 36 20 176 34 2024 4 5 20 39 4
01 05 08 181 30 2024 4 5 20 39 5
01 11 85 222 15 2024 4 5 20 39 5
01 20 37 162 32 2024 4 5 20 39 5
01 22 11 138 35 2024 4 5 20 39 5
01 24 19 227 27 2024 4 5 20 39 5
08 24 19 227 30 2024 4 5 20 39 5
02 72 13 083 10 2024 4 5 20 39 5
02 81 18 252 28 2024 4 5 20 39 5
06 36 20 176 28 2024 4 5 20 39 5
11 36 20 176 34 2024 4 5 20 39 5
01 05 08 181 30 2024 4 5 20 39 6
01 11 85 222 15 2024 4 5 20 39 6
01 20 37 162 32 2024 4 5 20 39 6
01 22 11 138 35 2024 4 5 20 39 6
01 24 19 227 29 2024 4 5 20 39 6
08 24 19 227 30 2024 4 5 20 39 6
02 81 18 252 28 2024 4 5 20 39 6
06 36 20 176 27 2024 4 5 20 39 6
11 36 20 176 34 2024 4 5 20 39 6
01 05 08 181 31 2024 4 5 20 39 7
01 11 85 222 14 2024 4 5 20 39 7
01 20 37 162 32 2024 4 5 20 39 7
01 22 11 138 35 2024 4 5 20 39 7
01 24 19 227 30 2024 4 5 20 39 7
08 24 19 227 31 2024 4 5 20 39 7
02 72 13 083 13 2024 4 5 20 39 7
02 81 18 252 28 2024 4 5 20 39 7
06 36 20 176 28 2024 4 5 20 39 7
11 36 20 176 34 2024 4 5 20 39 7
01 05 08 181 30 2024 4 5 20 39 8
01 11 85 222 16 2024 4 5 20 39 8
01 20 37 162 32 2024 4 5 20 39 8
01 22 11 138 35 2024 4 5 20 39 8
01 24 19 227 31 2024 4 5 20 39 8
08 24 19 227 31 2024 4 5 20 39 8
02 72 13 083 12 2024 4 5 20 39 8
02 81 18 252 29 2024 4 5 20 39 8
06 36 20 176 28 2024 4 5 20 39 8
11 36 20 176 34 2024 4 5 20 39 8
01 05 08 181 29 2024 4 5 20 39 9
01 11 85 222 16 2024 4 5 20 39 9
01 20 37 162 32 2024 4 5 20 39 9
01 22 11 139 36 2024 4 5 20 39 9
01 24 19 227 31 2024 4 5 20 39 9
08 24 19 227 31 2024 4 5 20 39 9
02 81 18 252 31 2024 4 5 20 39 9
06 36 20 176 27 2024 4 5 20 39 9
11 36 20 176 34 2024 4 5 20 39 9
07 21 36 145 26 2024 4 5 20 39 9
01 05 08 181 29 2024 4 5 20 39 10
01 11 85 222 15 2024 4 5 20 39 10
01 20 37 162 31 2024 4 5 20 39 10
01 22 11 139 36 2024 4 5 20 39 10
01 24 19 227 31 2024 4 5 20 39 10
08 24 19 227 30 2024 4 5 20 39 10
02 72 13 083 08 2024 4 5 20 39 10
02 81 18 252 30 2024 4 5 20 39 10
06 36 20 176 27 2024 4 5 20 39 10
11 36 20 176 34 2024 4 5 20 39 10
07 21 36 145 35 2024 4 5 20 39 10
01 05 08 181 30 2024 4 5 20 39 11
01 11 85 222 14 2024 4 5 20 39 11
01 20 37 162 32 2024 4 5 20 39 11
01 22 11 139 36 2024 4 5 20 39 11
01 24 19 227 31 2024 4 5 20 39 11
08 24 19 227 31 2024 4 5 20 39 11
02 72 13 083 07 2024 4 5 20 39 11
02 81 18 252 29 2024 4 5 20 39 11
06 36 20 176 28 2024 4 5 20 39 11
11 36 20 176 34 2024 4 5 20 39 11
07 21 36 145 35 2024 4 5 20 39 11
01 05 08 181 29 2024 4 5 20 39 12
01 11 85 222 15 2024 4 5 20 39 12
01 20 37 162 32 2024 4 5 20 39 12
01 22 11 139 36 2024 4 5 20 39 12
01 24 19 227 30 2024 4 5 20 39 12
08 24 19 227 30 2024 4 5 20 39 12
02 72 13 083 14 2024 4 5 20 39 12
02 81 18 252 28 2024 4 5 20 39 12
06 36 20 176 28 2024 4 5 20 39 12
11 36 20 176 34 2024 4 5 20 39 12
07 21 36 145 34 2024 4 5 20 39 12
01 05 08 181 30 2024 4 5 20 39 13
01 11 85 222 14 2024 4 5 20 39 13
01 20 37 162 32 2024 4 5 20 39 13
01 22 11 139 36 2024 4 5 20 39 13
01 24 19 227 30 2024 4 5 20 39 13
08 24 19 227 30 2024 4 5 20 39 13
02 72 13 083 17 2024 4 5 20 39 13
02 81 18 252 28 2024 4 5 20 39 13
06 36 20 176 29 2024 4 5 20 39 13
11 36 20 176 34 2024 4 5 20 39 13
07 21 36 145 34 2024 4 5 20 39 13
12 21 36 145 22 2024 4 5 20 39 13
01 05 08 181 28 2024 4 5 20 39 14
01 11 85 222 15 2024 4 5 20 39 14
01 20 37 162 32 2024 4 5 20 39 14
01 22 11 139 36 2024 4 5 20 39 14
01 24 19 227 30 2024 4 5 20 39 14
08 24 19 227 30 2024 4 5 20 39 14
02 72 13 083 15 2024 4 5 20 39 14
02 81 18 252 28 2024 4 5 20 39 14
06 36 20 176 29 2024 4 5 20 39 14
11 36 20 176 35 2024 4 5 20 39 14
07 21 36 145 34 2024 4 5 20 39 14
12 21 36 145 23 2024 4 5 20 39 14
01 05 08 181 29 2024 4 5 20 39 15
01 11 85 222 11 2024 4 5 20 39 15
01 20 37 162 31 2024 4 5 20 39 15
01 22 11 139 37 2024 4 5 20 39 15
01 24 19 227 31 2024 4 5 20 39 15
08 24 19 227 31 2024 4 5 20 39 15
02 72 13 083 13 2024 4 5 20 39 15
02 79 18 329 14 2024 4 5 20 39 15
02 81 18 252 28 2024 4 5 20 39 15
06 36 20 176 30 2024 4 5 20 39 15
11 36 20 176 35 2024 4 5 20 39 15
07 21 36 145 34 2024 4 5 20 39 15
12 21 36 145 23 2024 4 5 20 39 15
01 05 08 181 29 2024 4 5 20 39 16
01 11 85 222 15 2024 4 5 20 39 16
01 20 37 162 31 2024 4 5 20 39 16
01 22 11 139 36 2024 4 5 20 39 16
01 24 19 227 31 2024 4 5 20 39 16
08 24 19 227 31 2024 4 5 20 39 16
02 72 13 083 13 2024 4 5 20 39 16
02 79 18 329 12 2024 4 5 20 39 16
02 81 18 252 28 2024 4 5 20 39 16
06 36 20 176 29 2024 4 5 20 39 16
11 36 20 176 35 2024 4 5 20 39 16
07 21 36 145 34 2024 4 5 20 39 16
12 21 36 145 24 2024 4 5 20 39 16
01 05 08 181 29 2024 4 5 20 39 17
01 11 85 222 13 2024 4 5 20 39 17
01 20 37 162 30 2024 4 5 20 39 17
01 22 11 139 37 2024 4 5 20 39 17
01 24 19 227 30 2024 4 5 20 39 17
08 24 19 227 30 2024 4 5 20 39 17
02 72 13 083 08 2024 4 5 20 39 17
02 79 18 329 14 2024 4 5 20 39 17
02 81 18 252 28 2024 4 5 20 39 17
06 36 20 176 28 2024 4 5 20 39 17
11 36 20 176 35 2024 4 5 20 39 17
07 21 36 145 33 2024 4 5 20 39 17
12 21 36 145 24 2024 4 5 20 39 17
01 05 08 181 28 2024 4 5 20 39 18
01 11 85 222 10 2024 4 5 20 39 18
01 20 37 162 31 2024 4 5 20 39 18
01 22 11 139 37 2024 4 5 20 39 18
01 24 19 227 31 2024 4 5 20 39 18
08 24 19 227 30 2024 4 5 20 39 18
02 72 13 083 08 2024 4 5 20 39 18
02 79 18 329 07 2024 4 5 20 39 18
02 81 18 252 27 2024 4 5 20 39 18
06 36 20 176 28 2024 4 5 20 39 18
11 36 20 176 34 2024 4 5 20 39 18
07 21 36 145 33 2024 4 5 20 39 18
12 21 36 145 24 2024 4 5 20 39 18
01 05 08 181 28 2024 4 5 20 39 19
01 11 85 222 11 2024 4 5 20 39 19
01 20 37 162 31 2024 4 5 20 39 19
01 22 11 139 36 2024 4 5 20 39 19
01 24 19 227 30 2024 4 5 20 39 19
08 24 19 227 30 2024 4 5 20 39 19
02 72 13 083 11 2024 4 5 20 39 19
02 79 18 329 14 2024 4 5 20 39 19
02 81 18 252 28 2024 4 5 20 39 19
06 36 20 176 28 2024 4 5 20 39 19
11 36 20 176 35 2024 4 5 20 39 19
07 21 36 145 33 2024 4 5 20 39 19
12 21 36 145 23 2024 4 5 20 39 19
01 05 08 181 28 2024 4 5 20 39 20
01 11 85 222 09 2024 4 5 20 39 20
01 20 37 162 31 2024 4 5 20 39 20
01 22 11 139 37 2024 4 5 20 39 20
01 24 19 227 29 2024 4 5 20 39 20
08 24 19 227 31 2024 4 5 20 39 20
02 72 13 083 15 2024 4 5 20 39 20
02 79 18 329 09 2024 4 5 20 39 20
02 81 18 252 27 2024 4 5 20 39 20
06 36 20 176 28 2024 4 5 20 39 20
11 36 20 176 35 2024 4 5 20 39 20
07 21 36 145 33 2024 4 5 20 39 20
12 21 36 145 24 2024 4 5 20 39 20
01 05 08 181 27 2024 4 5 20 39 21
01 11 85 223 12 2024 4 5 20 39 21
01 20 37 162 31 2024 4 5 20 39 21
01 22 11 139 37 2024 4 5 20 39 21
01 24 19 227 30 2024 4 5 20 39 21
08 24 19 227 30 2024 4 5 20 39 21
02 72 13 083 15 2024 4 5 20 39 21
02 79 18 329 14 2024 4 5 20 39 21
02 81 18 252 27 2024 4 5 20 39 21
06 36 20 176 29 2024 4 5 20 39 21
11 36 20 176 35 2024 4 5 20 39 21
07 21 36 145 33 2024 4 5 20 39 21
12 21 36 145 24 2024 4 5 20 39 21
01 05 08 181 28 2024 4 5 20 39 22
01 11 85 223 14 2024 4 5 20 39 22
01 20 37 162 31 2024 4 5 20 39 22
01 22 11 139 37 2024 4 5 20 39 22
01 24 19 227 30 2024 4 5 20 39 22
08 24 19 227 30 2024 4 5 20 39 22
02 72 13 083 13 2024 4 5 20 39 22
02 79 18 329 14 2024 4 5 20 39 22
02 81 18 252 27 2024 4 5 20 39 22
06 36 20 176 28 2024 4 5 20 39 22
11 36 20 176 35 2024 4 5 20 39 22
07 21 36 145 33 2024 4 5 20 39 22
12 21 36 145 23 2024 4 5 20 39 22
01 05 08 181 28 2024 4 5 20 39 23
01 11 85 223 13 2024 4 5 20 39 23
01 20 37 162 31 2024 4 5 20 39 23
01 22 11 139 37 2024 4 5 20 39 23
01 24 19 227 31 2024 4 5 20 39 23
08 24 19 227 30 2024 4 5 20 39 23
02 72 13 083 15 2024 4 5 20 39 23
02 79 18 329 12 2024 4 5 20 39 23
02 81 18 252 27 2024 4 5 20 39 23
06 36 20 176 29 2024 4 5 20 39 23
11 36 20 176 35 2024 4 5 20 39 23
07 21 36 145 33 2024 4 5 20 39 23
12 21 36 145 24 2024 4 5 20 39 23
01 05 08 181 26 2024 4 5 20 39 24
01 11 85 223 12 2024 4 5 20 39 24
01 20 37 162 31 2024 4 5 20 39 24
01 22 11 139 37 2024 4 5 20 39 24
01 24 19 227 30 2024 4 5 20 39 24
08 24 19 227 30 2024 4 5 20 39 24
02 72 13 083 13 2024 4 5 20 39 24
02 79 18 329 14 2024 4 5 20 39 24
02 81 18 252 27 2024 4 5 20 39 24
06 36 20 176 29 2024 4 5 20 39 24
11 36 20 176 35 2024 4 5 20 39 24
07 21 36 145 33 2024 4 5 20 39 24
12 21 36 145 24 2024 4 5 20 39 24
01 05 08 181 24 2024 4 5 20 39 25
01 11 85 223 12 2024 4 5 20 39 25
01 20 37 162 31 2024 4 5 20 39 25
01 22 11 139 38 2024 4 5 20 39 25
01 24 19 227 30 2024 4 5 20 39 25
08 24 19 227 29 2024 4 5 20 39 25
02 72 13 083 14 2024 4 5 20 39 25
02 79 18 329 18 2024 4 5 20 39 25
02 81 18 252 26 2024 4 5 20 39 25
06 36 20 176 28 2024 4 5 20 39 25
11 36 20 176 35 2024 4 5 20 39 25
07 21 36 145 33 2024 4 5 20 39 25
12 21 36 145 24 2024 4 5 20 39 25
01 05 08 181 26 2024 4 5 20 39 26
01 11 85 223 14 2024 4 5 20 39 26
01 20 37 162 31 2024 4 5 20 39 26
01 22 11 139 38 2024 4 5 20 39 26
01 24 19 227 31 2024 4 5 20 39 26
08 24 19 227 30 2024 4 5 20 39 26
02 72 13 083 12 2024 4 5 20 39 26
02 79 18 329 16 2024 4 5 20 39 26
02 81 18 252 28 2024 4 5 20 39 26
06 36 20 176 28 2024 4 5 20 39 26
11 36 20 176 35 2024 4 5 20 39 26
07 21 36 145 33 2024 4 5 20 39 26
12 21 36 145 24 2024 4 5 20 39 26
01 05 08 181 25 2024 4 5 20 39 27
01 11 85 223 16 2024 4 5 20 39 27
01 20 37 162 31 2024 4 5 20 39 27
01 22 11 139 38 2024 4 5 20 39 27
01 24 19 227 31 2024 4 5 20 39 27
08 24 19 227 29 2024 4 5 20 39 27
02 72 13 083 11 2024 4 5 20 39 27
02 79 18 329 08 2024 4 5 20 39 27
02 81 18 252 28 2024 4 5 20 39 27
06 36 20 176 27 2024 4 5 20 39 27
11 36 20 176 35 2024 4 5 20 39 27
07 21 36 145 33 2024 4 5 20 39 27
12 21 36 145 25 2024 4 5 20 39 27
01 05 08 181 26 2024 4 5 20 39 28
01 11 85 223 18 2024 4 5 20 39 28
01 20 37 162 31 2024 4 5 20 39 28
01 22 11 139 38 2024 4 5 20 39 28
01 24 19 227 30 2024 4 5 20 39 28
08 24 19 227 28 2024 4 5 20 39 28
02 72 13 083 02 2024 4 5 20 39 28
02 81 18 252 28 2024 4 5 20 39 28
06 36 20 176 27 2024 4 5 20 39 28
11 36 20 176 35 2024 4 5 20 39 28
07 21 36 145 34 2024 4 5 20 39 28
12 21 36 145 24 2024 4 5 20 39 28
01 05 08 181 28 2024 4 5 20 39 29
01 11 85 223 17 2024 4 5 20 39 29
01 20 37 162 31 2024 4 5 20 39 29
01 22 11 139 38 2024 4 5 20 39 29
01 24 19 227 30 2024 4 5 20 39 29
08 24 19 227 29 2024 4 5 20 39 29
02 72 13 083 17 2024 4 5 20 39 29
02 81 18 252 27 2024 4 5 20 39 29
06 36 20 176 26 2024 4 5 20 39 29
11 36 20 176 35 2024 4 5 20 39 29
07 21 36 145 34 2024 4 5 20 39 29
12 21 36 145 24 2024 4 5 20 39 29
01 05 08 181 24 2024 4 5 20 39 30
01 11 85 223 18 2024 4 5 20 39 30
01 20 37 162 30 2024 4 5 20 39 30
01 22 11 139 38 2024 4 5 20 39 30
01 24 19 227 31 2024 4 5 20 39 30
08 24 19 227 29 2024 4 5 20 39 30
02 72 13 083 09 2024 4 5 20 39 30
02 81 18 252 26 2024 4 5 20 39 30
06 36 20 176 26 2024 4 5 20 39 30
11 36 20 176 35 2024 4 5 20 39 30
07 21 36 145 34 2024 4 5 20 39 30
12 21 36 145 25 2024 4 5 20 39 30
01 05 08 181 22 2024 4 5 20 39 31
01 11 85 223 18 2024 4 5 20 39 31
01 20 37 162 30 2024 4 5 20 39 31
01 22 11 139 39 2024 4 5 20 39 31
01 24 19 227 31 2024 4 5 20 39 31
08 24 19 227 29 2024 4 5 20 39 31
02 72 13 083 13 2024 4 5 20 39 31
02 81 18 252 26 2024 4 5 20 39 31
06 36 20 176 26 2024 4 5 20 39 31
11 36 20 176 35 2024 4 5 20 39 31
07 21 36 145 34 2024 4 5 20 39 31
12 21 36 145 25 2024 4 5 20 39 31
01 05 08 181 23 2024 4 5 20 39 32
01 11 85 223 17 2024 4 5 20 39 32
01 20 37 162 29 2024 4 5 20 39 32
01 22 11 139 39 2024 4 5 20 39 32
01 24 19 227 31 2024 4 5 20 39 32
08 24 19 227 28 2024 4 5 20 39 32
02 72 13 083 08 2024 4 5 20 39 32
02 79 18 329 10 2024 4 5 20 39 32
02 81 18 252 25 2024 4 5 20 39 32
06 36 20 176 26 2024 4 5 20 39 32
11 36 20 176 35 2024 4 5 20 39 32
07 21 36 145 34 2024 4 5 20 39 32
12 21 36 145 25 2024 4 5 20 39 32
01 05 08 181 27 2024 4 5 20 39 33
01 11 85 223 17 2024 4 5 20 39 33
01 20 37 162 28 2024 4 5 20 39 33
01 22 11 139 39 2024 4 5 20 39 33
01 24 19 227 31 2024 4 5 20 39 33
08 24 19 227 28 2024 4 5 20 39 33
02 72 13 083 13 2024 4 5 20 39 33
02 81 18 252 26 2024 4 5 20 39 33
06 36 20 176 27 2024 4 5 20 39 33
11 36 20 176 35 2024 4 5 20 39 33
07 21 36 145 34 2024 4 5 20 39 33
12 21 36 145 25 2024 4 5 20 39 33
01 05 09 181 26 2024 4 5 20 39 34
01 11 85 223 18 2024 4 5 20 39 34
01 20 37 162 28 2024 4 5 20 39 34
01 22 11 139 39 2024 4 5 20 39 34
01 24 19 227 30 2024 4 5 20 39 34
08 24 19 227 27 2024 4 5 20 39 34
02 81 18 252 25 2024 4 5 20 39 34
06 36 20 176 26 2024 4 5 20 39 34
11 36 20 176 35 2024 4 5 20 39 34
07 21 36 145 34 2024 4 5 20 39 34
12 21 36 145 25 2024 4 5 20 39 34
01 05 09 181 25 2024 4 5 20 39 35
01 11 85 223 17 2024 4 5 20 39 35
01 20 37 162 28 2024 4 5 20 39 35
01 22 11 139 39 2024 4 5 20 39 35
01 24 19 227 30 2024 4 5 20 39 35
08 24 19 227 27 2024 4 5 20 39 35
02 72 13 083 05 2024 4 5 20 39 35
02 79 18 329 12 2024 4 5 20 39 35
02 81 18 252 26 2024 4 5 20 39 35
06 36 20 176 26 2024 4 5 20 39 35
11 36 20 176 35 2024 4 5 20 39 35
07 21 36 145 34 2024 4 5 20 39 35
12 21 36 145 26 2024 4 5 20 39 35
01 05 09 181 25 2024 4 5 20 39 36
01 11 85 223 16 2024 4 5 20 39 36
01 20 37 162 28 2024 4 5 20 39 36
01 22 11 139 39 2024 4 5 20 39 36
01 24 19 227 29 2024 4 5 20 39 36
08 24 19 227 28 2024 4 5 20 39 36
02 72 14 083 11 2024 4 5 20 39 36
02 79 18 329 10 2024 4 5 20 39 36
02 81 18 252 27 2024 4 5 20 39 36
06 36 20 176 26 2024 4 5 20 39 36
11 36 20 176 35 2024 4 5 20 39 36
07 21 36 145 34 2024 4 5 20 39 36
12 21 36 145 25 2024 4 5 20 39 36
01 05 09 181 24 2024 4 5 20 39 37
01 11 85 223 18 2024 4 5 20 39 37
01 20 37 162 28 2024 4 5 20 39 37
01 22 11 139 40 2024 4 5 20 39 37
01 24 19 227 29 2024 4 5 20 39 37
08 24 19 227 27 2024 4 5 20 39 37
02 72 14 083 12 2024 4 5 20 39 37
02 79 18 329 07 2024 4 5 20 39 37
02 81 18 253 27 2024 4 5 20 39 37
06 36 20 176 26 2024 4 5 20 39 37
11 36 20 176 35 2024 4 5 20 39 37
07 21 36 145 34 2024 4 5 20 39 37
12 21 36 145 25 2024 4 5 20 39 37
01 05 09 181 23 2024 4 5 20 39 38
01 11 85 223 16 2024 4 5 20 39 38
01 20 37 162 29 2024 4 5 20 39 38
01 22 11 139 40 2024 4 5 20 39 38
01 24 19 227 29 2024 4 5 20 39 38
08 24 19 227 27 2024 4 5 20 39 38
02 72 14 083 14 2024 4 5 20 39 38
02 81 18 253 27 2024 4 5 20 39 38
06 36 20 176 27 2024 4 5 20 39 38
11 36 20 176 35 2024 4 5 20 39 38
07 21 36 145 34 2024 4 5 20 39 38
07 33 46 230 25 2024 4 5 20 39 38
12 21 36 145 25 2024 4 5 20 39 38
01 05 09 181 24 2024 4 5 20 39 39
01 11 85 223 16 2024 4 5 20 39 39
01 20 37 162 29 2024 4 5 20 39 39
01 22 11 139 40 2024 4 5 20 39 39
01 24 19 227 29 2024 4 5 20 39 39
08 24 19 227 26 2024 4 5 20 39 39
02 72 14 083 10 2024 4 5 20 39 39
02 81 18 253 26 2024 4 5 20 39 39
06 36 20 176 28 2024 4 5 20 39 39
11 36 20 176 35 2024 4 5 20 39 39
07 21 36 145 34 2024 4 5 20 39 39
07 33 46 230 28 2024 4 5 20 39 39
12 21 36 145 25 2024 4 5 20 39 39
