01 11 76 209 21 2024 4 5 20 20 25
01 20 29 165 24 2024 4 5 20 20 25
01 24 25 233 23 2024 4 5 20 20 25
02 81 11 245 29 2024 4 5 20 20 25
06 36 28 177 21 2024 4 5 20 20 25
01 11 76 209 19 2024 4 5 20 20 26
01 20 29 165 23 2024 4 5 20 20 26
01 22 18 135 25 2024 4 5 20 20 26
01 24 25 233 24 2024 4 5 20 20 26
02 72 08 091 12 2024 4 5 20 20 26
02 81 11 245 30 2024 4 5 20 20 26
06 20 11 124 31 2024 4 5 20 20 26
06 36 28 177 30 2024 4 5 20 20 26
01 11 76 209 20 2024 4 5 20 20 27
01 20 29 165 26 2024 4 5 20 20 27
01 22 18 135 25 2024 4 5 20 20 27
01 24 25 233 23 2024 4 5 20 20 27
08 24 25 233 23 2024 4 5 20 20 27
02 72 08 091 18 2024 4 5 20 20 27
02 81 11 245 29 2024 4 5 20 20 27
06 20 11 124 31 2024 4 5 20 20 27
06 36 28 177 32 2024 4 5 20 20 27
01 11 76 209 19 2024 4 5 20 20 28
01 20 29 165 27 2024 4 5 20 20 28
01 22 18 135 24 2024 4 5 20 20 28
01 24 25 233 23 2024 4 5 20 20 28
08 24 25 233 24 2024 4 5 20 20 28
02 72 08 091 17 2024 4 5 20 20 28
02 81 11 245 30 2024 4 5 20 20 28
06 20 11 124 32 2024 4 5 20 20 28
06 36 28 177 32 2024 4 5 20 20 28
01 11 76 209 18 2024 4 5 20 20 29
01 20 29 165 26 2024 4 5 20 20 29
01 22 18 135 26 2024 4 5 20 20 29
01 24 25 233 23 2024 4 5 20 20 29
08 24 25 233 24 2024 4 5 20 20 29
02 72 08 091 17 2024 4 5 20 20 29
02 81 11 245 30 2024 4 5 20 20 29
06 20 11 124 31 2024 4 5 20 20 29
06 36 28 177 32 2024 4 5 20 20 29
01 05 01 183 10 2024 4 5 20 20 30
01 11 76 209 19 2024 4 5 20 20 30
01 20 29 165 27 2024 4 5 20 20 30
01 22 18 135 27 2024 4 5 20 20 30
01 24 25 233 25 2024 4 5 20 20 30
08 24 25 233 23 2024 4 5 20 20 30
02 72 08 091 17 2024 4 5 20 20 30
02 81 11 245 31 2024 4 5 20 20 30
06 20 11 124 31 2024 4 5 20 20 30
06 36 28 177 32 2024 4 5 20 20 30
11 20 11 124 31 2024 4 5 20 20 30
11 36 28 177 24 2024 4 5 20 20 30
01 05 01 183 05 2024 4 5 20 20 31
01 11 76 209 18 2024 4 5 20 20 31
01 20 29 165 27 2024 4 5 20 20 31
01 22 18 135 27 2024 4 5 20 20 31
01 24 25 233 26 2024 4 5 20 20 31
08 24 25 233 24 2024 4 5 20 20 31
02 72 08 091 14 2024 4 5 20 20 31
02 81 11 245 30 2024 4 5 20 20 31
06 20 11 124 31 2024 4 5 20 20 31
06 36 28 177 33 2024 4 5 20 20 31
11 20 11 124 29 2024 4 5 20 20 31
11 36 28 177 25 2024 4 5 20 20 31
01 11 76 209 19 2024 4 5 20 20 32
01 20 29 165 26 2024 4 5 20 20 32
01 22 18 135 27 2024 4 5 20 20 32
01 24 25 233 26 2024 4 5 20 20 32
08 24 25 233 25 2024 4 5 20 20 32
02 72 08 091 17 2024 4 5 20 20 32
02 81 11 245 32 2024 4 5 20 20 32
06 20 11 124 31 2024 4 5 20 20 32
06 36 28 177 32 2024 4 5 20 20 32
11 20 11 124 28 2024 4 5 20 20 32
11 36 28 177 25 2024 4 5 20 20 32
01 11 76 209 19 2024 4 5 20 20 33
01 20 29 165 26 2024 4 5 20 20 33
01 22 18 135 27 2024 4 5 20 20 33
01 24 25 233 25 2024 4 5 20 20 33
08 24 25 233 25 2024 4 5 20 20 33
02 72 08 091 16 2024 4 5 20 20 33
02 81 11 245 32 2024 4 5 20 20 33
06 20 11 124 30 2024 4 5 20 20 33
06 36 28 177 32 2024 4 5 20 20 33
11 20 11 124 28 2024 4 5 20 20 33
11 36 28 177 25 2024 4 5 20 20 33
01 11 76 209 18 2024 4 5 20 20 34
01 20 29 165 27 2024 4 5 20 20 34
01 22 18 135 26 2024 4 5 20 20 34
01 24 25 233 24 2024 4 5 20 20 34
08 24 25 233 25 2024 4 5 20 20 34
02 72 08 091 17 2024 4 5 20 20 34
02 81 11 245 31 2024 4 5 20 20 34
06 20 11 124 30 2024 4 5 20 20 34
06 36 28 177 32 2024 4 5 20 20 34
11 20 11 124 28 2024 4 5 20 20 34
11 36 28 177 26 2024 4 5 20 20 34
01 11 76 209 16 2024 4 5 20 20 35
01 20 29 165 27 2024 4 5 20 20 35
01 22 18 135 27 2024 4 5 20 20 35
01 24 25 233 25 2024 4 5 20 20 35
08 24 25 233 26 2024 4 5 20 20 35
02 72 08 091 16 2024 4 5 20 20 35
02 81 11 245 31 2024 4 5 20 20 35
06 20 11 124 30 2024 4 5 20 20 35
06 36 28 177 32 2024 4 5 20 20 35
11 20 11 124 28 2024 4 5 20 20 35
11 36 28 177 26 2024 4 5 20 20 35
01 11 76 209 17 2024 4 5 20 20 36
01 20 29 165 26 2024 4 5 20 20 36
01 22 18 135 27 2024 4 5 20 20 36
01 24 25 233 26 2024 4 5 20 20 36
08 24 25 233 26 2024 4 5 20 20 36
02 72 08 091 19 2024 4 5 20 20 36
02 81 11 245 30 2024 4 5 20 20 36
06 20 11 124 30 2024 4 5 20 20 36
06 36 28 177 32 2024 4 5 20 20 36
11 20 11 124 28 2024 4 5 20 20 36
11 36 28 177 26 2024 4 5 20 20 36
01 11 76 209 18 2024 4 5 20 20 38
01 20 29 165 26 2024 4 5 20 20 38
01 22 18 135 28 2024 4 5 20 20 38
01 24 25 233 27 2024 4 5 20 20 38
08 24 25 233 25 2024 4 5 20 20 38
02 72 08 091 18 2024 4 5 20 20 38
02 81 11 245 30 2024 4 5 20 20 38
06 20 11 124 31 2024 4 5 20 20 38
06 36 28 177 31 2024 4 5 20 20 38
11 20 11 124 28 2024 4 5 20 20 38
11 36 28 177 26 2024 4 5 20 20 38
01 11 76 209 21 2024 4 5 20 20 39
01 20 29 165 27 2024 4 5 20 20 39
01 22 18 135 28 2024 4 5 20 20 39
01 24 25 233 28 2024 4 5 20 20 39
08 24 25 233 26 2024 4 5 20 20 39
02 71 10 046 18 2024 4 5 20 20 39
02 72 08 091 21 2024 4 5 20 20 39
02 76 06 162 20 2024 4 5 20 20 39
02 81 11 245 30 2024 4 5 20 20 39
06 20 11 124 31 2024 4 5 20 20 39
06 36 28 177 31 2024 4 5 20 20 39
11 20 11 124 28 2024 4 5 20 20 39
11 36 28 177 26 2024 4 5 20 20 39
01 11 76 210 20 2024 4 5 20 20 40
01 20 29 165 25 2024 4 5 20 20 40
01 22 18 135 28 2024 4 5 20 20 40
01 24 25 233 28 2024 4 5 20 20 40
08 24 25 233 26 2024 4 5 20 20 40
02 71 10 046 14 2024 4 5 20 20 40
02 72 08 091 17 2024 4 5 20 20 40
02 76 06 162 28 2024 4 5 20 20 40
02 81 11 245 29 2024 4 5 20 20 40
06 20 11 124 32 2024 4 5 20 20 40
06 36 28 177 31 2024 4 5 20 20 40
11 20 11 124 29 2024 4 5 20 20 40
11 36 28 177 26 2024 4 5 20 20 40
01 11 76 210 21 2024 4 5 20 20 41
01 20 29 165 24 2024 4 5 20 20 41
01 22 18 135 28 2024 4 5 20 20 41
01 24 25 233 27 2024 4 5 20 20 41
08 24 25 233 26 2024 4 5 20 20 41
02 71 10 046 12 2024 4 5 20 20 41
02 72 08 091 14 2024 4 5 20 20 41
02 76 06 162 32 2024 4 5 20 20 41
02 81 11 245 29 2024 4 5 20 20 41
06 20 11 124 31 2024 4 5 20 20 41
06 36 28 177 32 2024 4 5 20 20 41
11 20 11 124 29 2024 4 5 20 20 41
11 36 28 177 26 2024 4 5 20 20 41
01 11 76 210 22 2024 4 5 20 20 42
01 20 29 165 22 2024 4 5 20 20 42
01 22 18 135 28 2024 4 5 20 20 42
01 24 25 233 27 2024 4 5 20 20 42
08 24 25 233 27 2024 4 5 20 20 42
02 72 08 091 12 2024 4 5 20 20 42
02 76 06 162 33 2024 4 5 20 20 42
02 81 11 245 29 2024 4 5 20 20 42
06 20 11 124 31 2024 4 5 20 20 42
06 36 28 177 31 2024 4 5 20 20 42
11 20 11 124 29 2024 4 5 20 20 42
11 36 28 177 26 2024 4 5 20 20 42
01 11 76 210 21 2024 4 5 20 20 43
01 20 29 165 23 2024 4 5 20 20 43
01 22 18 135 28 2024 4 5 20 20 43
01 24 25 233 27 2024 4 5 20 20 43
08 24 25 233 27 2024 4 5 20 20 43
02 72 08 091 08 2024 4 5 20 20 43
02 76 06 162 36 2024 4 5 20 20 43
02 81 11 245 29 2024 4 5 20 20 43
06 20 11 124 32 2024 4 5 20 20 43
06 36 28 177 32 2024 4 5 20 20 43
11 20 11 124 29 2024 4 5 20 20 43
11 36 28 177 26 2024 4 5 20 20 43
01 11 76 210 21 2024 4 5 20 20 44
01 20 29 165 23 2024 4 5 20 20 44
01 22 18 135 26 2024 4 5 20 20 44
01 24 25 233 27 2024 4 5 20 20 44
08 24 25 233 28 2024 4 5 20 20 44
02 71 10 046 08 2024 4 5 20 20 44
02 72 08 091 13 2024 4 5 20 20 44
02 76 06 162 35 2024 4 5 20 20 44
02 81 11 245 29 2024 4 5 20 20 44
06 20 11 124 31 2024 4 5 20 20 44
06 36 28 177 32 2024 4 5 20 20 44
11 20 11 124 29 2024 4 5 20 20 44
11 36 28 177 25 2024 4 5 20 20 44
01 11 76 210 20 2024 4 5 20 20 45
01 20 29 165 22 2024 4 5 20 20 45
01 22 18 135 23 2024 4 5 20 20 45
01 24 25 233 26 2024 4 5 20 20 45
08 24 25 233 28 2024 4 5 20 20 45
02 71 10 046 09 2024 4 5 20 20 45
02 72 08 091 13 2024 4 5 20 20 45
02 76 06 162 34 2024 4 5 20 20 45
02 81 11 245 30 2024 4 5 20 20 45
06 20 11 124 31 2024 4 5 20 20 45
06 36 28 177 32 2024 4 5 20 20 45
11 20 11 124 29 2024 4 5 20 20 45
11 36 28 177 25 2024 4 5 20 20 45
01 11 76 210 18 2024 4 5 20 20 46
01 20 29 165 21 2024 4 5 20 20 46
01 22 18 135 23 2024 4 5 20 20 46
01 24 25 233 27 2024 4 5 20 20 46
08 24 25 233 28 2024 4 5 20 20 46
02 72 08 091 11 2024 4 5 20 20 46
02 76 06 162 34 2024 4 5 20 20 46
02 81 11 245 29 2024 4 5 20 20 46
06 20 11 124 30 2024 4 5 20 20 46
06 36 28 177 32 2024 4 5 20 20 46
11 20 11 124 29 2024 4 5 20 20 46
11 36 28 177 25 2024 4 5 20 20 46
01 11 76 210 17 2024 4 5 20 20 47
01 20 29 165 20 2024 4 5 20 20 47
01 22 18 135 25 2024 4 5 20 20 47
01 24 25 233 26 2024 4 5 20 20 47
08 24 25 233 27 2024 4 5 20 20 47
02 76 06 162 34 2024 4 5 20 20 47
02 81 11 245 29 2024 4 5 20 20 47
06 20 11 124 29 2024 4 5 20 20 47
06 36 28 177 32 2024 4 5 20 20 47
11 20 11 124 29 2024 4 5 20 20 47
11 36 28 177 25 2024 4 5 20 20 47
01 11 76 210 17 2024 4 5 20 20 48
01 20 29 165 19 2024 4 5 20 20 48
01 22 18 135 27 2024 4 5 20 20 48
01 24 25 233 25 2024 4 5 20 20 48
08 24 25 233 27 2024 4 5 20 20 48
02 71 10 046 09 2024 4 5 20 20 48
02 72 08 091 14 2024 4 5 20 20 48
02 76 06 162 34 2024 4 5 20 20 48
02 81 11 245 29 2024 4 5 20 20 48
06 20 11 124 29 2024 4 5 20 20 48
06 36 28 177 32 2024 4 5 20 20 48
11 20 11 124 29 2024 4 5 20 20 48
11 36 28 177 25 2024 4 5 20 20 48
01 11 76 210 17 2024 4 5 20 20 49
01 20 29 165 18 2024 4 5 20 20 49
01 22 18 135 28 2024 4 5 20 20 49
01 24 25 233 26 2024 4 5 20 20 49
08 24 25 233 27 2024 4 5 20 20 49
02 71 10 046 10 2024 4 5 20 20 49
02 72 08 091 19 2024 4 5 20 20 49
02 76 06 162 34 2024 4 5 20 20 49
02 81 11 245 29 2024 4 5 20 20 49
06 20 11 124 29 2024 4 5 20 20 49
06 36 28 177 31 2024 4 5 20 20 49
11 20 11 124 29 2024 4 5 20 20 49
11 36 28 177 25 2024 4 5 20 20 49
01 22 18 135 30 2024 4 5 20 20 55
01 24 25 233 23 2024 4 5 20 20 55
02 76 06 162 33 2024 4 5 20 20 55
02 81 11 245 24 2024 4 5 20 20 55
01 22 18 135 30 2024 4 5 20 20 56
01 24 25 233 24 2024 4 5 20 20 56
02 76 06 162 34 2024 4 5 20 20 56
02 81 11 245 25 2024 4 5 20 20 56
01 22 18 135 28 2024 4 5 20 20 57
01 24 25 233 26 2024 4 5 20 20 57
02 76 06 162 34 2024 4 5 20 20 57
02 81 11 245 28 2024 4 5 20 20 57
01 22 18 135 27 2024 4 5 20 20 58
01 24 25 233 27 2024 4 5 20 20 58
08 24 25 233 25 2024 4 5 20 20 58
02 76 06 162 34 2024 4 5 20 20 58
02 81 11 245 27 2024 4 5 20 20 58
01 22 18 135 28 2024 4 5 20 20 59
01 24 25 233 27 2024 4 5 20 20 59
08 24 25 233 26 2024 4 5 20 20 59
02 76 06 162 35 2024 4 5 20 20 59
02 81 11 245 27 2024 4 5 20 20 59
01 22 18 135 29 2024 4 5 20 21 0
01 24 25 233 28 2024 4 5 20 21 0
08 24 25 233 26 2024 4 5 20 21 0
02 76 06 162 33 2024 4 5 20 21 0
02 81 11 245 26 2024 4 5 20 21 0
01 22 18 135 26 2024 4 5 20 21 1
01 24 25 233 28 2024 4 5 20 21 1
08 24 25 233 26 2024 4 5 20 21 1
02 76 06 162 35 2024 4 5 20 21 1
02 81 11 245 28 2024 4 5 20 21 1
01 22 18 135 27 2024 4 5 20 21 2
01 24 25 233 27 2024 4 5 20 21 2
08 24 25 233 27 2024 4 5 20 21 2
02 76 06 162 35 2024 4 5 20 21 2
02 81 11 245 29 2024 4 5 20 21 2
