01 11 59 202 29 2024 4 5 19 47 1
01 14 08 130 30 2024 4 5 19 47 1
01 20 14 170 25 2024 4 5 19 47 1
01 22 31 126 31 2024 4 5 19 47 1
01 11 59 202 30 2024 4 5 19 47 2
01 14 08 130 30 2024 4 5 19 47 2
01 20 14 170 28 2024 4 5 19 47 2
01 22 31 126 32 2024 4 5 19 47 2
08 14 08 130 25 2024 4 5 19 47 2
02 76 23 157 25 2024 4 5 19 47 2
01 11 59 202 30 2024 4 5 19 47 3
01 14 08 130 30 2024 4 5 19 47 3
01 20 14 170 27 2024 4 5 19 47 3
01 22 31 126 31 2024 4 5 19 47 3
08 14 08 130 29 2024 4 5 19 47 3
02 76 23 157 25 2024 4 5 19 47 3
02 88 48 250 20 2024 4 5 19 47 3
01 11 59 202 31 2024 4 5 19 47 4
01 14 08 130 28 2024 4 5 19 47 4
01 20 14 170 26 2024 4 5 19 47 4
01 22 31 126 31 2024 4 5 19 47 4
08 14 08 130 29 2024 4 5 19 47 4
02 76 23 157 25 2024 4 5 19 47 4
02 88 48 250 21 2024 4 5 19 47 4
01 11 59 202 30 2024 4 5 19 47 5
01 14 08 130 27 2024 4 5 19 47 5
01 20 14 170 26 2024 4 5 19 47 5
01 22 31 126 31 2024 4 5 19 47 5
08 14 08 130 29 2024 4 5 19 47 5
02 76 23 157 24 2024 4 5 19 47 5
02 88 48 250 21 2024 4 5 19 47 5
01 11 59 202 30 2024 4 5 19 47 6
01 14 08 130 28 2024 4 5 19 47 6
01 20 14 170 26 2024 4 5 19 47 6
01 22 31 126 30 2024 4 5 19 47 6
08 14 08 130 28 2024 4 5 19 47 6
02 76 23 157 26 2024 4 5 19 47 6
02 88 48 250 21 2024 4 5 19 47 6
01 11 59 202 30 2024 4 5 19 47 7
01 14 08 130 28 2024 4 5 19 47 7
01 20 15 170 26 2024 4 5 19 47 7
01 22 31 126 31 2024 4 5 19 47 7
08 14 08 130 28 2024 4 5 19 47 7
02 76 23 157 23 2024 4 5 19 47 7
02 88 48 251 21 2024 4 5 19 47 7
01 11 59 202 30 2024 4 5 19 47 8
01 14 08 130 29 2024 4 5 19 47 8
01 20 15 170 27 2024 4 5 19 47 8
01 22 31 126 31 2024 4 5 19 47 8
08 14 08 130 29 2024 4 5 19 47 8
02 76 23 157 26 2024 4 5 19 47 8
02 88 48 251 18 2024 4 5 19 47 8
01 11 59 202 31 2024 4 5 19 47 9
01 14 08 130 26 2024 4 5 19 47 9
01 20 15 170 26 2024 4 5 19 47 9
01 22 31 126 31 2024 4 5 19 47 9
08 14 08 130 28 2024 4 5 19 47 9
02 76 23 157 25 2024 4 5 19 47 9
02 88 48 251 18 2024 4 5 19 47 9
01 11 59 202 31 2024 4 5 19 47 10
01 14 08 130 27 2024 4 5 19 47 10
01 20 15 170 30 2024 4 5 19 47 10
01 22 31 126 31 2024 4 5 19 47 10
08 14 08 130 28 2024 4 5 19 47 10
02 76 23 157 24 2024 4 5 19 47 10
02 88 48 251 18 2024 4 5 19 47 10
01 11 59 202 31 2024 4 5 19 47 11
01 14 08 130 28 2024 4 5 19 47 11
01 20 15 170 30 2024 4 5 19 47 11
01 22 31 126 32 2024 4 5 19 47 11
08 14 08 130 27 2024 4 5 19 47 11
02 76 23 157 24 2024 4 5 19 47 11
02 88 48 251 18 2024 4 5 19 47 11
01 11 59 202 32 2024 4 5 19 47 12
01 14 08 130 27 2024 4 5 19 47 12
01 20 15 170 29 2024 4 5 19 47 12
01 22 31 126 32 2024 4 5 19 47 12
08 14 08 130 28 2024 4 5 19 47 12
02 76 23 157 24 2024 4 5 19 47 12
02 88 48 251 15 2024 4 5 19 47 12
01 11 59 202 31 2024 4 5 19 47 13
01 14 08 130 27 2024 4 5 19 47 13
01 20 15 170 30 2024 4 5 19 47 13
01 22 31 126 32 2024 4 5 19 47 13
08 14 08 130 27 2024 4 5 19 47 13
02 76 23 157 21 2024 4 5 19 47 13
02 88 48 251 14 2024 4 5 19 47 13
01 11 59 202 31 2024 4 5 19 47 14
01 14 08 130 27 2024 4 5 19 47 14
01 20 15 170 30 2024 4 5 19 47 14
01 22 31 126 31 2024 4 5 19 47 14
08 14 08 130 27 2024 4 5 19 47 14
02 76 23 157 17 2024 4 5 19 47 14
02 88 48 251 08 2024 4 5 19 47 14
01 11 59 202 31 2024 4 5 19 47 15
01 12 39 312 16 2024 4 5 19 47 15
01 14 08 130 25 2024 4 5 19 47 15
01 20 15 170 30 2024 4 5 19 47 15
01 22 31 126 30 2024 4 5 19 47 15
01 24 35 247 13 2024 4 5 19 47 15
08 14 08 130 27 2024 4 5 19 47 15
02 76 23 157 15 2024 4 5 19 47 15
02 88 48 251 13 2024 4 5 19 47 15
01 11 59 202 32 2024 4 5 19 47 16
01 12 39 312 12 2024 4 5 19 47 16
01 14 08 130 28 2024 4 5 19 47 16
01 20 15 170 28 2024 4 5 19 47 16
01 22 31 126 30 2024 4 5 19 47 16
01 24 35 247 17 2024 4 5 19 47 16
08 14 08 130 26 2024 4 5 19 47 16
02 76 23 157 18 2024 4 5 19 47 16
02 88 48 251 15 2024 4 5 19 47 16
01 11 59 202 31 2024 4 5 19 47 17
01 12 39 312 13 2024 4 5 19 47 17
01 14 08 130 28 2024 4 5 19 47 17
01 20 15 170 28 2024 4 5 19 47 17
01 22 31 126 29 2024 4 5 19 47 17
01 24 35 247 17 2024 4 5 19 47 17
08 14 08 130 27 2024 4 5 19 47 17
02 76 23 157 20 2024 4 5 19 47 17
02 88 48 251 16 2024 4 5 19 47 17
01 11 59 202 31 2024 4 5 19 47 18
01 12 39 312 18 2024 4 5 19 47 18
01 14 08 130 26 2024 4 5 19 47 18
01 20 15 170 26 2024 4 5 19 47 18
01 22 31 126 30 2024 4 5 19 47 18
01 24 35 247 16 2024 4 5 19 47 18
08 14 08 130 26 2024 4 5 19 47 18
02 76 23 157 20 2024 4 5 19 47 18
02 88 48 251 19 2024 4 5 19 47 18
01 11 59 202 30 2024 4 5 19 47 19
01 12 39 312 16 2024 4 5 19 47 19
01 14 08 130 26 2024 4 5 19 47 19
01 20 15 170 26 2024 4 5 19 47 19
01 22 31 126 30 2024 4 5 19 47 19
01 24 35 247 14 2024 4 5 19 47 19
08 14 08 130 25 2024 4 5 19 47 19
02 76 23 157 23 2024 4 5 19 47 19
02 88 48 251 17 2024 4 5 19 47 19
01 06 76 069 04 2024 4 5 19 47 20
01 11 59 202 30 2024 4 5 19 47 20
01 12 39 312 15 2024 4 5 19 47 20
01 14 08 130 27 2024 4 5 19 47 20
01 20 15 170 23 2024 4 5 19 47 20
01 22 31 126 30 2024 4 5 19 47 20
01 24 35 247 15 2024 4 5 19 47 20
08 14 08 130 26 2024 4 5 19 47 20
02 76 23 157 20 2024 4 5 19 47 20
02 88 48 251 17 2024 4 5 19 47 20
01 06 76 069 12 2024 4 5 19 47 21
01 11 59 202 30 2024 4 5 19 47 21
01 12 39 312 17 2024 4 5 19 47 21
01 14 08 130 26 2024 4 5 19 47 21
01 20 15 170 26 2024 4 5 19 47 21
01 22 31 126 32 2024 4 5 19 47 21
01 24 35 247 15 2024 4 5 19 47 21
08 14 08 130 26 2024 4 5 19 47 21
02 76 23 157 21 2024 4 5 19 47 21
02 88 48 251 14 2024 4 5 19 47 21
01 06 76 069 14 2024 4 5 19 47 22
01 11 59 202 30 2024 4 5 19 47 22
01 12 39 312 16 2024 4 5 19 47 22
01 14 08 130 27 2024 4 5 19 47 22
01 20 15 170 26 2024 4 5 19 47 22
01 22 31 126 32 2024 4 5 19 47 22
01 24 35 247 18 2024 4 5 19 47 22
08 14 08 130 27 2024 4 5 19 47 22
02 76 23 157 23 2024 4 5 19 47 22
02 88 48 251 07 2024 4 5 19 47 22
01 06 76 069 07 2024 4 5 19 47 23
01 11 59 202 30 2024 4 5 19 47 23
01 12 39 312 17 2024 4 5 19 47 23
01 14 08 130 27 2024 4 5 19 47 23
01 20 15 170 26 2024 4 5 19 47 23
01 22 31 126 32 2024 4 5 19 47 23
01 24 35 247 16 2024 4 5 19 47 23
08 14 08 130 27 2024 4 5 19 47 23
02 76 22 157 24 2024 4 5 19 47 23
01 11 59 202 31 2024 4 5 19 47 24
01 12 39 312 18 2024 4 5 19 47 24
01 14 08 130 27 2024 4 5 19 47 24
01 20 15 170 24 2024 4 5 19 47 24
01 22 31 126 31 2024 4 5 19 47 24
01 24 35 247 10 2024 4 5 19 47 24
08 14 08 130 27 2024 4 5 19 47 24
02 76 22 157 23 2024 4 5 19 47 24
01 06 76 069 05 2024 4 5 19 47 25
01 11 59 202 31 2024 4 5 19 47 25
01 12 39 312 16 2024 4 5 19 47 25
01 14 08 130 25 2024 4 5 19 47 25
01 20 15 170 25 2024 4 5 19 47 25
01 22 31 126 32 2024 4 5 19 47 25
01 24 35 247 12 2024 4 5 19 47 25
08 14 08 130 27 2024 4 5 19 47 25
02 76 22 157 25 2024 4 5 19 47 25
02 88 48 251 15 2024 4 5 19 47 25
01 06 76 069 09 2024 4 5 19 47 26
01 11 59 202 31 2024 4 5 19 47 26
01 12 39 312 17 2024 4 5 19 47 26
01 14 08 130 24 2024 4 5 19 47 26
01 20 15 170 26 2024 4 5 19 47 26
01 22 31 126 31 2024 4 5 19 47 26
01 24 35 247 14 2024 4 5 19 47 26
08 14 08 130 27 2024 4 5 19 47 26
02 76 22 157 25 2024 4 5 19 47 26
02 88 48 251 14 2024 4 5 19 47 26
01 11 59 202 30 2024 4 5 19 47 27
01 12 39 312 17 2024 4 5 19 47 27
01 14 08 130 25 2024 4 5 19 47 27
01 20 15 170 25 2024 4 5 19 47 27
01 22 31 126 30 2024 4 5 19 47 27
01 24 35 247 14 2024 4 5 19 47 27
08 14 08 130 27 2024 4 5 19 47 27
02 76 22 157 26 2024 4 5 19 47 27
01 06 76 069 17 2024 4 5 19 47 28
01 11 59 202 29 2024 4 5 19 47 28
01 12 39 312 16 2024 4 5 19 47 28
01 14 08 130 26 2024 4 5 19 47 28
01 20 15 170 24 2024 4 5 19 47 28
01 22 31 126 30 2024 4 5 19 47 28
01 24 35 247 10 2024 4 5 19 47 28
08 14 08 130 27 2024 4 5 19 47 28
02 76 22 157 25 2024 4 5 19 47 28
02 88 48 251 13 2024 4 5 19 47 28
01 06 76 069 16 2024 4 5 19 47 29
01 11 59 202 29 2024 4 5 19 47 29
01 12 39 312 17 2024 4 5 19 47 29
01 14 08 130 27 2024 4 5 19 47 29
01 20 15 170 25 2024 4 5 19 47 29
01 22 31 126 29 2024 4 5 19 47 29
01 24 35 247 14 2024 4 5 19 47 29
08 14 08 130 27 2024 4 5 19 47 29
02 76 22 157 25 2024 4 5 19 47 29
02 88 48 251 16 2024 4 5 19 47 29
01 06 76 069 18 2024 4 5 19 47 30
01 11 59 202 28 2024 4 5 19 47 30
01 12 39 312 15 2024 4 5 19 47 30
01 14 08 130 26 2024 4 5 19 47 30
01 20 15 170 27 2024 4 5 19 47 30
01 22 31 126 30 2024 4 5 19 47 30
01 24 35 247 15 2024 4 5 19 47 30
08 14 08 130 27 2024 4 5 19 47 30
02 76 22 157 23 2024 4 5 19 47 30
02 88 48 251 17 2024 4 5 19 47 30
01 06 76 069 16 2024 4 5 19 47 31
01 11 59 202 29 2024 4 5 19 47 31
01 12 39 312 14 2024 4 5 19 47 31
01 14 08 130 26 2024 4 5 19 47 31
01 20 15 170 27 2024 4 5 19 47 31
01 22 31 126 29 2024 4 5 19 47 31
01 24 35 247 19 2024 4 5 19 47 31
08 14 08 130 28 2024 4 5 19 47 31
02 76 22 157 26 2024 4 5 19 47 31
02 88 48 251 15 2024 4 5 19 47 31
01 06 76 069 15 2024 4 5 19 47 32
01 11 59 202 30 2024 4 5 19 47 32
01 12 39 312 18 2024 4 5 19 47 32
01 14 08 130 26 2024 4 5 19 47 32
01 20 15 170 28 2024 4 5 19 47 32
01 22 31 126 31 2024 4 5 19 47 32
01 24 35 247 17 2024 4 5 19 47 32
08 14 08 130 28 2024 4 5 19 47 32
02 76 22 157 23 2024 4 5 19 47 32
02 88 48 251 19 2024 4 5 19 47 32
01 06 76 069 15 2024 4 5 19 47 33
01 11 59 202 29 2024 4 5 19 47 33
01 12 39 312 17 2024 4 5 19 47 33
01 14 08 130 26 2024 4 5 19 47 33
01 20 15 170 27 2024 4 5 19 47 33
01 22 31 126 31 2024 4 5 19 47 33
01 24 35 247 11 2024 4 5 19 47 33
08 14 08 130 28 2024 4 5 19 47 33
02 76 22 157 23 2024 4 5 19 47 33
02 88 48 251 20 2024 4 5 19 47 33
01 06 75 069 14 2024 4 5 19 47 34
01 11 59 202 30 2024 4 5 19 47 34
01 12 39 312 15 2024 4 5 19 47 34
01 14 08 130 28 2024 4 5 19 47 34
01 20 15 170 28 2024 4 5 19 47 34
01 22 31 126 31 2024 4 5 19 47 34
01 24 35 246 14 2024 4 5 19 47 34
08 14 08 130 27 2024 4 5 19 47 34
02 76 22 157 22 2024 4 5 19 47 34
02 88 48 251 20 2024 4 5 19 47 34
01 06 75 069 13 2024 4 5 19 47 35
01 11 59 202 30 2024 4 5 19 47 35
01 12 39 312 15 2024 4 5 19 47 35
01 14 08 130 27 2024 4 5 19 47 35
01 20 15 170 29 2024 4 5 19 47 35
01 22 31 126 30 2024 4 5 19 47 35
01 24 35 246 13 2024 4 5 19 47 35
08 14 08 130 27 2024 4 5 19 47 35
02 76 22 157 20 2024 4 5 19 47 35
02 88 48 251 17 2024 4 5 19 47 35
01 06 75 069 02 2024 4 5 19 47 36
01 11 59 202 30 2024 4 5 19 47 36
01 12 39 312 15 2024 4 5 19 47 36
01 14 08 130 27 2024 4 5 19 47 36
01 20 15 170 27 2024 4 5 19 47 36
01 22 31 126 29 2024 4 5 19 47 36
01 24 35 246 16 2024 4 5 19 47 36
08 14 08 130 28 2024 4 5 19 47 36
02 76 22 157 21 2024 4 5 19 47 36
02 88 48 251 13 2024 4 5 19 47 36
01 11 59 202 29 2024 4 5 19 47 37
01 12 39 312 15 2024 4 5 19 47 37
01 14 08 130 26 2024 4 5 19 47 37
01 20 15 170 28 2024 4 5 19 47 37
01 22 31 126 29 2024 4 5 19 47 37
01 24 35 246 16 2024 4 5 19 47 37
08 14 08 130 29 2024 4 5 19 47 37
08 24 35 246 23 2024 4 5 19 47 37
02 76 22 157 20 2024 4 5 19 47 37
02 88 48 251 15 2024 4 5 19 47 37
01 11 59 202 29 2024 4 5 19 47 38
01 12 39 312 15 2024 4 5 19 47 38
01 14 08 130 27 2024 4 5 19 47 38
01 20 15 170 28 2024 4 5 19 47 38
01 22 31 126 29 2024 4 5 19 47 38
01 24 35 246 16 2024 4 5 19 47 38
08 14 08 130 28 2024 4 5 19 47 38
08 24 35 246 22 2024 4 5 19 47 38
02 76 22 157 20 2024 4 5 19 47 38
02 88 48 251 13 2024 4 5 19 47 38
01 06 75 069 09 2024 4 5 19 47 39
01 11 59 202 29 2024 4 5 19 47 39
01 12 39 312 10 2024 4 5 19 47 39
01 14 08 130 27 2024 4 5 19 47 39
01 20 15 170 28 2024 4 5 19 47 39
01 22 31 126 30 2024 4 5 19 47 39
01 24 35 246 12 2024 4 5 19 47 39
08 14 08 130 29 2024 4 5 19 47 39
08 24 35 246 22 2024 4 5 19 47 39
02 76 22 157 22 2024 4 5 19 47 39
02 88 48 251 17 2024 4 5 19 47 39
01 06 75 069 08 2024 4 5 19 47 40
01 11 59 202 29 2024 4 5 19 47 40
01 12 39 312 16 2024 4 5 19 47 40
01 14 08 130 28 2024 4 5 19 47 40
01 20 15 170 26 2024 4 5 19 47 40
01 22 31 126 31 2024 4 5 19 47 40
01 24 35 246 17 2024 4 5 19 47 40
08 14 08 130 29 2024 4 5 19 47 40
08 24 35 246 23 2024 4 5 19 47 40
02 76 22 157 20 2024 4 5 19 47 40
02 88 48 251 16 2024 4 5 19 47 40
01 06 75 069 11 2024 4 5 19 47 41
01 11 59 202 30 2024 4 5 19 47 41
01 12 39 312 08 2024 4 5 19 47 41
01 14 08 130 28 2024 4 5 19 47 41
01 20 15 170 25 2024 4 5 19 47 41
01 22 31 126 31 2024 4 5 19 47 41
01 24 35 246 18 2024 4 5 19 47 41
08 14 08 130 30 2024 4 5 19 47 41
08 24 35 246 22 2024 4 5 19 47 41
02 76 22 157 21 2024 4 5 19 47 41
02 88 48 251 13 2024 4 5 19 47 41
01 06 75 069 12 2024 4 5 19 47 42
01 11 59 202 30 2024 4 5 19 47 42
01 12 39 312 18 2024 4 5 19 47 42
01 14 08 130 28 2024 4 5 19 47 42
01 20 15 170 24 2024 4 5 19 47 42
01 22 31 126 31 2024 4 5 19 47 42
01 24 35 246 19 2024 4 5 19 47 42
08 14 08 130 29 2024 4 5 19 47 42
08 24 35 246 22 2024 4 5 19 47 42
02 76 22 157 20 2024 4 5 19 47 42
02 88 48 251 13 2024 4 5 19 47 42
01 06 75 069 13 2024 4 5 19 47 43
01 11 59 202 30 2024 4 5 19 47 43
01 12 39 312 16 2024 4 5 19 47 43
01 14 08 130 28 2024 4 5 19 47 43
01 20 15 170 26 2024 4 5 19 47 43
01 22 31 126 32 2024 4 5 19 47 43
01 24 35 246 21 2024 4 5 19 47 43
08 14 08 130 29 2024 4 5 19 47 43
08 24 35 246 22 2024 4 5 19 47 43
02 76 22 157 19 2024 4 5 19 47 43
02 88 48 251 13 2024 4 5 19 47 43
01 06 75 069 13 2024 4 5 19 47 44
01 11 59 202 30 2024 4 5 19 47 44
01 12 39 312 18 2024 4 5 19 47 44
01 14 08 130 29 2024 4 5 19 47 44
01 20 15 170 27 2024 4 5 19 47 44
01 22 31 126 32 2024 4 5 19 47 44
01 24 35 246 23 2024 4 5 19 47 44
08 14 08 130 29 2024 4 5 19 47 44
08 24 35 246 20 2024 4 5 19 47 44
02 76 22 157 20 2024 4 5 19 47 44
02 88 48 251 13 2024 4 5 19 47 44
01 06 75 069 08 2024 4 5 19 47 45
01 11 59 202 30 2024 4 5 19 47 45
01 12 39 312 16 2024 4 5 19 47 45
01 14 08 130 27 2024 4 5 19 47 45
01 20 15 170 27 2024 4 5 19 47 45
01 22 31 126 32 2024 4 5 19 47 45
01 24 35 246 24 2024 4 5 19 47 45
08 14 08 130 29 2024 4 5 19 47 45
08 24 35 246 22 2024 4 5 19 47 45
02 76 22 157 22 2024 4 5 19 47 45
02 88 48 251 17 2024 4 5 19 47 45
01 06 75 068 11 2024 4 5 19 47 46
01 11 59 202 30 2024 4 5 19 47 46
01 12 39 312 14 2024 4 5 19 47 46
01 14 08 130 26 2024 4 5 19 47 46
01 20 15 170 26 2024 4 5 19 47 46
01 22 31 126 32 2024 4 5 19 47 46
01 24 35 246 24 2024 4 5 19 47 46
08 14 08 130 29 2024 4 5 19 47 46
08 24 35 246 22 2024 4 5 19 47 46
02 76 22 157 17 2024 4 5 19 47 46
02 88 48 251 18 2024 4 5 19 47 46
01 06 75 068 02 2024 4 5 19 47 47
01 11 59 202 29 2024 4 5 19 47 47
01 12 39 312 11 2024 4 5 19 47 47
01 14 08 130 26 2024 4 5 19 47 47
01 20 15 170 27 2024 4 5 19 47 47
01 22 31 126 31 2024 4 5 19 47 47
01 24 35 246 22 2024 4 5 19 47 47
08 14 08 130 29 2024 4 5 19 47 47
08 24 35 246 21 2024 4 5 19 47 47
02 76 22 157 18 2024 4 5 19 47 47
02 88 48 251 19 2024 4 5 19 47 47
01 06 75 068 13 2024 4 5 19 47 48
01 11 59 202 29 2024 4 5 19 47 48
01 12 39 312 07 2024 4 5 19 47 48
01 14 08 130 27 2024 4 5 19 47 48
01 20 15 170 27 2024 4 5 19 47 48
01 22 31 126 30 2024 4 5 19 47 48
01 24 35 246 22 2024 4 5 19 47 48
08 14 08 130 30 2024 4 5 19 47 48
08 24 35 246 20 2024 4 5 19 47 48
02 76 22 157 18 2024 4 5 19 47 48
02 88 48 251 19 2024 4 5 19 47 48
01 06 75 068 09 2024 4 5 19 47 49
01 11 59 202 30 2024 4 5 19 47 49
01 12 39 312 11 2024 4 5 19 47 49
01 14 08 130 26 2024 4 5 19 47 49
01 20 15 170 26 2024 4 5 19 47 49
01 22 31 126 29 2024 4 5 19 47 49
01 24 35 246 23 2024 4 5 19 47 49
08 14 08 130 30 2024 4 5 19 47 49
08 24 35 246 20 2024 4 5 19 47 49
02 76 22 157 18 2024 4 5 19 47 49
02 88 48 251 21 2024 4 5 19 47 49
01 06 75 068 10 2024 4 5 19 47 50
01 11 59 202 29 2024 4 5 19 47 50
01 14 08 130 23 2024 4 5 19 47 50
01 20 15 170 28 2024 4 5 19 47 50
01 22 31 126 28 2024 4 5 19 47 50
01 24 35 246 25 2024 4 5 19 47 50
08 14 08 130 29 2024 4 5 19 47 50
08 24 35 246 19 2024 4 5 19 47 50
02 76 22 157 14 2024 4 5 19 47 50
02 88 48 251 21 2024 4 5 19 47 50
01 06 75 068 14 2024 4 5 19 47 51
01 11 59 202 28 2024 4 5 19 47 51
01 12 39 312 09 2024 4 5 19 47 51
01 14 08 130 23 2024 4 5 19 47 51
01 20 15 170 29 2024 4 5 19 47 51
01 22 31 126 28 2024 4 5 19 47 51
01 24 35 246 25 2024 4 5 19 47 51
08 14 08 130 29 2024 4 5 19 47 51
08 24 35 246 17 2024 4 5 19 47 51
02 76 22 157 02 2024 4 5 19 47 51
02 88 48 251 21 2024 4 5 19 47 51
01 06 75 068 12 2024 4 5 19 47 52
01 11 59 202 29 2024 4 5 19 47 52
01 12 39 312 15 2024 4 5 19 47 52
01 14 08 130 22 2024 4 5 19 47 52
01 20 15 170 30 2024 4 5 19 47 52
01 22 31 126 30 2024 4 5 19 47 52
01 24 35 246 25 2024 4 5 19 47 52
08 14 08 130 29 2024 4 5 19 47 52
08 24 35 246 15 2024 4 5 19 47 52
02 76 22 157 16 2024 4 5 19 47 52
02 88 48 251 18 2024 4 5 19 47 52
01 06 75 068 14 2024 4 5 19 47 53
01 11 59 202 28 2024 4 5 19 47 53
01 12 39 312 09 2024 4 5 19 47 53
01 14 08 130 17 2024 4 5 19 47 53
01 20 15 170 30 2024 4 5 19 47 53
01 22 31 126 28 2024 4 5 19 47 53
01 24 35 246 24 2024 4 5 19 47 53
08 14 08 130 29 2024 4 5 19 47 53
08 24 35 246 17 2024 4 5 19 47 53
02 76 22 157 16 2024 4 5 19 47 53
02 88 48 251 20 2024 4 5 19 47 53
01 06 75 068 09 2024 4 5 19 47 54
01 11 59 202 28 2024 4 5 19 47 54
01 12 39 312 12 2024 4 5 19 47 54
01 14 08 130 17 2024 4 5 19 47 54
01 20 15 170 29 2024 4 5 19 47 54
01 22 31 126 28 2024 4 5 19 47 54
01 24 35 246 23 2024 4 5 19 47 54
08 14 08 130 29 2024 4 5 19 47 54
08 24 35 246 17 2024 4 5 19 47 54
02 76 22 157 13 2024 4 5 19 47 54
02 88 48 251 21 2024 4 5 19 47 54
01 06 75 068 09 2024 4 5 19 47 55
01 11 59 202 29 2024 4 5 19 47 55
01 12 39 312 11 2024 4 5 19 47 55
01 14 08 130 12 2024 4 5 19 47 55
01 20 15 170 29 2024 4 5 19 47 55
01 22 31 126 28 2024 4 5 19 47 55
01 24 35 246 23 2024 4 5 19 47 55
08 14 08 130 29 2024 4 5 19 47 55
08 24 35 246 16 2024 4 5 19 47 55
02 76 22 157 17 2024 4 5 19 47 55
02 88 48 251 21 2024 4 5 19 47 55
01 06 75 068 10 2024 4 5 19 47 56
01 11 59 202 30 2024 4 5 19 47 56
01 12 39 312 11 2024 4 5 19 47 56
01 14 08 130 12 2024 4 5 19 47 56
01 20 15 170 29 2024 4 5 19 47 56
01 22 31 126 27 2024 4 5 19 47 56
01 24 35 246 25 2024 4 5 19 47 56
08 14 08 130 30 2024 4 5 19 47 56
08 24 35 246 19 2024 4 5 19 47 56
02 76 22 157 12 2024 4 5 19 47 56
02 88 48 251 22 2024 4 5 19 47 56
01 06 75 068 12 2024 4 5 19 47 57
01 11 59 202 30 2024 4 5 19 47 57
01 12 39 312 09 2024 4 5 19 47 57
01 14 08 130 15 2024 4 5 19 47 57
01 20 15 170 30 2024 4 5 19 47 57
01 22 31 126 25 2024 4 5 19 47 57
01 24 35 246 24 2024 4 5 19 47 57
08 14 08 130 30 2024 4 5 19 47 57
08 24 35 246 21 2024 4 5 19 47 57
02 76 22 157 11 2024 4 5 19 47 57
02 88 48 251 21 2024 4 5 19 47 57
01 06 75 068 14 2024 4 5 19 47 58
01 11 59 202 30 2024 4 5 19 47 58
01 12 39 312 12 2024 4 5 19 47 58
01 14 08 130 09 2024 4 5 19 47 58
01 20 15 170 28 2024 4 5 19 47 58
01 22 31 126 25 2024 4 5 19 47 58
01 24 35 246 23 2024 4 5 19 47 58
08 14 08 130 30 2024 4 5 19 47 58
08 24 35 246 20 2024 4 5 19 47 58
02 76 22 157 15 2024 4 5 19 47 58
02 88 48 251 21 2024 4 5 19 47 58
01 06 75 068 08 2024 4 5 19 47 59
01 11 59 202 30 2024 4 5 19 47 59
01 12 39 312 12 2024 4 5 19 47 59
01 14 08 130 07 2024 4 5 19 47 59
01 20 15 170 29 2024 4 5 19 47 59
01 22 31 126 24 2024 4 5 19 47 59
01 24 35 246 23 2024 4 5 19 47 59
08 14 08 130 30 2024 4 5 19 47 59
08 24 35 246 22 2024 4 5 19 47 59
02 76 22 157 17 2024 4 5 19 47 59
02 88 48 251 18 2024 4 5 19 47 59
01 06 75 068 08 2024 4 5 19 48 0
01 11 59 202 30 2024 4 5 19 48 0
01 12 39 312 14 2024 4 5 19 48 0
01 14 08 130 10 2024 4 5 19 48 0
01 20 15 170 28 2024 4 5 19 48 0
01 22 31 126 24 2024 4 5 19 48 0
01 24 35 246 22 2024 4 5 19 48 0
08 14 08 130 30 2024 4 5 19 48 0
08 24 35 246 21 2024 4 5 19 48 0
02 76 22 157 18 2024 4 5 19 48 0
02 88 48 251 14 2024 4 5 19 48 0
01 06 75 068 05 2024 4 5 19 48 1
01 11 59 202 29 2024 4 5 19 48 1
01 12 39 312 13 2024 4 5 19 48 1
01 14 08 130 13 2024 4 5 19 48 1
01 20 15 170 29 2024 4 5 19 48 1
01 22 31 126 24 2024 4 5 19 48 1
01 24 35 246 23 2024 4 5 19 48 1
08 14 08 130 30 2024 4 5 19 48 1
08 24 35 246 20 2024 4 5 19 48 1
02 76 22 157 17 2024 4 5 19 48 1
02 88 48 251 17 2024 4 5 19 48 1
01 11 59 202 28 2024 4 5 19 48 2
01 12 39 312 14 2024 4 5 19 48 2
01 14 08 130 16 2024 4 5 19 48 2
01 20 15 170 28 2024 4 5 19 48 2
01 22 31 126 25 2024 4 5 19 48 2
01 24 35 246 20 2024 4 5 19 48 2
08 14 08 130 30 2024 4 5 19 48 2
08 24 35 246 19 2024 4 5 19 48 2
02 76 22 157 08 2024 4 5 19 48 2
02 88 48 251 15 2024 4 5 19 48 2
01 06 75 068 14 2024 4 5 19 48 3
01 11 59 202 28 2024 4 5 19 48 3
01 12 39 312 12 2024 4 5 19 48 3
01 14 08 130 17 2024 4 5 19 48 3
01 20 15 170 28 2024 4 5 19 48 3
01 22 31 126 26 2024 4 5 19 48 3
01 24 35 246 19 2024 4 5 19 48 3
08 14 08 130 30 2024 4 5 19 48 3
08 24 35 246 20 2024 4 5 19 48 3
02 76 22 157 12 2024 4 5 19 48 3
02 88 48 251 08 2024 4 5 19 48 3
01 06 75 068 07 2024 4 5 19 48 4
01 11 59 202 27 2024 4 5 19 48 4
01 12 39 312 06 2024 4 5 19 48 4
01 14 08 130 18 2024 4 5 19 48 4
01 20 15 170 29 2024 4 5 19 48 4
01 22 31 126 29 2024 4 5 19 48 4
01 24 35 246 18 2024 4 5 19 48 4
08 14 08 130 30 2024 4 5 19 48 4
08 24 35 246 19 2024 4 5 19 48 4
02 76 22 157 16 2024 4 5 19 48 4
02 88 48 251 13 2024 4 5 19 48 4
01 06 75 068 12 2024 4 5 19 48 5
01 11 59 202 26 2024 4 5 19 48 5
01 12 39 312 12 2024 4 5 19 48 5
01 14 08 130 21 2024 4 5 19 48 5
01 20 15 170 30 2024 4 5 19 48 5
01 22 31 126 29 2024 4 5 19 48 5
01 24 35 246 16 2024 4 5 19 48 5
08 14 08 130 29 2024 4 5 19 48 5
08 24 35 246 19 2024 4 5 19 48 5
02 76 22 157 17 2024 4 5 19 48 5
02 88 48 251 16 2024 4 5 19 48 5
01 06 75 068 12 2024 4 5 19 48 6
01 11 59 202 28 2024 4 5 19 48 6
01 12 39 312 17 2024 4 5 19 48 6
01 14 08 130 20 2024 4 5 19 48 6
01 20 15 170 30 2024 4 5 19 48 6
01 22 31 126 28 2024 4 5 19 48 6
01 24 35 246 16 2024 4 5 19 48 6
08 14 08 130 30 2024 4 5 19 48 6
08 24 35 246 19 2024 4 5 19 48 6
02 76 22 157 15 2024 4 5 19 48 6
02 88 48 251 12 2024 4 5 19 48 6
01 06 75 068 12 2024 4 5 19 48 7
01 11 59 202 28 2024 4 5 19 48 7
01 12 39 312 16 2024 4 5 19 48 7
01 14 08 130 22 2024 4 5 19 48 7
01 20 15 170 29 2024 4 5 19 48 7
01 22 31 126 27 2024 4 5 19 48 7
01 24 35 246 15 2024 4 5 19 48 7
08 14 08 130 29 2024 4 5 19 48 7
08 24 35 246 19 2024 4 5 19 48 7
02 76 22 157 18 2024 4 5 19 48 7
02 88 48 251 12 2024 4 5 19 48 7
01 06 75 068 14 2024 4 5 19 48 8
01 11 59 202 28 2024 4 5 19 48 8
01 12 39 312 16 2024 4 5 19 48 8
01 14 08 130 23 2024 4 5 19 48 8
01 20 15 170 30 2024 4 5 19 48 8
01 22 31 126 28 2024 4 5 19 48 8
01 24 35 246 13 2024 4 5 19 48 8
08 14 08 130 30 2024 4 5 19 48 8
08 24 35 246 21 2024 4 5 19 48 8
02 76 22 157 12 2024 4 5 19 48 8
02 88 48 251 15 2024 4 5 19 48 8
01 06 75 068 10 2024 4 5 19 48 9
01 11 59 202 29 2024 4 5 19 48 9
01 12 39 312 17 2024 4 5 19 48 9
01 14 08 130 21 2024 4 5 19 48 9
01 20 15 170 30 2024 4 5 19 48 9
01 22 31 126 27 2024 4 5 19 48 9
01 24 35 246 14 2024 4 5 19 48 9
08 14 08 130 30 2024 4 5 19 48 9
08 24 35 246 21 2024 4 5 19 48 9
02 76 22 157 15 2024 4 5 19 48 9
02 88 48 251 09 2024 4 5 19 48 9
01 06 75 068 08 2024 4 5 19 48 10
01 11 59 202 28 2024 4 5 19 48 10
01 12 39 312 14 2024 4 5 19 48 10
01 14 08 130 18 2024 4 5 19 48 10
01 20 15 170 31 2024 4 5 19 48 10
01 22 31 126 26 2024 4 5 19 48 10
01 24 35 246 18 2024 4 5 19 48 10
08 14 08 130 30 2024 4 5 19 48 10
08 24 35 246 21 2024 4 5 19 48 10
02 76 22 157 15 2024 4 5 19 48 10
02 88 48 251 05 2024 4 5 19 48 10
01 11 59 202 29 2024 4 5 19 48 11
01 12 39 312 14 2024 4 5 19 48 11
01 14 08 130 18 2024 4 5 19 48 11
01 20 15 170 32 2024 4 5 19 48 11
01 22 31 126 28 2024 4 5 19 48 11
01 24 35 246 16 2024 4 5 19 48 11
08 14 08 130 30 2024 4 5 19 48 11
08 24 35 246 21 2024 4 5 19 48 11
02 76 22 157 13 2024 4 5 19 48 11
02 88 48 251 09 2024 4 5 19 48 11
01 11 59 202 28 2024 4 5 19 48 12
01 12 39 312 11 2024 4 5 19 48 12
01 14 08 130 18 2024 4 5 19 48 12
01 20 15 170 32 2024 4 5 19 48 12
01 22 31 126 27 2024 4 5 19 48 12
01 24 35 246 17 2024 4 5 19 48 12
08 14 08 130 30 2024 4 5 19 48 12
08 24 35 246 21 2024 4 5 19 48 12
02 76 22 157 17 2024 4 5 19 48 12
02 88 48 251 15 2024 4 5 19 48 12
01 06 75 068 06 2024 4 5 19 48 13
01 11 59 202 30 2024 4 5 19 48 13
01 12 39 312 15 2024 4 5 19 48 13
01 14 08 130 20 2024 4 5 19 48 13
01 20 15 170 33 2024 4 5 19 48 13
01 22 31 126 29 2024 4 5 19 48 13
01 24 35 246 18 2024 4 5 19 48 13
08 14 08 130 30 2024 4 5 19 48 13
08 24 35 246 22 2024 4 5 19 48 13
02 76 22 157 15 2024 4 5 19 48 13
02 88 48 251 18 2024 4 5 19 48 13
01 06 75 068 12 2024 4 5 19 48 14
01 11 59 202 30 2024 4 5 19 48 14
01 12 39 312 09 2024 4 5 19 48 14
01 14 08 130 19 2024 4 5 19 48 14
01 20 15 170 33 2024 4 5 19 48 14
01 22 31 126 28 2024 4 5 19 48 14
01 24 35 246 16 2024 4 5 19 48 14
08 14 08 130 28 2024 4 5 19 48 14
08 24 35 246 22 2024 4 5 19 48 14
02 76 22 157 19 2024 4 5 19 48 14
02 88 48 251 19 2024 4 5 19 48 14
01 06 75 068 11 2024 4 5 19 48 15
01 11 59 202 30 2024 4 5 19 48 15
01 12 39 312 15 2024 4 5 19 48 15
01 14 08 130 19 2024 4 5 19 48 15
01 20 15 170 33 2024 4 5 19 48 15
01 22 31 126 28 2024 4 5 19 48 15
01 24 35 246 16 2024 4 5 19 48 15
08 14 08 130 29 2024 4 5 19 48 15
08 24 35 246 21 2024 4 5 19 48 15
02 76 22 157 21 2024 4 5 19 48 15
02 88 48 251 20 2024 4 5 19 48 15
01 06 75 068 02 2024 4 5 19 48 16
01 11 59 202 29 2024 4 5 19 48 16
01 12 39 312 16 2024 4 5 19 48 16
01 14 08 130 19 2024 4 5 19 48 16
01 20 15 170 33 2024 4 5 19 48 16
01 22 31 126 28 2024 4 5 19 48 16
01 24 35 246 18 2024 4 5 19 48 16
08 14 08 130 28 2024 4 5 19 48 16
08 24 35 246 21 2024 4 5 19 48 16
02 76 22 157 21 2024 4 5 19 48 16
02 88 48 251 20 2024 4 5 19 48 16
01 11 59 202 29 2024 4 5 19 48 17
01 12 39 312 14 2024 4 5 19 48 17
01 14 08 130 21 2024 4 5 19 48 17
01 20 15 170 34 2024 4 5 19 48 17
01 22 31 126 27 2024 4 5 19 48 17
01 24 35 246 16 2024 4 5 19 48 17
08 14 08 130 27 2024 4 5 19 48 17
08 24 35 246 21 2024 4 5 19 48 17
02 76 22 157 20 2024 4 5 19 48 17
02 88 48 251 20 2024 4 5 19 48 17
01 06 75 068 10 2024 4 5 19 48 18
01 11 59 202 30 2024 4 5 19 48 18
01 12 39 312 15 2024 4 5 19 48 18
01 14 08 130 22 2024 4 5 19 48 18
01 20 15 170 33 2024 4 5 19 48 18
01 22 31 126 27 2024 4 5 19 48 18
01 24 35 246 18 2024 4 5 19 48 18
08 14 08 130 28 2024 4 5 19 48 18
08 24 35 246 21 2024 4 5 19 48 18
02 76 22 157 22 2024 4 5 19 48 18
02 88 48 251 14 2024 4 5 19 48 18
01 06 75 068 11 2024 4 5 19 48 19
01 11 59 202 30 2024 4 5 19 48 19
01 12 39 312 16 2024 4 5 19 48 19
01 14 08 130 23 2024 4 5 19 48 19
01 20 15 170 33 2024 4 5 19 48 19
01 22 31 126 25 2024 4 5 19 48 19
01 24 35 246 17 2024 4 5 19 48 19
08 14 08 130 27 2024 4 5 19 48 19
08 24 35 246 21 2024 4 5 19 48 19
02 76 22 157 15 2024 4 5 19 48 19
02 88 48 251 16 2024 4 5 19 48 19
01 06 75 068 08 2024 4 5 19 48 20
01 11 59 202 30 2024 4 5 19 48 20
01 12 39 312 13 2024 4 5 19 48 20
01 14 08 130 21 2024 4 5 19 48 20
01 20 15 170 33 2024 4 5 19 48 20
01 22 31 126 25 2024 4 5 19 48 20
01 24 35 246 18 2024 4 5 19 48 20
08 14 08 130 28 2024 4 5 19 48 20
08 24 35 246 21 2024 4 5 19 48 20
02 76 22 157 17 2024 4 5 19 48 20
02 88 48 251 16 2024 4 5 19 48 20
01 06 75 068 04 2024 4 5 19 48 21
01 11 59 202 30 2024 4 5 19 48 21
01 12 39 312 12 2024 4 5 19 48 21
01 14 08 130 22 2024 4 5 19 48 21
01 20 15 170 34 2024 4 5 19 48 21
01 22 31 126 25 2024 4 5 19 48 21
01 24 35 246 19 2024 4 5 19 48 21
08 14 08 130 28 2024 4 5 19 48 21
08 24 35 246 21 2024 4 5 19 48 21
02 76 22 157 19 2024 4 5 19 48 21
02 88 48 251 19 2024 4 5 19 48 21
01 06 75 068 08 2024 4 5 19 48 22
01 11 59 202 30 2024 4 5 19 48 22
01 12 39 312 16 2024 4 5 19 48 22
01 14 08 130 20 2024 4 5 19 48 22
01 20 15 170 34 2024 4 5 19 48 22
01 22 31 126 26 2024 4 5 19 48 22
01 24 35 246 20 2024 4 5 19 48 22
08 14 08 130 28 2024 4 5 19 48 22
08 24 35 246 20 2024 4 5 19 48 22
02 76 22 157 18 2024 4 5 19 48 22
02 88 48 251 20 2024 4 5 19 48 22
01 06 75 068 10 2024 4 5 19 48 23
01 11 59 202 31 2024 4 5 19 48 23
01 12 39 312 15 2024 4 5 19 48 23
01 14 08 130 21 2024 4 5 19 48 23
01 20 15 170 33 2024 4 5 19 48 23
01 22 31 126 26 2024 4 5 19 48 23
01 24 35 246 19 2024 4 5 19 48 23
08 14 08 130 28 2024 4 5 19 48 23
08 24 35 246 20 2024 4 5 19 48 23
02 76 22 157 16 2024 4 5 19 48 23
02 88 48 251 23 2024 4 5 19 48 23
01 06 75 067 04 2024 4 5 19 48 24
01 11 59 202 30 2024 4 5 19 48 24
01 12 39 312 16 2024 4 5 19 48 24
01 14 08 130 21 2024 4 5 19 48 24
01 20 15 170 34 2024 4 5 19 48 24
01 22 31 126 27 2024 4 5 19 48 24
01 24 35 246 18 2024 4 5 19 48 24
08 14 08 130 29 2024 4 5 19 48 24
08 24 35 246 19 2024 4 5 19 48 24
02 76 22 157 21 2024 4 5 19 48 24
02 88 48 251 20 2024 4 5 19 48 24
01 11 60 202 30 2024 4 5 19 48 25
01 12 39 312 13 2024 4 5 19 48 25
01 14 08 130 23 2024 4 5 19 48 25
01 20 15 170 34 2024 4 5 19 48 25
01 22 31 126 27 2024 4 5 19 48 25
01 24 35 246 20 2024 4 5 19 48 25
08 14 08 130 29 2024 4 5 19 48 25
08 24 35 246 19 2024 4 5 19 48 25
02 76 22 157 24 2024 4 5 19 48 25
02 88 48 251 19 2024 4 5 19 48 25
01 11 60 202 28 2024 4 5 19 48 26
01 12 39 312 13 2024 4 5 19 48 26
01 14 08 130 21 2024 4 5 19 48 26
01 20 15 170 34 2024 4 5 19 48 26
01 22 31 126 27 2024 4 5 19 48 26
01 24 35 246 22 2024 4 5 19 48 26
08 14 08 130 29 2024 4 5 19 48 26
08 24 35 246 20 2024 4 5 19 48 26
02 76 22 157 26 2024 4 5 19 48 26
02 88 48 251 16 2024 4 5 19 48 26
01 06 75 067 02 2024 4 5 19 48 27
01 11 60 202 28 2024 4 5 19 48 27
01 12 39 312 11 2024 4 5 19 48 27
01 14 08 130 23 2024 4 5 19 48 27
01 20 15 170 35 2024 4 5 19 48 27
01 22 31 126 26 2024 4 5 19 48 27
01 24 35 246 22 2024 4 5 19 48 27
08 14 08 130 29 2024 4 5 19 48 27
08 24 35 246 19 2024 4 5 19 48 27
02 76 22 157 25 2024 4 5 19 48 27
02 88 48 251 17 2024 4 5 19 48 27
01 06 75 067 02 2024 4 5 19 48 28
01 11 60 202 27 2024 4 5 19 48 28
01 12 39 312 13 2024 4 5 19 48 28
01 14 08 130 23 2024 4 5 19 48 28
01 20 15 170 34 2024 4 5 19 48 28
01 22 31 126 25 2024 4 5 19 48 28
01 24 35 246 21 2024 4 5 19 48 28
08 14 08 130 29 2024 4 5 19 48 28
08 24 35 246 19 2024 4 5 19 48 28
02 76 22 157 25 2024 4 5 19 48 28
02 88 48 251 17 2024 4 5 19 48 28
01 11 60 202 28 2024 4 5 19 48 29
01 12 39 312 10 2024 4 5 19 48 29
01 14 08 130 23 2024 4 5 19 48 29
01 20 15 170 35 2024 4 5 19 48 29
01 22 31 126 24 2024 4 5 19 48 29
01 24 35 246 22 2024 4 5 19 48 29
08 14 08 130 30 2024 4 5 19 48 29
08 24 35 246 22 2024 4 5 19 48 29
02 76 22 157 24 2024 4 5 19 48 29
02 88 48 251 21 2024 4 5 19 48 29
01 11 60 202 28 2024 4 5 19 48 30
01 12 39 312 14 2024 4 5 19 48 30
01 14 08 130 25 2024 4 5 19 48 30
01 20 15 170 35 2024 4 5 19 48 30
01 22 31 126 25 2024 4 5 19 48 30
01 24 35 246 24 2024 4 5 19 48 30
08 14 08 130 29 2024 4 5 19 48 30
08 24 35 246 22 2024 4 5 19 48 30
02 76 22 157 24 2024 4 5 19 48 30
02 88 48 251 19 2024 4 5 19 48 30
01 06 75 067 10 2024 4 5 19 48 31
01 11 60 202 28 2024 4 5 19 48 31
01 12 39 312 05 2024 4 5 19 48 31
01 14 08 130 25 2024 4 5 19 48 31
01 20 15 170 35 2024 4 5 19 48 31
01 22 31 126 25 2024 4 5 19 48 31
01 24 35 246 24 2024 4 5 19 48 31
08 14 08 130 29 2024 4 5 19 48 31
08 24 35 246 23 2024 4 5 19 48 31
02 76 22 157 25 2024 4 5 19 48 31
02 88 48 251 20 2024 4 5 19 48 31
01 06 75 067 10 2024 4 5 19 48 32
01 11 60 202 28 2024 4 5 19 48 32
01 12 39 312 13 2024 4 5 19 48 32
01 14 08 130 25 2024 4 5 19 48 32
01 20 15 170 35 2024 4 5 19 48 32
01 22 31 126 28 2024 4 5 19 48 32
01 24 35 246 22 2024 4 5 19 48 32
08 14 08 130 29 2024 4 5 19 48 32
08 24 35 246 23 2024 4 5 19 48 32
02 76 22 157 25 2024 4 5 19 48 32
02 88 48 251 20 2024 4 5 19 48 32
01 11 60 202 28 2024 4 5 19 48 33
01 12 39 312 04 2024 4 5 19 48 33
01 14 08 130 26 2024 4 5 19 48 33
01 20 15 170 35 2024 4 5 19 48 33
01 22 31 126 29 2024 4 5 19 48 33
01 24 35 246 18 2024 4 5 19 48 33
08 14 08 130 29 2024 4 5 19 48 33
08 24 35 246 23 2024 4 5 19 48 33
02 76 22 157 26 2024 4 5 19 48 33
02 88 48 251 17 2024 4 5 19 48 33
01 06 75 067 08 2024 4 5 19 48 34
01 11 60 202 27 2024 4 5 19 48 34
01 12 39 312 07 2024 4 5 19 48 34
01 14 08 130 26 2024 4 5 19 48 34
01 20 15 170 34 2024 4 5 19 48 34
01 22 31 126 29 2024 4 5 19 48 34
01 24 35 246 18 2024 4 5 19 48 34
08 14 08 130 30 2024 4 5 19 48 34
08 24 35 246 23 2024 4 5 19 48 34
02 76 22 157 28 2024 4 5 19 48 34
02 88 48 251 18 2024 4 5 19 48 34
01 06 75 067 10 2024 4 5 19 48 35
01 11 60 202 26 2024 4 5 19 48 35
01 12 39 312 06 2024 4 5 19 48 35
01 14 08 130 28 2024 4 5 19 48 35
01 20 15 170 34 2024 4 5 19 48 35
01 22 31 126 28 2024 4 5 19 48 35
01 24 35 246 14 2024 4 5 19 48 35
08 14 08 130 30 2024 4 5 19 48 35
08 24 35 246 23 2024 4 5 19 48 35
02 76 22 157 28 2024 4 5 19 48 35
02 88 48 251 19 2024 4 5 19 48 35
01 06 75 067 06 2024 4 5 19 48 36
01 11 60 202 28 2024 4 5 19 48 36
01 12 39 312 08 2024 4 5 19 48 36
01 14 08 130 26 2024 4 5 19 48 36
01 20 15 170 35 2024 4 5 19 48 36
01 22 31 126 27 2024 4 5 19 48 36
01 24 35 246 12 2024 4 5 19 48 36
08 14 08 130 30 2024 4 5 19 48 36
08 24 35 246 23 2024 4 5 19 48 36
02 76 22 157 27 2024 4 5 19 48 36
02 88 48 251 18 2024 4 5 19 48 36
01 11 60 202 28 2024 4 5 19 48 37
01 12 39 312 12 2024 4 5 19 48 37
01 14 08 131 24 2024 4 5 19 48 37
01 20 15 170 35 2024 4 5 19 48 37
01 22 31 126 27 2024 4 5 19 48 37
01 24 35 246 11 2024 4 5 19 48 37
08 14 08 131 31 2024 4 5 19 48 37
08 24 35 246 24 2024 4 5 19 48 37
02 76 22 157 26 2024 4 5 19 48 37
02 88 48 251 17 2024 4 5 19 48 37
01 11 60 202 29 2024 4 5 19 48 38
01 12 39 312 04 2024 4 5 19 48 38
01 14 08 131 25 2024 4 5 19 48 38
01 20 15 170 35 2024 4 5 19 48 38
01 22 31 126 27 2024 4 5 19 48 38
01 24 35 246 18 2024 4 5 19 48 38
08 14 08 131 31 2024 4 5 19 48 38
08 24 35 246 23 2024 4 5 19 48 38
02 76 22 157 26 2024 4 5 19 48 38
02 88 48 251 17 2024 4 5 19 48 38
01 11 60 202 29 2024 4 5 19 48 39
01 12 39 312 04 2024 4 5 19 48 39
01 14 08 131 24 2024 4 5 19 48 39
01 20 15 170 34 2024 4 5 19 48 39
01 22 31 126 25 2024 4 5 19 48 39
01 24 35 246 21 2024 4 5 19 48 39
08 14 08 131 31 2024 4 5 19 48 39
08 24 35 246 23 2024 4 5 19 48 39
02 76 22 157 27 2024 4 5 19 48 39
02 88 48 251 19 2024 4 5 19 48 39
01 06 75 067 04 2024 4 5 19 48 40
01 11 60 202 30 2024 4 5 19 48 40
01 12 39 312 06 2024 4 5 19 48 40
01 14 08 131 25 2024 4 5 19 48 40
01 20 15 170 33 2024 4 5 19 48 40
01 22 31 126 24 2024 4 5 19 48 40
01 24 35 246 22 2024 4 5 19 48 40
08 14 08 131 31 2024 4 5 19 48 40
08 24 35 246 23 2024 4 5 19 48 40
02 76 22 157 27 2024 4 5 19 48 40
02 88 48 252 20 2024 4 5 19 48 40
01 11 60 202 30 2024 4 5 19 48 41
01 14 08 131 26 2024 4 5 19 48 41
01 20 15 170 32 2024 4 5 19 48 41
01 22 31 126 26 2024 4 5 19 48 41
01 24 35 246 23 2024 4 5 19 48 41
08 14 08 131 31 2024 4 5 19 48 41
08 24 35 246 23 2024 4 5 19 48 41
02 76 22 157 26 2024 4 5 19 48 41
02 88 48 252 19 2024 4 5 19 48 41
01 06 75 067 02 2024 4 5 19 48 42
01 11 60 202 30 2024 4 5 19 48 42
01 14 08 131 26 2024 4 5 19 48 42
01 20 15 170 31 2024 4 5 19 48 42
01 22 31 126 26 2024 4 5 19 48 42
01 24 35 246 23 2024 4 5 19 48 42
08 14 08 131 31 2024 4 5 19 48 42
08 24 35 246 23 2024 4 5 19 48 42
02 76 22 157 25 2024 4 5 19 48 42
02 88 48 252 20 2024 4 5 19 48 42
01 06 75 067 02 2024 4 5 19 48 43
01 11 60 202 30 2024 4 5 19 48 43
01 12 39 312 04 2024 4 5 19 48 43
01 14 08 131 27 2024 4 5 19 48 43
01 20 15 170 32 2024 4 5 19 48 43
01 22 31 126 27 2024 4 5 19 48 43
01 24 35 246 21 2024 4 5 19 48 43
08 14 08 131 31 2024 4 5 19 48 43
08 24 35 246 21 2024 4 5 19 48 43
02 76 22 157 26 2024 4 5 19 48 43
02 88 48 252 22 2024 4 5 19 48 43
01 06 75 067 09 2024 4 5 19 48 44
01 11 60 202 30 2024 4 5 19 48 44
01 12 39 312 11 2024 4 5 19 48 44
01 14 08 131 26 2024 4 5 19 48 44
01 20 15 170 32 2024 4 5 19 48 44
01 22 31 126 26 2024 4 5 19 48 44
01 24 35 246 21 2024 4 5 19 48 44
08 14 08 131 31 2024 4 5 19 48 44
08 24 35 246 21 2024 4 5 19 48 44
02 76 22 157 27 2024 4 5 19 48 44
02 88 48 252 23 2024 4 5 19 48 44
01 06 75 067 09 2024 4 5 19 48 45
01 11 60 202 30 2024 4 5 19 48 45
01 12 39 312 06 2024 4 5 19 48 45
01 14 08 131 27 2024 4 5 19 48 45
01 20 15 170 33 2024 4 5 19 48 45
01 22 31 126 26 2024 4 5 19 48 45
01 24 35 246 19 2024 4 5 19 48 45
08 14 08 131 31 2024 4 5 19 48 45
08 24 35 246 20 2024 4 5 19 48 45
02 76 22 157 27 2024 4 5 19 48 45
02 88 48 252 23 2024 4 5 19 48 45
01 06 75 067 09 2024 4 5 19 48 46
01 11 60 202 30 2024 4 5 19 48 46
01 14 08 131 26 2024 4 5 19 48 46
01 20 15 170 32 2024 4 5 19 48 46
01 22 31 126 25 2024 4 5 19 48 46
01 24 35 246 21 2024 4 5 19 48 46
08 14 08 131 30 2024 4 5 19 48 46
08 24 35 246 22 2024 4 5 19 48 46
02 76 22 157 27 2024 4 5 19 48 46
02 88 48 252 22 2024 4 5 19 48 46
01 06 75 067 08 2024 4 5 19 48 47
01 11 60 202 30 2024 4 5 19 48 47
01 14 08 131 24 2024 4 5 19 48 47
01 20 15 170 33 2024 4 5 19 48 47
01 22 31 126 26 2024 4 5 19 48 47
01 24 35 246 21 2024 4 5 19 48 47
08 14 08 131 31 2024 4 5 19 48 47
08 24 35 246 22 2024 4 5 19 48 47
02 76 22 157 27 2024 4 5 19 48 47
02 88 48 252 22 2024 4 5 19 48 47
01 06 75 067 09 2024 4 5 19 48 48
01 11 60 202 29 2024 4 5 19 48 48
01 12 39 312 09 2024 4 5 19 48 48
01 14 08 131 26 2024 4 5 19 48 48
01 20 15 170 34 2024 4 5 19 48 48
01 22 31 126 25 2024 4 5 19 48 48
01 24 35 246 20 2024 4 5 19 48 48
08 14 08 131 31 2024 4 5 19 48 48
08 24 35 246 20 2024 4 5 19 48 48
02 76 22 157 29 2024 4 5 19 48 48
02 88 48 252 23 2024 4 5 19 48 48
01 06 75 067 09 2024 4 5 19 48 49
01 11 60 202 29 2024 4 5 19 48 49
01 12 39 312 13 2024 4 5 19 48 49
01 14 08 131 27 2024 4 5 19 48 49
01 20 15 170 34 2024 4 5 19 48 49
01 22 31 126 25 2024 4 5 19 48 49
01 24 35 246 23 2024 4 5 19 48 49
08 14 08 131 31 2024 4 5 19 48 49
08 24 35 246 21 2024 4 5 19 48 49
02 76 22 157 30 2024 4 5 19 48 49
02 88 48 252 24 2024 4 5 19 48 49
01 06 75 067 04 2024 4 5 19 48 50
01 11 60 202 28 2024 4 5 19 48 50
01 12 39 312 09 2024 4 5 19 48 50
01 14 07 131 28 2024 4 5 19 48 50
01 20 15 170 34 2024 4 5 19 48 50
01 22 31 126 25 2024 4 5 19 48 50
01 24 35 246 22 2024 4 5 19 48 50
08 14 07 131 31 2024 4 5 19 48 50
08 24 35 246 20 2024 4 5 19 48 50
02 76 22 157 32 2024 4 5 19 48 50
02 88 48 252 25 2024 4 5 19 48 50
01 06 75 067 07 2024 4 5 19 48 51
01 11 60 202 28 2024 4 5 19 48 51
01 12 39 312 05 2024 4 5 19 48 51
01 14 07 131 27 2024 4 5 19 48 51
01 20 15 170 34 2024 4 5 19 48 51
01 22 31 126 27 2024 4 5 19 48 51
01 24 35 246 21 2024 4 5 19 48 51
08 14 07 131 31 2024 4 5 19 48 51
08 24 35 246 21 2024 4 5 19 48 51
02 76 22 157 33 2024 4 5 19 48 51
02 88 48 252 24 2024 4 5 19 48 51
01 11 60 202 27 2024 4 5 19 48 52
01 12 39 312 14 2024 4 5 19 48 52
01 14 07 131 29 2024 4 5 19 48 52
01 20 15 170 34 2024 4 5 19 48 52
01 22 31 126 27 2024 4 5 19 48 52
01 24 35 246 21 2024 4 5 19 48 52
08 14 07 131 32 2024 4 5 19 48 52
08 24 35 246 20 2024 4 5 19 48 52
02 76 22 157 32 2024 4 5 19 48 52
02 88 48 252 23 2024 4 5 19 48 52
01 11 60 202 28 2024 4 5 19 48 53
01 12 39 312 16 2024 4 5 19 48 53
01 14 07 131 27 2024 4 5 19 48 53
01 20 15 170 33 2024 4 5 19 48 53
01 22 31 126 27 2024 4 5 19 48 53
01 24 35 246 23 2024 4 5 19 48 53
08 14 07 131 32 2024 4 5 19 48 53
08 24 35 246 20 2024 4 5 19 48 53
02 76 22 157 31 2024 4 5 19 48 53
02 88 48 252 21 2024 4 5 19 48 53
01 11 60 202 28 2024 4 5 19 48 54
01 12 39 312 16 2024 4 5 19 48 54
01 14 07 131 27 2024 4 5 19 48 54
01 20 15 170 34 2024 4 5 19 48 54
01 22 31 126 27 2024 4 5 19 48 54
01 24 35 246 23 2024 4 5 19 48 54
08 14 07 131 32 2024 4 5 19 48 54
08 24 35 246 20 2024 4 5 19 48 54
02 76 22 157 31 2024 4 5 19 48 54
02 88 48 252 21 2024 4 5 19 48 54
01 06 75 067 10 2024 4 5 19 48 55
01 11 60 202 28 2024 4 5 19 48 55
01 12 39 312 11 2024 4 5 19 48 55
01 14 07 131 27 2024 4 5 19 48 55
01 20 15 170 33 2024 4 5 19 48 55
01 22 31 126 27 2024 4 5 19 48 55
01 24 35 246 23 2024 4 5 19 48 55
08 14 07 131 32 2024 4 5 19 48 55
08 24 35 246 21 2024 4 5 19 48 55
02 76 22 157 30 2024 4 5 19 48 55
02 88 48 252 21 2024 4 5 19 48 55
01 06 75 067 15 2024 4 5 19 48 56
01 11 60 202 27 2024 4 5 19 48 56
01 12 39 312 16 2024 4 5 19 48 56
01 14 07 131 27 2024 4 5 19 48 56
01 20 15 170 34 2024 4 5 19 48 56
01 22 31 126 27 2024 4 5 19 48 56
01 24 35 246 22 2024 4 5 19 48 56
08 14 07 131 32 2024 4 5 19 48 56
08 24 35 246 20 2024 4 5 19 48 56
02 76 22 157 30 2024 4 5 19 48 56
02 88 48 252 24 2024 4 5 19 48 56
01 06 75 067 09 2024 4 5 19 48 57
01 11 60 202 28 2024 4 5 19 48 57
01 12 39 312 13 2024 4 5 19 48 57
01 14 07 131 27 2024 4 5 19 48 57
01 20 15 170 35 2024 4 5 19 48 57
01 22 31 126 27 2024 4 5 19 48 57
01 24 35 246 22 2024 4 5 19 48 57
08 14 07 131 31 2024 4 5 19 48 57
08 24 35 246 20 2024 4 5 19 48 57
02 76 22 157 30 2024 4 5 19 48 57
02 88 48 252 23 2024 4 5 19 48 57
01 06 75 067 07 2024 4 5 19 48 58
01 11 60 202 29 2024 4 5 19 48 58
01 12 39 312 16 2024 4 5 19 48 58
01 14 07 131 26 2024 4 5 19 48 58
01 20 15 170 35 2024 4 5 19 48 58
01 22 31 126 28 2024 4 5 19 48 58
01 24 35 246 23 2024 4 5 19 48 58
08 14 07 131 31 2024 4 5 19 48 58
08 24 35 246 20 2024 4 5 19 48 58
02 76 22 157 29 2024 4 5 19 48 58
02 88 48 252 23 2024 4 5 19 48 58
01 11 60 202 29 2024 4 5 19 48 59
01 12 39 312 19 2024 4 5 19 48 59
01 14 07 131 26 2024 4 5 19 48 59
01 20 15 170 34 2024 4 5 19 48 59
01 22 31 126 29 2024 4 5 19 48 59
01 24 35 246 20 2024 4 5 19 48 59
08 14 07 131 31 2024 4 5 19 48 59
08 24 35 246 18 2024 4 5 19 48 59
02 76 22 157 29 2024 4 5 19 48 59
02 88 48 252 24 2024 4 5 19 48 59
01 06 75 067 02 2024 4 5 19 49 0
01 11 60 202 27 2024 4 5 19 49 0
01 12 39 312 19 2024 4 5 19 49 0
01 14 07 131 26 2024 4 5 19 49 0
01 20 15 170 34 2024 4 5 19 49 0
01 22 31 126 29 2024 4 5 19 49 0
01 24 35 246 19 2024 4 5 19 49 0
08 14 07 131 31 2024 4 5 19 49 0
08 24 35 246 19 2024 4 5 19 49 0
02 76 22 157 29 2024 4 5 19 49 0
02 88 48 252 23 2024 4 5 19 49 0
01 11 60 202 27 2024 4 5 19 49 1
01 12 39 312 18 2024 4 5 19 49 1
01 14 07 131 27 2024 4 5 19 49 1
01 20 15 170 35 2024 4 5 19 49 1
01 22 31 126 29 2024 4 5 19 49 1
01 24 35 246 20 2024 4 5 19 49 1
08 14 07 131 32 2024 4 5 19 49 1
08 24 35 246 18 2024 4 5 19 49 1
02 76 22 157 29 2024 4 5 19 49 1
02 88 48 252 22 2024 4 5 19 49 1
01 11 60 202 27 2024 4 5 19 49 2
01 12 39 312 16 2024 4 5 19 49 2
01 14 07 131 27 2024 4 5 19 49 2
01 20 15 170 34 2024 4 5 19 49 2
01 22 31 126 29 2024 4 5 19 49 2
01 24 35 246 18 2024 4 5 19 49 2
08 14 07 131 31 2024 4 5 19 49 2
08 24 35 246 17 2024 4 5 19 49 2
02 76 22 157 30 2024 4 5 19 49 2
02 88 48 252 23 2024 4 5 19 49 2
01 06 75 067 12 2024 4 5 19 49 3
01 11 60 202 27 2024 4 5 19 49 3
01 12 39 312 15 2024 4 5 19 49 3
01 14 07 131 28 2024 4 5 19 49 3
01 20 15 170 36 2024 4 5 19 49 3
01 22 30 126 29 2024 4 5 19 49 3
01 24 35 246 19 2024 4 5 19 49 3
08 14 07 131 31 2024 4 5 19 49 3
08 24 35 246 16 2024 4 5 19 49 3
02 76 22 157 31 2024 4 5 19 49 3
02 88 48 252 23 2024 4 5 19 49 3
01 11 60 202 28 2024 4 5 19 49 4
01 12 39 312 11 2024 4 5 19 49 4
01 14 07 131 28 2024 4 5 19 49 4
01 20 15 170 36 2024 4 5 19 49 4
01 22 30 126 28 2024 4 5 19 49 4
01 24 35 246 20 2024 4 5 19 49 4
08 14 07 131 31 2024 4 5 19 49 4
08 24 35 246 16 2024 4 5 19 49 4
02 76 22 157 30 2024 4 5 19 49 4
02 88 48 252 23 2024 4 5 19 49 4
01 06 75 067 10 2024 4 5 19 49 5
01 11 60 202 29 2024 4 5 19 49 5
01 12 39 312 09 2024 4 5 19 49 5
01 14 07 131 27 2024 4 5 19 49 5
01 20 15 170 36 2024 4 5 19 49 5
01 22 30 126 28 2024 4 5 19 49 5
01 24 35 246 18 2024 4 5 19 49 5
08 14 07 131 32 2024 4 5 19 49 5
08 24 35 246 16 2024 4 5 19 49 5
02 76 22 157 31 2024 4 5 19 49 5
02 88 48 252 22 2024 4 5 19 49 5
01 11 60 202 27 2024 4 5 19 49 6
01 12 39 312 12 2024 4 5 19 49 6
01 14 07 131 26 2024 4 5 19 49 6
01 20 15 170 35 2024 4 5 19 49 6
01 22 30 126 28 2024 4 5 19 49 6
01 24 35 246 14 2024 4 5 19 49 6
08 14 07 131 32 2024 4 5 19 49 6
08 24 35 246 18 2024 4 5 19 49 6
02 76 22 157 30 2024 4 5 19 49 6
02 88 48 252 22 2024 4 5 19 49 6
01 11 60 202 28 2024 4 5 19 49 7
01 14 07 131 26 2024 4 5 19 49 7
01 20 15 170 35 2024 4 5 19 49 7
01 22 30 126 29 2024 4 5 19 49 7
01 24 35 246 19 2024 4 5 19 49 7
08 14 07 131 32 2024 4 5 19 49 7
08 24 35 246 18 2024 4 5 19 49 7
02 76 22 157 31 2024 4 5 19 49 7
02 88 48 252 22 2024 4 5 19 49 7
01 06 75 067 06 2024 4 5 19 49 8
01 11 60 202 29 2024 4 5 19 49 8
01 14 07 131 26 2024 4 5 19 49 8
01 20 15 170 34 2024 4 5 19 49 8
01 22 30 126 29 2024 4 5 19 49 8
01 24 35 246 20 2024 4 5 19 49 8
08 14 07 131 32 2024 4 5 19 49 8
08 24 35 246 16 2024 4 5 19 49 8
02 76 22 157 32 2024 4 5 19 49 8
02 88 48 252 22 2024 4 5 19 49 8
01 11 60 202 28 2024 4 5 19 49 9
01 14 07 131 24 2024 4 5 19 49 9
01 20 15 170 33 2024 4 5 19 49 9
01 22 30 126 30 2024 4 5 19 49 9
01 24 35 246 21 2024 4 5 19 49 9
08 14 07 131 32 2024 4 5 19 49 9
08 24 35 246 17 2024 4 5 19 49 9
02 76 22 157 31 2024 4 5 19 49 9
02 88 48 252 21 2024 4 5 19 49 9
01 11 60 202 28 2024 4 5 19 49 10
01 12 39 312 08 2024 4 5 19 49 10
01 14 07 131 24 2024 4 5 19 49 10
01 20 15 170 33 2024 4 5 19 49 10
01 22 30 126 30 2024 4 5 19 49 10
01 24 35 246 23 2024 4 5 19 49 10
08 14 07 131 33 2024 4 5 19 49 10
08 24 35 246 16 2024 4 5 19 49 10
02 76 22 157 31 2024 4 5 19 49 10
02 88 48 252 21 2024 4 5 19 49 10
01 06 75 067 10 2024 4 5 19 49 11
01 11 60 202 28 2024 4 5 19 49 11
01 14 07 131 25 2024 4 5 19 49 11
01 20 15 170 33 2024 4 5 19 49 11
01 22 30 126 31 2024 4 5 19 49 11
01 24 35 246 21 2024 4 5 19 49 11
08 14 07 131 32 2024 4 5 19 49 11
08 24 35 246 17 2024 4 5 19 49 11
02 76 22 157 31 2024 4 5 19 49 11
02 88 48 252 21 2024 4 5 19 49 11
01 06 75 067 12 2024 4 5 19 49 12
01 11 60 202 27 2024 4 5 19 49 12
01 14 07 131 23 2024 4 5 19 49 12
01 20 15 170 34 2024 4 5 19 49 12
01 22 30 126 31 2024 4 5 19 49 12
01 24 35 246 24 2024 4 5 19 49 12
08 14 07 131 33 2024 4 5 19 49 12
08 24 35 246 18 2024 4 5 19 49 12
02 76 22 157 31 2024 4 5 19 49 12
02 88 48 252 21 2024 4 5 19 49 12
01 06 75 067 07 2024 4 5 19 49 13
01 11 60 202 27 2024 4 5 19 49 13
01 12 39 312 07 2024 4 5 19 49 13
01 14 07 131 25 2024 4 5 19 49 13
01 20 15 170 35 2024 4 5 19 49 13
01 22 30 126 31 2024 4 5 19 49 13
01 24 35 246 24 2024 4 5 19 49 13
08 14 07 131 33 2024 4 5 19 49 13
08 24 35 246 21 2024 4 5 19 49 13
02 76 22 157 30 2024 4 5 19 49 13
02 88 48 252 21 2024 4 5 19 49 13
01 11 60 202 24 2024 4 5 19 49 14
01 12 39 312 06 2024 4 5 19 49 14
01 14 07 131 24 2024 4 5 19 49 14
01 20 15 170 34 2024 4 5 19 49 14
01 22 30 126 31 2024 4 5 19 49 14
01 24 35 246 23 2024 4 5 19 49 14
08 14 07 131 33 2024 4 5 19 49 14
08 24 35 246 19 2024 4 5 19 49 14
02 76 22 157 30 2024 4 5 19 49 14
02 88 48 252 21 2024 4 5 19 49 14
01 11 60 202 24 2024 4 5 19 49 15
01 12 40 312 08 2024 4 5 19 49 15
01 14 07 131 25 2024 4 5 19 49 15
01 20 15 170 34 2024 4 5 19 49 15
01 22 30 127 31 2024 4 5 19 49 15
01 24 35 246 22 2024 4 5 19 49 15
08 14 07 131 33 2024 4 5 19 49 15
08 24 35 246 20 2024 4 5 19 49 15
02 76 22 157 30 2024 4 5 19 49 15
02 88 48 252 20 2024 4 5 19 49 15
01 06 75 066 06 2024 4 5 19 49 16
01 11 60 202 23 2024 4 5 19 49 16
01 12 40 312 06 2024 4 5 19 49 16
01 14 07 131 27 2024 4 5 19 49 16
01 20 15 170 34 2024 4 5 19 49 16
01 22 30 127 31 2024 4 5 19 49 16
01 24 35 246 22 2024 4 5 19 49 16
08 14 07 131 33 2024 4 5 19 49 16
08 24 35 246 22 2024 4 5 19 49 16
02 76 22 157 30 2024 4 5 19 49 16
02 88 48 252 19 2024 4 5 19 49 16
01 11 60 202 23 2024 4 5 19 49 17
01 14 07 131 27 2024 4 5 19 49 17
01 20 15 170 35 2024 4 5 19 49 17
01 22 30 127 31 2024 4 5 19 49 17
01 24 35 246 24 2024 4 5 19 49 17
08 14 07 131 33 2024 4 5 19 49 17
08 24 35 246 22 2024 4 5 19 49 17
02 76 22 157 30 2024 4 5 19 49 17
02 88 48 252 19 2024 4 5 19 49 17
07 33 28 215 24 2024 4 5 19 49 17
01 11 60 202 26 2024 4 5 19 49 18
01 12 40 312 07 2024 4 5 19 49 18
01 14 07 131 26 2024 4 5 19 49 18
01 20 15 170 35 2024 4 5 19 49 18
01 22 30 127 32 2024 4 5 19 49 18
01 24 35 246 24 2024 4 5 19 49 18
08 14 07 131 33 2024 4 5 19 49 18
08 24 35 246 22 2024 4 5 19 49 18
02 76 22 157 29 2024 4 5 19 49 18
02 88 48 252 19 2024 4 5 19 49 18
07 33 28 215 25 2024 4 5 19 49 18
01 11 60 202 25 2024 4 5 19 49 19
01 14 07 131 26 2024 4 5 19 49 19
01 20 15 170 35 2024 4 5 19 49 19
01 22 30 127 33 2024 4 5 19 49 19
01 24 35 246 24 2024 4 5 19 49 19
08 14 07 131 33 2024 4 5 19 49 19
08 24 35 246 22 2024 4 5 19 49 19
02 76 22 157 27 2024 4 5 19 49 19
02 88 48 252 20 2024 4 5 19 49 19
07 33 28 215 25 2024 4 5 19 49 19
