01 05 09 181 24 2024 4 5 20 40 35
01 20 38 162 33 2024 4 5 20 40 35
01 22 10 139 38 2024 4 5 20 40 35
01 24 19 226 26 2024 4 5 20 40 35
01 05 09 181 29 2024 4 5 20 40 38
01 20 38 162 33 2024 4 5 20 40 38
01 22 10 139 38 2024 4 5 20 40 38
01 24 19 226 28 2024 4 5 20 40 38
01 05 09 181 31 2024 4 5 20 40 39
01 20 38 162 33 2024 4 5 20 40 39
01 22 10 139 39 2024 4 5 20 40 39
01 24 19 226 28 2024 4 5 20 40 39
08 24 19 226 25 2024 4 5 20 40 39
02 81 18 253 19 2024 4 5 20 40 39
01 20 38 162 33 2024 4 5 20 40 40
01 22 10 139 39 2024 4 5 20 40 40
01 05 09 181 31 2024 4 5 20 40 40
01 20 38 161 34 2024 4 5 20 40 40
01 22 10 139 39 2024 4 5 20 40 40
01 24 19 226 27 2024 4 5 20 40 40
08 24 19 226 25 2024 4 5 20 40 40
02 81 18 253 20 2024 4 5 20 40 40
01 05 09 181 31 2024 4 5 20 40 44
01 20 38 161 34 2024 4 5 20 40 44
01 22 10 139 39 2024 4 5 20 40 44
01 24 19 226 27 2024 4 5 20 40 44
08 24 19 226 25 2024 4 5 20 40 44
02 81 18 253 19 2024 4 5 20 40 44
01 05 09 181 30 2024 4 5 20 40 45
01 20 38 161 34 2024 4 5 20 40 45
01 22 10 139 39 2024 4 5 20 40 45
01 24 19 226 26 2024 4 5 20 40 45
08 24 19 226 26 2024 4 5 20 40 45
02 81 18 253 22 2024 4 5 20 40 45
01 05 09 181 30 2024 4 5 20 40 46
01 20 38 161 35 2024 4 5 20 40 46
01 22 10 139 39 2024 4 5 20 40 46
01 24 19 226 25 2024 4 5 20 40 46
08 24 19 226 25 2024 4 5 20 40 46
02 81 18 253 22 2024 4 5 20 40 46
01 05 09 181 31 2024 4 5 20 40 47
01 20 38 161 34 2024 4 5 20 40 47
01 22 10 139 39 2024 4 5 20 40 47
01 24 19 226 26 2024 4 5 20 40 47
08 24 19 226 25 2024 4 5 20 40 47
02 81 18 253 22 2024 4 5 20 40 47
01 05 09 181 32 2024 4 5 20 40 48
01 20 38 161 35 2024 4 5 20 40 48
01 22 10 139 40 2024 4 5 20 40 48
01 24 19 226 27 2024 4 5 20 40 48
08 24 19 226 27 2024 4 5 20 40 48
02 81 18 253 24 2024 4 5 20 40 48
01 05 09 181 31 2024 4 5 20 40 49
01 20 38 161 34 2024 4 5 20 40 49
01 22 10 139 40 2024 4 5 20 40 49
01 24 19 226 26 2024 4 5 20 40 49
08 24 19 226 27 2024 4 5 20 40 49
02 81 18 253 26 2024 4 5 20 40 49
01 05 09 181 32 2024 4 5 20 40 50
01 20 38 161 35 2024 4 5 20 40 50
01 22 10 139 40 2024 4 5 20 40 50
01 24 19 226 24 2024 4 5 20 40 50
08 24 19 226 27 2024 4 5 20 40 50
02 81 18 253 27 2024 4 5 20 40 50
01 05 09 181 31 2024 4 5 20 40 51
01 20 38 161 34 2024 4 5 20 40 51
01 22 10 139 39 2024 4 5 20 40 51
01 24 19 226 24 2024 4 5 20 40 51
08 24 19 226 26 2024 4 5 20 40 51
02 81 18 253 26 2024 4 5 20 40 51
01 05 09 181 31 2024 4 5 20 40 52
01 20 38 161 34 2024 4 5 20 40 52
01 22 10 139 39 2024 4 5 20 40 52
01 24 19 226 25 2024 4 5 20 40 52
08 24 19 226 25 2024 4 5 20 40 52
02 81 18 253 24 2024 4 5 20 40 52
01 05 09 181 31 2024 4 5 20 40 53
01 20 38 161 34 2024 4 5 20 40 53
01 22 10 139 39 2024 4 5 20 40 53
01 24 19 226 26 2024 4 5 20 40 53
08 24 19 226 25 2024 4 5 20 40 53
02 81 18 253 24 2024 4 5 20 40 53
01 05 09 181 33 2024 4 5 20 40 54
01 11 86 226 22 2024 4 5 20 40 54
01 20 38 161 33 2024 4 5 20 40 54
01 22 10 139 39 2024 4 5 20 40 54
01 24 19 226 26 2024 4 5 20 40 54
08 24 19 226 26 2024 4 5 20 40 54
02 81 18 253 24 2024 4 5 20 40 54
01 05 09 181 34 2024 4 5 20 40 55
01 11 86 226 18 2024 4 5 20 40 55
01 20 38 161 33 2024 4 5 20 40 55
01 22 10 139 39 2024 4 5 20 40 55
01 24 19 226 25 2024 4 5 20 40 55
08 24 19 226 26 2024 4 5 20 40 55
02 81 18 253 24 2024 4 5 20 40 55
01 05 09 181 34 2024 4 5 20 40 56
01 11 86 226 14 2024 4 5 20 40 56
01 20 38 161 33 2024 4 5 20 40 56
01 22 10 139 39 2024 4 5 20 40 56
01 24 19 226 24 2024 4 5 20 40 56
08 24 19 226 27 2024 4 5 20 40 56
02 81 18 253 24 2024 4 5 20 40 56
01 05 09 181 34 2024 4 5 20 40 57
01 11 86 226 14 2024 4 5 20 40 57
01 20 38 161 33 2024 4 5 20 40 57
01 22 10 139 40 2024 4 5 20 40 57
01 24 19 226 24 2024 4 5 20 40 57
08 24 19 226 27 2024 4 5 20 40 57
02 81 18 253 24 2024 4 5 20 40 57
01 05 09 181 34 2024 4 5 20 40 58
01 11 86 226 12 2024 4 5 20 40 58
01 20 38 161 32 2024 4 5 20 40 58
01 22 10 139 39 2024 4 5 20 40 58
01 24 19 226 22 2024 4 5 20 40 58
08 24 19 226 28 2024 4 5 20 40 58
02 81 18 253 25 2024 4 5 20 40 58
01 05 09 181 33 2024 4 5 20 40 59
01 11 86 226 08 2024 4 5 20 40 59
01 20 38 161 32 2024 4 5 20 40 59
01 22 10 139 40 2024 4 5 20 40 59
01 24 19 226 23 2024 4 5 20 40 59
08 24 19 226 29 2024 4 5 20 40 59
02 81 18 253 22 2024 4 5 20 40 59
01 05 09 181 32 2024 4 5 20 41 0
01 20 38 161 32 2024 4 5 20 41 0
01 22 10 139 40 2024 4 5 20 41 0
01 24 19 226 24 2024 4 5 20 41 0
08 24 19 226 29 2024 4 5 20 41 0
02 81 18 253 22 2024 4 5 20 41 0
01 05 09 181 31 2024 4 5 20 41 1
01 11 86 226 11 2024 4 5 20 41 1
01 20 38 161 32 2024 4 5 20 41 1
01 22 10 139 39 2024 4 5 20 41 1
01 24 19 226 23 2024 4 5 20 41 1
08 24 19 226 28 2024 4 5 20 41 1
02 81 18 253 22 2024 4 5 20 41 1
01 05 09 181 32 2024 4 5 20 41 2
01 20 38 161 33 2024 4 5 20 41 2
01 22 10 139 39 2024 4 5 20 41 2
01 24 19 226 21 2024 4 5 20 41 2
08 24 19 226 28 2024 4 5 20 41 2
02 81 18 253 20 2024 4 5 20 41 2
01 05 09 181 32 2024 4 5 20 41 3
01 11 86 226 09 2024 4 5 20 41 3
01 20 38 161 33 2024 4 5 20 41 3
01 22 10 139 39 2024 4 5 20 41 3
01 24 19 226 24 2024 4 5 20 41 3
08 24 19 226 28 2024 4 5 20 41 3
02 81 18 253 23 2024 4 5 20 41 3
01 05 09 181 33 2024 4 5 20 41 4
01 11 86 226 08 2024 4 5 20 41 4
01 20 38 161 32 2024 4 5 20 41 4
01 22 10 139 39 2024 4 5 20 41 4
01 24 19 226 23 2024 4 5 20 41 4
08 24 19 226 28 2024 4 5 20 41 4
02 81 18 253 25 2024 4 5 20 41 4
01 05 09 181 34 2024 4 5 20 41 5
01 11 86 226 09 2024 4 5 20 41 5
01 20 38 161 32 2024 4 5 20 41 5
01 22 10 139 39 2024 4 5 20 41 5
01 24 19 226 23 2024 4 5 20 41 5
08 24 19 226 29 2024 4 5 20 41 5
02 81 18 253 25 2024 4 5 20 41 5
01 05 09 181 34 2024 4 5 20 41 6
01 11 86 227 07 2024 4 5 20 41 6
01 20 38 161 33 2024 4 5 20 41 6
01 22 10 139 39 2024 4 5 20 41 6
01 24 19 226 23 2024 4 5 20 41 6
08 24 19 226 27 2024 4 5 20 41 6
02 81 18 253 24 2024 4 5 20 41 6
01 05 09 181 34 2024 4 5 20 41 7
01 11 86 227 10 2024 4 5 20 41 7
01 20 38 161 33 2024 4 5 20 41 7
01 22 10 139 39 2024 4 5 20 41 7
01 24 19 226 22 2024 4 5 20 41 7
08 24 19 226 27 2024 4 5 20 41 7
02 81 18 253 24 2024 4 5 20 41 7
07 21 36 146 30 2024 4 5 20 41 7
01 05 09 181 34 2024 4 5 20 41 8
01 11 86 227 09 2024 4 5 20 41 8
01 20 38 161 33 2024 4 5 20 41 8
01 22 10 139 38 2024 4 5 20 41 8
01 24 19 226 22 2024 4 5 20 41 8
08 24 19 226 27 2024 4 5 20 41 8
02 81 18 253 25 2024 4 5 20 41 8
07 21 36 146 31 2024 4 5 20 41 8
01 05 09 181 34 2024 4 5 20 41 9
01 20 38 161 33 2024 4 5 20 41 9
01 22 10 139 38 2024 4 5 20 41 9
01 24 19 226 24 2024 4 5 20 41 9
08 24 19 226 28 2024 4 5 20 41 9
02 81 18 253 26 2024 4 5 20 41 9
07 21 36 146 32 2024 4 5 20 41 9
