06 27 50 312 38 2024 4 24 0 13 20
06 28 78 120 48 2024 4 24 0 13 20
06 32 08 217 39 2024 4 24 0 13 20
06 33 61 056 47 2024 4 24 0 13 20
06 41 61 202 47 2024 4 24 0 13 20
06 43 17 131 49 2024 4 24 0 13 20
10 28 78 120 39 2024 4 24 0 13 20
10 32 08 217 34 2024 4 24 0 13 20
10 33 61 056 30 2024 4 24 0 13 20
10 41 61 202 38 2024 4 24 0 13 20
11 27 50 312 39 2024 4 24 0 13 20
11 28 78 120 46 2024 4 24 0 13 20
11 32 08 217 45 2024 4 24 0 13 20
11 33 61 056 48 2024 4 24 0 13 20
11 41 61 202 47 2024 4 24 0 13 20
11 43 17 131 48 2024 4 24 0 13 20
06 27 50 312 39 2024 4 24 0 13 25
06 28 78 120 47 2024 4 24 0 13 25
06 32 08 217 38 2024 4 24 0 13 25
06 33 61 056 47 2024 4 24 0 13 25
06 41 61 202 47 2024 4 24 0 13 25
06 43 17 131 49 2024 4 24 0 13 25
10 28 78 120 39 2024 4 24 0 13 25
10 32 08 217 34 2024 4 24 0 13 25
10 33 61 056 36 2024 4 24 0 13 25
10 41 61 202 44 2024 4 24 0 13 25
11 27 50 312 40 2024 4 24 0 13 25
11 28 78 120 46 2024 4 24 0 13 25
11 32 08 217 46 2024 4 24 0 13 25
11 33 61 056 49 2024 4 24 0 13 25
11 41 61 202 47 2024 4 24 0 13 25
11 43 17 131 48 2024 4 24 0 13 25
01 05 28 053 35 2024 4 24 0 13 30
01 13 36 066 38 2024 4 24 0 13 30
01 18 64 329 41 2024 4 24 0 13 30
08 18 64 329 44 2024 4 24 0 13 30
06 27 50 312 40 2024 4 24 0 13 30
06 28 78 120 48 2024 4 24 0 13 30
06 32 08 217 40 2024 4 24 0 13 30
06 33 61 056 48 2024 4 24 0 13 30
06 41 61 202 48 2024 4 24 0 13 30
06 42 09 042 34 2024 4 24 0 13 30
06 43 17 131 49 2024 4 24 0 13 30
10 28 78 120 40 2024 4 24 0 13 30
10 32 08 217 35 2024 4 24 0 13 30
10 33 61 056 36 2024 4 24 0 13 30
10 41 61 202 44 2024 4 24 0 13 30
11 27 50 312 40 2024 4 24 0 13 30
11 28 78 120 46 2024 4 24 0 13 30
11 32 08 217 47 2024 4 24 0 13 30
11 33 61 056 48 2024 4 24 0 13 30
11 41 61 202 47 2024 4 24 0 13 30
11 42 09 042 30 2024 4 24 0 13 30
11 43 17 131 48 2024 4 24 0 13 30
01 05 28 053 37 2024 4 24 0 13 35
01 10 14 241 40 2024 4 24 0 13 35
01 13 36 066 38 2024 4 24 0 13 35
01 15 59 107 49 2024 4 24 0 13 35
01 18 64 329 40 2024 4 24 0 13 35
01 23 47 250 42 2024 4 24 0 13 35
01 26 15 271 29 2024 4 24 0 13 35
01 29 54 167 48 2024 4 24 0 13 35
08 10 14 241 42 2024 4 24 0 13 35
08 18 64 329 44 2024 4 24 0 13 35
08 23 47 250 45 2024 4 24 0 13 35
08 26 15 271 34 2024 4 24 0 13 35
06 27 50 312 41 2024 4 24 0 13 35
06 28 78 120 48 2024 4 24 0 13 35
06 32 08 217 40 2024 4 24 0 13 35
06 33 61 056 48 2024 4 24 0 13 35
06 41 61 202 47 2024 4 24 0 13 35
06 42 09 042 32 2024 4 24 0 13 35
06 43 17 131 49 2024 4 24 0 13 35
10 28 78 120 40 2024 4 24 0 13 35
10 32 08 217 35 2024 4 24 0 13 35
10 33 61 056 36 2024 4 24 0 13 35
10 41 61 202 44 2024 4 24 0 13 35
11 27 50 312 40 2024 4 24 0 13 35
11 28 78 120 46 2024 4 24 0 13 35
11 32 08 217 46 2024 4 24 0 13 35
11 33 61 056 48 2024 4 24 0 13 35
11 41 61 202 47 2024 4 24 0 13 35
11 42 09 042 30 2024 4 24 0 13 35
11 43 17 131 47 2024 4 24 0 13 35
01 05 28 053 39 2024 4 24 0 13 40
01 10 14 241 40 2024 4 24 0 13 40
01 13 36 066 38 2024 4 24 0 13 40
01 15 59 107 48 2024 4 24 0 13 40
01 18 64 329 39 2024 4 24 0 13 40
01 23 47 250 42 2024 4 24 0 13 40
01 26 15 271 32 2024 4 24 0 13 40
01 29 54 167 47 2024 4 24 0 13 40
08 10 14 241 42 2024 4 24 0 13 40
08 18 64 329 44 2024 4 24 0 13 40
08 23 47 250 46 2024 4 24 0 13 40
08 26 15 271 32 2024 4 24 0 13 40
02 69 77 083 45 2024 4 24 0 13 40
02 70 28 202 40 2024 4 24 0 13 40
02 83 22 114 40 2024 4 24 0 13 40
02 85 26 321 38 2024 4 24 0 13 40
06 27 51 312 41 2024 4 24 0 13 40
06 28 78 120 48 2024 4 24 0 13 40
06 32 08 217 39 2024 4 24 0 13 40
06 33 61 056 48 2024 4 24 0 13 40
06 41 61 202 48 2024 4 24 0 13 40
06 42 09 042 33 2024 4 24 0 13 40
06 43 17 131 49 2024 4 24 0 13 40
10 28 78 120 41 2024 4 24 0 13 40
10 32 08 217 35 2024 4 24 0 13 40
10 33 61 056 37 2024 4 24 0 13 40
10 41 61 202 44 2024 4 24 0 13 40
11 27 51 312 40 2024 4 24 0 13 40
11 28 78 120 46 2024 4 24 0 13 40
11 32 08 217 45 2024 4 24 0 13 40
11 33 61 056 48 2024 4 24 0 13 40
11 41 61 202 47 2024 4 24 0 13 40
11 42 09 042 30 2024 4 24 0 13 40
11 43 17 131 46 2024 4 24 0 13 40
07 21 22 268 40 2024 4 24 0 13 40
12 21 22 268 38 2024 4 24 0 13 40
01 05 28 053 39 2024 4 24 0 13 45
01 10 14 241 39 2024 4 24 0 13 45
01 13 36 066 40 2024 4 24 0 13 45
01 15 59 107 46 2024 4 24 0 13 45
01 18 64 329 41 2024 4 24 0 13 45
01 23 47 250 43 2024 4 24 0 13 45
01 26 15 271 35 2024 4 24 0 13 45
01 29 54 167 47 2024 4 24 0 13 45
08 10 14 241 42 2024 4 24 0 13 45
08 18 64 329 44 2024 4 24 0 13 45
08 23 47 250 46 2024 4 24 0 13 45
08 26 15 271 31 2024 4 24 0 13 45
02 69 77 083 45 2024 4 24 0 13 45
02 70 28 202 38 2024 4 24 0 13 45
02 83 22 114 40 2024 4 24 0 13 45
02 85 26 321 39 2024 4 24 0 13 45
06 27 51 312 42 2024 4 24 0 13 45
06 28 78 120 47 2024 4 24 0 13 45
06 32 08 217 39 2024 4 24 0 13 45
06 42 09 042 33 2024 4 24 0 13 45
06 43 16 131 49 2024 4 24 0 13 45
10 28 78 120 43 2024 4 24 0 13 45
10 32 08 217 41 2024 4 24 0 13 45
10 33 61 056 41 2024 4 24 0 13 45
10 41 61 202 48 2024 4 24 0 13 45
11 27 51 312 40 2024 4 24 0 13 45
11 28 78 120 46 2024 4 24 0 13 45
11 32 08 217 45 2024 4 24 0 13 45
11 33 61 056 48 2024 4 24 0 13 45
11 41 61 202 47 2024 4 24 0 13 45
11 42 09 042 30 2024 4 24 0 13 45
11 43 16 131 46 2024 4 24 0 13 45
07 21 22 268 40 2024 4 24 0 13 45
12 21 22 268 39 2024 4 24 0 13 45
01 05 27 053 39 2024 4 24 0 13 50
01 10 14 241 40 2024 4 24 0 13 50
01 13 36 066 40 2024 4 24 0 13 50
01 15 59 107 47 2024 4 24 0 13 50
01 18 64 329 42 2024 4 24 0 13 50
01 23 47 251 44 2024 4 24 0 13 50
01 26 15 271 37 2024 4 24 0 13 50
01 29 54 167 48 2024 4 24 0 13 50
08 10 14 241 42 2024 4 24 0 13 50
08 18 64 329 44 2024 4 24 0 13 50
08 23 47 251 46 2024 4 24 0 13 50
08 26 15 271 29 2024 4 24 0 13 50
02 69 77 083 44 2024 4 24 0 13 50
02 70 28 202 39 2024 4 24 0 13 50
02 83 22 114 41 2024 4 24 0 13 50
02 85 26 321 41 2024 4 24 0 13 50
06 27 51 312 42 2024 4 24 0 13 50
06 42 09 042 34 2024 4 24 0 13 50
06 43 16 131 50 2024 4 24 0 13 50
10 28 78 120 44 2024 4 24 0 13 50
10 32 08 217 41 2024 4 24 0 13 50
10 33 61 056 42 2024 4 24 0 13 50
10 41 61 202 47 2024 4 24 0 13 50
10 43 16 131 43 2024 4 24 0 13 50
11 27 51 312 40 2024 4 24 0 13 50
11 28 78 120 46 2024 4 24 0 13 50
11 32 08 217 46 2024 4 24 0 13 50
11 33 61 056 48 2024 4 24 0 13 50
11 41 61 202 47 2024 4 24 0 13 50
11 42 09 042 30 2024 4 24 0 13 50
11 43 16 131 46 2024 4 24 0 13 50
07 07 07 191 38 2024 4 24 0 13 50
07 08 45 151 44 2024 4 24 0 13 50
07 21 22 268 39 2024 4 24 0 13 50
07 27 12 216 43 2024 4 24 0 13 50
07 34 08 100 39 2024 4 24 0 13 50
12 07 07 191 42 2024 4 24 0 13 50
12 08 45 151 45 2024 4 24 0 13 50
12 21 22 268 40 2024 4 24 0 13 50
12 27 12 216 49 2024 4 24 0 13 50
12 34 08 100 42 2024 4 24 0 13 50
01 05 27 053 40 2024 4 24 0 13 55
01 10 14 241 41 2024 4 24 0 13 55
01 13 36 066 38 2024 4 24 0 13 55
01 15 59 107 47 2024 4 24 0 13 55
01 16 15 306 34 2024 4 24 0 13 55
01 18 64 329 41 2024 4 24 0 13 55
01 23 47 251 44 2024 4 24 0 13 55
01 26 15 271 37 2024 4 24 0 13 55
01 29 54 167 48 2024 4 24 0 13 55
08 10 14 241 43 2024 4 24 0 13 55
08 18 64 329 44 2024 4 24 0 13 55
08 23 47 251 46 2024 4 24 0 13 55
08 26 15 271 28 2024 4 24 0 13 55
02 69 77 083 44 2024 4 24 0 13 55
02 70 29 202 40 2024 4 24 0 13 55
02 83 22 114 40 2024 4 24 0 13 55
02 85 26 321 42 2024 4 24 0 13 55
06 27 51 312 42 2024 4 24 0 13 55
06 42 09 042 34 2024 4 24 0 13 55
06 43 16 131 50 2024 4 24 0 13 55
10 28 78 121 43 2024 4 24 0 13 55
10 32 08 217 41 2024 4 24 0 13 55
10 33 61 056 42 2024 4 24 0 13 55
10 41 61 202 46 2024 4 24 0 13 55
10 43 16 131 43 2024 4 24 0 13 55
11 27 51 312 40 2024 4 24 0 13 55
11 28 78 121 46 2024 4 24 0 13 55
11 32 08 217 46 2024 4 24 0 13 55
11 33 61 056 48 2024 4 24 0 13 55
11 41 61 202 47 2024 4 24 0 13 55
11 42 09 042 30 2024 4 24 0 13 55
11 43 16 131 46 2024 4 24 0 13 55
07 07 07 191 38 2024 4 24 0 13 55
07 08 45 151 44 2024 4 24 0 13 55
07 21 22 268 38 2024 4 24 0 13 55
07 27 12 216 43 2024 4 24 0 13 55
07 34 08 100 38 2024 4 24 0 13 55
12 07 07 191 42 2024 4 24 0 13 55
12 08 45 151 45 2024 4 24 0 13 55
12 21 22 268 40 2024 4 24 0 13 55
12 27 12 216 48 2024 4 24 0 13 55
12 34 08 100 43 2024 4 24 0 13 55
01 05 27 053 38 2024 4 24 0 14 0
01 10 14 241 41 2024 4 24 0 14 0
01 13 36 066 41 2024 4 24 0 14 0
01 15 59 107 47 2024 4 24 0 14 0
01 16 15 306 33 2024 4 24 0 14 0
01 18 64 329 40 2024 4 24 0 14 0
01 23 47 251 45 2024 4 24 0 14 0
01 26 15 271 37 2024 4 24 0 14 0
01 29 54 167 49 2024 4 24 0 14 0
08 10 14 241 42 2024 4 24 0 14 0
08 18 64 329 45 2024 4 24 0 14 0
08 23 47 251 46 2024 4 24 0 14 0
08 26 15 271 28 2024 4 24 0 14 0
02 69 77 083 44 2024 4 24 0 14 0
02 70 29 202 39 2024 4 24 0 14 0
02 83 22 114 40 2024 4 24 0 14 0
02 85 26 321 42 2024 4 24 0 14 0
06 27 51 312 41 2024 4 24 0 14 0
06 42 09 042 34 2024 4 24 0 14 0
06 43 16 131 50 2024 4 24 0 14 0
10 28 78 121 44 2024 4 24 0 14 0
10 32 08 217 41 2024 4 24 0 14 0
10 33 61 056 43 2024 4 24 0 14 0
10 41 61 202 47 2024 4 24 0 14 0
10 43 16 131 43 2024 4 24 0 14 0
11 27 51 312 40 2024 4 24 0 14 0
11 28 78 121 46 2024 4 24 0 14 0
11 32 08 217 46 2024 4 24 0 14 0
11 33 61 056 49 2024 4 24 0 14 0
11 41 61 202 47 2024 4 24 0 14 0
11 42 09 042 30 2024 4 24 0 14 0
11 43 16 131 46 2024 4 24 0 14 0
07 07 07 191 38 2024 4 24 0 14 0
07 08 45 151 45 2024 4 24 0 14 0
07 21 22 268 38 2024 4 24 0 14 0
07 27 12 216 43 2024 4 24 0 14 0
07 34 08 100 39 2024 4 24 0 14 0
12 07 07 191 42 2024 4 24 0 14 0
12 08 45 151 45 2024 4 24 0 14 0
12 21 22 268 40 2024 4 24 0 14 0
12 27 12 216 48 2024 4 24 0 14 0
12 34 08 100 43 2024 4 24 0 14 0
01 05 27 053 39 2024 4 24 0 14 5
01 10 14 241 41 2024 4 24 0 14 5
01 13 36 066 38 2024 4 24 0 14 5
01 15 59 106 46 2024 4 24 0 14 5
01 16 15 306 33 2024 4 24 0 14 5
01 18 64 330 40 2024 4 24 0 14 5
01 23 47 251 44 2024 4 24 0 14 5
01 26 15 271 39 2024 4 24 0 14 5
01 29 54 167 48 2024 4 24 0 14 5
08 10 14 241 43 2024 4 24 0 14 5
08 18 64 330 45 2024 4 24 0 14 5
08 23 47 251 47 2024 4 24 0 14 5
08 26 15 271 26 2024 4 24 0 14 5
02 69 77 082 44 2024 4 24 0 14 5
02 70 29 202 37 2024 4 24 0 14 5
02 83 22 114 40 2024 4 24 0 14 5
02 85 26 321 42 2024 4 24 0 14 5
06 27 51 312 41 2024 4 24 0 14 5
06 42 09 042 33 2024 4 24 0 14 5
06 43 16 131 50 2024 4 24 0 14 5
10 28 78 121 44 2024 4 24 0 14 5
10 32 08 217 40 2024 4 24 0 14 5
10 33 61 056 41 2024 4 24 0 14 5
10 41 61 202 47 2024 4 24 0 14 5
10 43 16 131 43 2024 4 24 0 14 5
11 27 51 312 40 2024 4 24 0 14 5
11 28 78 121 46 2024 4 24 0 14 5
11 32 08 217 47 2024 4 24 0 14 5
11 33 61 056 49 2024 4 24 0 14 5
11 41 61 202 47 2024 4 24 0 14 5
11 42 09 042 29 2024 4 24 0 14 5
11 43 16 131 47 2024 4 24 0 14 5
07 07 07 191 38 2024 4 24 0 14 5
07 08 45 151 46 2024 4 24 0 14 5
07 21 22 268 37 2024 4 24 0 14 5
07 27 12 216 43 2024 4 24 0 14 5
07 34 08 100 40 2024 4 24 0 14 5
12 07 07 191 43 2024 4 24 0 14 5
12 08 45 151 45 2024 4 24 0 14 5
12 21 22 268 41 2024 4 24 0 14 5
12 27 12 216 47 2024 4 24 0 14 5
12 34 08 100 43 2024 4 24 0 14 5
01 05 27 053 40 2024 4 24 0 14 10
01 10 14 241 41 2024 4 24 0 14 10
01 13 36 066 37 2024 4 24 0 14 10
01 15 59 106 48 2024 4 24 0 14 10
01 16 15 306 33 2024 4 24 0 14 10
01 18 64 330 41 2024 4 24 0 14 10
01 23 47 251 44 2024 4 24 0 14 10
01 26 15 271 41 2024 4 24 0 14 10
01 29 54 167 48 2024 4 24 0 14 10
08 10 14 241 43 2024 4 24 0 14 10
08 18 64 330 45 2024 4 24 0 14 10
08 23 47 251 46 2024 4 24 0 14 10
08 26 15 271 25 2024 4 24 0 14 10
02 69 77 082 44 2024 4 24 0 14 10
02 70 29 202 36 2024 4 24 0 14 10
02 83 22 114 40 2024 4 24 0 14 10
02 85 26 321 43 2024 4 24 0 14 10
06 27 51 312 41 2024 4 24 0 14 10
06 42 09 042 34 2024 4 24 0 14 10
06 43 16 131 50 2024 4 24 0 14 10
10 28 78 121 45 2024 4 24 0 14 10
10 32 08 217 40 2024 4 24 0 14 10
10 33 61 056 41 2024 4 24 0 14 10
10 41 61 202 47 2024 4 24 0 14 10
10 43 16 131 44 2024 4 24 0 14 10
11 27 51 312 41 2024 4 24 0 14 10
11 28 78 121 46 2024 4 24 0 14 10
11 32 08 217 48 2024 4 24 0 14 10
11 33 61 056 49 2024 4 24 0 14 10
11 41 61 202 47 2024 4 24 0 14 10
11 42 09 042 30 2024 4 24 0 14 10
11 43 16 131 47 2024 4 24 0 14 10
07 07 07 191 38 2024 4 24 0 14 10
07 08 45 151 46 2024 4 24 0 14 10
07 21 22 267 36 2024 4 24 0 14 10
07 27 11 216 43 2024 4 24 0 14 10
07 34 08 100 41 2024 4 24 0 14 10
12 07 07 191 42 2024 4 24 0 14 10
12 08 45 151 45 2024 4 24 0 14 10
12 21 22 267 41 2024 4 24 0 14 10
12 27 11 216 47 2024 4 24 0 14 10
12 34 08 100 43 2024 4 24 0 14 10
01 05 27 053 41 2024 4 24 0 14 15
01 10 14 241 41 2024 4 24 0 14 15
01 13 36 065 38 2024 4 24 0 14 15
01 15 59 106 46 2024 4 24 0 14 15
01 16 15 305 32 2024 4 24 0 14 15
01 18 64 330 40 2024 4 24 0 14 15
01 23 47 251 44 2024 4 24 0 14 15
01 26 15 271 40 2024 4 24 0 14 15
01 29 54 167 47 2024 4 24 0 14 15
08 10 14 241 43 2024 4 24 0 14 15
08 18 64 330 45 2024 4 24 0 14 15
08 23 47 251 46 2024 4 24 0 14 15
08 26 15 271 25 2024 4 24 0 14 15
02 69 77 082 44 2024 4 24 0 14 15
02 70 29 202 38 2024 4 24 0 14 15
02 83 22 114 41 2024 4 24 0 14 15
02 85 26 321 43 2024 4 24 0 14 15
06 27 51 312 41 2024 4 24 0 14 15
06 42 09 042 34 2024 4 24 0 14 15
06 43 16 131 50 2024 4 24 0 14 15
10 28 78 121 45 2024 4 24 0 14 15
10 32 08 217 41 2024 4 24 0 14 15
10 33 61 056 42 2024 4 24 0 14 15
10 41 61 202 48 2024 4 24 0 14 15
10 43 16 131 45 2024 4 24 0 14 15
11 27 51 312 41 2024 4 24 0 14 15
11 28 78 121 46 2024 4 24 0 14 15
11 32 08 217 47 2024 4 24 0 14 15
11 33 61 056 49 2024 4 24 0 14 15
11 41 61 202 47 2024 4 24 0 14 15
11 42 09 042 30 2024 4 24 0 14 15
11 43 16 131 47 2024 4 24 0 14 15
07 07 07 191 38 2024 4 24 0 14 15
07 08 45 151 46 2024 4 24 0 14 15
07 21 22 267 37 2024 4 24 0 14 15
07 27 11 216 42 2024 4 24 0 14 15
07 34 08 100 41 2024 4 24 0 14 15
12 07 07 191 42 2024 4 24 0 14 15
12 08 45 151 46 2024 4 24 0 14 15
12 21 22 267 41 2024 4 24 0 14 15
12 27 11 216 47 2024 4 24 0 14 15
12 34 08 100 44 2024 4 24 0 14 15
01 05 27 053 42 2024 4 24 0 14 20
01 10 14 241 42 2024 4 24 0 14 20
01 13 36 065 39 2024 4 24 0 14 20
01 15 59 106 47 2024 4 24 0 14 20
01 16 15 305 30 2024 4 24 0 14 20
01 18 64 330 40 2024 4 24 0 14 20
01 23 47 251 44 2024 4 24 0 14 20
01 26 15 271 39 2024 4 24 0 14 20
01 29 54 167 47 2024 4 24 0 14 20
08 10 14 241 44 2024 4 24 0 14 20
08 18 64 330 45 2024 4 24 0 14 20
08 23 47 251 46 2024 4 24 0 14 20
08 26 15 271 25 2024 4 24 0 14 20
02 69 77 081 44 2024 4 24 0 14 20
02 70 29 202 38 2024 4 24 0 14 20
02 83 22 114 40 2024 4 24 0 14 20
02 85 26 321 43 2024 4 24 0 14 20
06 27 51 312 41 2024 4 24 0 14 20
06 42 09 042 34 2024 4 24 0 14 20
06 43 16 131 50 2024 4 24 0 14 20
10 27 51 312 34 2024 4 24 0 14 20
10 28 78 121 45 2024 4 24 0 14 20
10 32 08 217 41 2024 4 24 0 14 20
10 33 61 056 43 2024 4 24 0 14 20
10 41 61 202 48 2024 4 24 0 14 20
10 43 16 131 44 2024 4 24 0 14 20
11 27 51 312 40 2024 4 24 0 14 20
11 28 78 121 46 2024 4 24 0 14 20
11 32 08 217 47 2024 4 24 0 14 20
11 33 61 056 49 2024 4 24 0 14 20
11 41 61 202 47 2024 4 24 0 14 20
11 42 09 042 30 2024 4 24 0 14 20
11 43 16 131 47 2024 4 24 0 14 20
07 07 07 191 38 2024 4 24 0 14 20
07 08 45 151 45 2024 4 24 0 14 20
07 21 22 267 36 2024 4 24 0 14 20
07 27 11 216 42 2024 4 24 0 14 20
07 34 08 100 41 2024 4 24 0 14 20
12 07 07 191 43 2024 4 24 0 14 20
12 08 45 151 45 2024 4 24 0 14 20
12 21 22 267 41 2024 4 24 0 14 20
12 27 11 216 46 2024 4 24 0 14 20
12 34 08 100 44 2024 4 24 0 14 20
01 05 27 053 41 2024 4 24 0 14 25
01 10 14 241 40 2024 4 24 0 14 25
01 13 36 065 39 2024 4 24 0 14 25
01 15 59 106 46 2024 4 24 0 14 25
01 16 15 305 29 2024 4 24 0 14 25
01 18 64 330 40 2024 4 24 0 14 25
01 23 47 251 43 2024 4 24 0 14 25
01 26 15 271 38 2024 4 24 0 14 25
01 29 54 167 47 2024 4 24 0 14 25
08 10 14 241 43 2024 4 24 0 14 25
08 18 64 330 45 2024 4 24 0 14 25
08 23 47 251 46 2024 4 24 0 14 25
08 26 15 271 25 2024 4 24 0 14 25
02 69 77 081 44 2024 4 24 0 14 25
02 70 29 202 36 2024 4 24 0 14 25
02 83 22 114 41 2024 4 24 0 14 25
02 85 26 321 43 2024 4 24 0 14 25
06 27 51 312 41 2024 4 24 0 14 25
06 42 09 042 33 2024 4 24 0 14 25
10 27 51 312 34 2024 4 24 0 14 25
10 28 78 121 45 2024 4 24 0 14 25
10 32 08 217 42 2024 4 24 0 14 25
10 33 61 056 43 2024 4 24 0 14 25
10 41 61 202 47 2024 4 24 0 14 25
10 43 16 131 48 2024 4 24 0 14 25
11 27 51 312 41 2024 4 24 0 14 25
11 28 78 121 46 2024 4 24 0 14 25
11 32 08 217 47 2024 4 24 0 14 25
11 33 61 056 49 2024 4 24 0 14 25
11 41 61 202 47 2024 4 24 0 14 25
11 42 09 042 30 2024 4 24 0 14 25
11 43 16 131 47 2024 4 24 0 14 25
07 07 07 191 39 2024 4 24 0 14 25
07 08 45 151 45 2024 4 24 0 14 25
07 21 22 267 35 2024 4 24 0 14 25
07 27 11 216 41 2024 4 24 0 14 25
07 34 08 100 40 2024 4 24 0 14 25
12 07 07 191 43 2024 4 24 0 14 25
12 08 45 151 46 2024 4 24 0 14 25
12 21 22 267 41 2024 4 24 0 14 25
12 27 11 216 46 2024 4 24 0 14 25
12 34 08 100 43 2024 4 24 0 14 25
01 05 27 053 41 2024 4 24 0 14 30
01 10 14 241 40 2024 4 24 0 14 30
01 13 36 065 42 2024 4 24 0 14 30
01 15 59 106 47 2024 4 24 0 14 30
01 16 15 305 25 2024 4 24 0 14 30
01 18 64 330 39 2024 4 24 0 14 30
01 23 47 251 43 2024 4 24 0 14 30
01 26 15 271 36 2024 4 24 0 14 30
01 29 54 167 47 2024 4 24 0 14 30
08 10 14 241 43 2024 4 24 0 14 30
08 18 64 330 45 2024 4 24 0 14 30
08 23 47 251 46 2024 4 24 0 14 30
08 26 15 271 26 2024 4 24 0 14 30
02 69 77 081 43 2024 4 24 0 14 30
02 70 29 202 35 2024 4 24 0 14 30
02 83 22 114 41 2024 4 24 0 14 30
02 85 26 321 43 2024 4 24 0 14 30
06 27 51 312 41 2024 4 24 0 14 30
06 42 09 042 33 2024 4 24 0 14 30
10 27 51 312 35 2024 4 24 0 14 30
10 28 78 121 45 2024 4 24 0 14 30
10 32 08 217 42 2024 4 24 0 14 30
10 33 61 056 44 2024 4 24 0 14 30
10 41 61 202 47 2024 4 24 0 14 30
10 43 16 131 48 2024 4 24 0 14 30
11 27 51 312 41 2024 4 24 0 14 30
11 28 78 121 46 2024 4 24 0 14 30
11 32 08 217 47 2024 4 24 0 14 30
11 33 61 056 49 2024 4 24 0 14 30
11 41 61 202 47 2024 4 24 0 14 30
11 42 09 042 30 2024 4 24 0 14 30
11 43 16 131 46 2024 4 24 0 14 30
07 07 07 191 39 2024 4 24 0 14 30
07 08 45 151 45 2024 4 24 0 14 30
07 21 22 267 36 2024 4 24 0 14 30
07 27 11 216 42 2024 4 24 0 14 30
07 34 08 100 40 2024 4 24 0 14 30
12 07 07 191 43 2024 4 24 0 14 30
12 08 45 151 46 2024 4 24 0 14 30
12 21 22 267 41 2024 4 24 0 14 30
12 27 11 216 46 2024 4 24 0 14 30
12 34 08 100 43 2024 4 24 0 14 30
01 05 27 053 39 2024 4 24 0 14 35
01 10 14 241 40 2024 4 24 0 14 35
01 13 36 065 43 2024 4 24 0 14 35
01 15 59 106 47 2024 4 24 0 14 35
01 16 15 305 23 2024 4 24 0 14 35
01 18 64 330 39 2024 4 24 0 14 35
01 23 47 251 43 2024 4 24 0 14 35
01 26 15 271 38 2024 4 24 0 14 35
01 29 54 167 47 2024 4 24 0 14 35
08 10 14 241 42 2024 4 24 0 14 35
08 18 64 330 45 2024 4 24 0 14 35
08 23 47 251 46 2024 4 24 0 14 35
08 26 15 271 26 2024 4 24 0 14 35
02 69 77 081 43 2024 4 24 0 14 35
02 70 29 202 38 2024 4 24 0 14 35
02 83 22 114 41 2024 4 24 0 14 35
02 85 26 321 43 2024 4 24 0 14 35
06 27 51 312 41 2024 4 24 0 14 35
06 42 09 042 33 2024 4 24 0 14 35
10 27 51 312 34 2024 4 24 0 14 35
10 28 78 121 45 2024 4 24 0 14 35
10 32 08 217 41 2024 4 24 0 14 35
10 33 61 056 44 2024 4 24 0 14 35
10 41 61 202 47 2024 4 24 0 14 35
10 42 09 042 26 2024 4 24 0 14 35
10 43 16 131 48 2024 4 24 0 14 35
11 27 51 312 41 2024 4 24 0 14 35
11 28 78 121 46 2024 4 24 0 14 35
11 32 08 217 46 2024 4 24 0 14 35
11 33 61 056 49 2024 4 24 0 14 35
11 41 61 202 47 2024 4 24 0 14 35
11 42 09 042 31 2024 4 24 0 14 35
11 43 16 131 46 2024 4 24 0 14 35
07 07 08 191 39 2024 4 24 0 14 35
07 08 45 151 45 2024 4 24 0 14 35
07 21 22 267 36 2024 4 24 0 14 35
07 27 11 216 42 2024 4 24 0 14 35
07 34 08 100 41 2024 4 24 0 14 35
12 07 08 191 43 2024 4 24 0 14 35
12 08 45 151 46 2024 4 24 0 14 35
12 21 22 267 41 2024 4 24 0 14 35
12 27 11 216 46 2024 4 24 0 14 35
12 34 08 100 43 2024 4 24 0 14 35
01 05 27 053 36 2024 4 24 0 14 40
01 10 14 241 41 2024 4 24 0 14 40
01 13 36 065 40 2024 4 24 0 14 40
01 15 59 106 47 2024 4 24 0 14 40
01 16 15 305 27 2024 4 24 0 14 40
01 18 64 330 40 2024 4 24 0 14 40
01 23 47 251 41 2024 4 24 0 14 40
01 26 15 271 38 2024 4 24 0 14 40
01 29 54 167 48 2024 4 24 0 14 40
08 10 14 241 42 2024 4 24 0 14 40
08 18 64 330 45 2024 4 24 0 14 40
08 23 47 251 46 2024 4 24 0 14 40
08 26 15 271 26 2024 4 24 0 14 40
02 68 28 033 27 2024 4 24 0 14 40
02 69 77 081 43 2024 4 24 0 14 40
02 70 29 202 37 2024 4 24 0 14 40
02 83 22 114 42 2024 4 24 0 14 40
02 84 67 035 29 2024 4 24 0 14 40
02 85 26 321 43 2024 4 24 0 14 40
06 42 09 042 33 2024 4 24 0 14 40
10 27 51 312 39 2024 4 24 0 14 40
10 28 78 121 45 2024 4 24 0 14 40
10 32 08 217 40 2024 4 24 0 14 40
10 33 61 056 43 2024 4 24 0 14 40
10 41 61 202 47 2024 4 24 0 14 40
10 42 09 042 27 2024 4 24 0 14 40
10 43 16 131 48 2024 4 24 0 14 40
11 27 51 312 41 2024 4 24 0 14 40
11 28 78 121 46 2024 4 24 0 14 40
11 32 08 217 47 2024 4 24 0 14 40
11 33 61 056 49 2024 4 24 0 14 40
11 41 61 202 47 2024 4 24 0 14 40
11 42 09 042 31 2024 4 24 0 14 40
11 43 16 131 46 2024 4 24 0 14 40
07 07 08 191 39 2024 4 24 0 14 40
07 08 45 151 46 2024 4 24 0 14 40
07 21 22 267 36 2024 4 24 0 14 40
07 27 11 216 43 2024 4 24 0 14 40
07 34 08 100 41 2024 4 24 0 14 40
12 07 08 191 43 2024 4 24 0 14 40
12 08 45 151 46 2024 4 24 0 14 40
12 21 22 267 40 2024 4 24 0 14 40
12 27 11 216 46 2024 4 24 0 14 40
12 34 08 100 43 2024 4 24 0 14 40
01 05 27 053 34 2024 4 24 0 14 45
01 10 14 241 39 2024 4 24 0 14 45
01 13 36 065 38 2024 4 24 0 14 45
01 15 59 106 47 2024 4 24 0 14 45
01 16 15 305 30 2024 4 24 0 14 45
01 18 64 330 39 2024 4 24 0 14 45
01 23 47 251 42 2024 4 24 0 14 45
01 26 15 271 35 2024 4 24 0 14 45
01 29 54 167 46 2024 4 24 0 14 45
08 10 14 241 42 2024 4 24 0 14 45
08 18 64 330 44 2024 4 24 0 14 45
08 23 47 251 46 2024 4 24 0 14 45
08 26 15 271 28 2024 4 24 0 14 45
02 68 28 033 20 2024 4 24 0 14 45
02 69 77 080 42 2024 4 24 0 14 45
02 70 29 202 36 2024 4 24 0 14 45
02 83 22 114 42 2024 4 24 0 14 45
02 84 68 034 31 2024 4 24 0 14 45
02 85 26 321 41 2024 4 24 0 14 45
06 42 09 042 33 2024 4 24 0 14 45
10 27 51 312 39 2024 4 24 0 14 45
10 28 78 122 44 2024 4 24 0 14 45
10 32 08 217 39 2024 4 24 0 14 45
10 33 61 056 42 2024 4 24 0 14 45
10 41 61 202 45 2024 4 24 0 14 45
10 42 09 042 27 2024 4 24 0 14 45
10 43 16 131 46 2024 4 24 0 14 45
11 27 51 312 41 2024 4 24 0 14 45
11 28 78 122 46 2024 4 24 0 14 45
11 32 08 217 46 2024 4 24 0 14 45
11 33 61 056 49 2024 4 24 0 14 45
11 41 61 202 46 2024 4 24 0 14 45
11 42 09 042 31 2024 4 24 0 14 45
11 43 16 131 46 2024 4 24 0 14 45
07 07 08 191 39 2024 4 24 0 14 45
07 08 45 151 45 2024 4 24 0 14 45
07 21 22 267 37 2024 4 24 0 14 45
07 27 11 216 43 2024 4 24 0 14 45
07 34 08 100 40 2024 4 24 0 14 45
12 07 08 191 44 2024 4 24 0 14 45
12 08 45 151 46 2024 4 24 0 14 45
12 21 22 267 41 2024 4 24 0 14 45
12 27 11 216 46 2024 4 24 0 14 45
12 34 08 100 43 2024 4 24 0 14 45
01 05 27 053 34 2024 4 24 0 14 50
01 10 14 241 40 2024 4 24 0 14 50
01 13 36 065 37 2024 4 24 0 14 50
01 15 59 106 47 2024 4 24 0 14 50
01 16 15 305 32 2024 4 24 0 14 50
01 18 64 330 40 2024 4 24 0 14 50
01 23 47 251 41 2024 4 24 0 14 50
01 26 15 271 35 2024 4 24 0 14 50
01 29 54 167 47 2024 4 24 0 14 50
08 10 14 241 42 2024 4 24 0 14 50
08 18 64 330 44 2024 4 24 0 14 50
08 23 47 251 45 2024 4 24 0 14 50
08 26 15 271 29 2024 4 24 0 14 50
02 68 28 033 29 2024 4 24 0 14 50
02 69 77 080 43 2024 4 24 0 14 50
02 70 29 202 35 2024 4 24 0 14 50
02 83 22 114 41 2024 4 24 0 14 50
02 84 68 034 29 2024 4 24 0 14 50
02 85 26 321 40 2024 4 24 0 14 50
06 42 09 042 33 2024 4 24 0 14 50
10 27 51 312 41 2024 4 24 0 14 50
10 28 78 122 45 2024 4 24 0 14 50
10 32 08 217 39 2024 4 24 0 14 50
10 33 61 056 42 2024 4 24 0 14 50
10 41 61 202 47 2024 4 24 0 14 50
10 42 09 042 27 2024 4 24 0 14 50
10 43 16 131 48 2024 4 24 0 14 50
11 27 51 312 41 2024 4 24 0 14 50
11 28 78 122 46 2024 4 24 0 14 50
11 32 08 217 46 2024 4 24 0 14 50
11 33 61 056 49 2024 4 24 0 14 50
11 41 61 202 46 2024 4 24 0 14 50
11 42 09 042 31 2024 4 24 0 14 50
11 43 16 131 46 2024 4 24 0 14 50
07 07 08 191 40 2024 4 24 0 14 50
07 08 45 151 45 2024 4 24 0 14 50
07 21 22 267 38 2024 4 24 0 14 50
07 27 11 216 44 2024 4 24 0 14 50
07 34 08 100 40 2024 4 24 0 14 50
12 07 08 191 44 2024 4 24 0 14 50
12 08 45 151 46 2024 4 24 0 14 50
12 21 22 267 41 2024 4 24 0 14 50
12 26 10 292 35 2024 4 24 0 14 50
12 27 11 216 47 2024 4 24 0 14 50
12 34 08 100 42 2024 4 24 0 14 50
01 05 27 053 33 2024 4 24 0 14 55
01 10 14 241 41 2024 4 24 0 14 55
01 13 36 065 37 2024 4 24 0 14 55
01 15 59 106 47 2024 4 24 0 14 55
01 16 15 305 33 2024 4 24 0 14 55
01 18 64 330 40 2024 4 24 0 14 55
01 23 48 251 42 2024 4 24 0 14 55
01 26 15 271 37 2024 4 24 0 14 55
01 29 54 167 48 2024 4 24 0 14 55
08 10 14 241 42 2024 4 24 0 14 55
08 18 64 330 45 2024 4 24 0 14 55
08 23 48 251 45 2024 4 24 0 14 55
08 26 15 271 30 2024 4 24 0 14 55
02 68 28 033 33 2024 4 24 0 14 55
02 69 77 080 44 2024 4 24 0 14 55
02 70 29 202 36 2024 4 24 0 14 55
02 83 22 114 40 2024 4 24 0 14 55
02 84 68 034 30 2024 4 24 0 14 55
02 85 26 321 39 2024 4 24 0 14 55
06 42 09 042 33 2024 4 24 0 14 55
10 27 51 312 40 2024 4 24 0 14 55
10 28 78 122 45 2024 4 24 0 14 55
10 32 08 217 40 2024 4 24 0 14 55
10 33 61 056 42 2024 4 24 0 14 55
10 41 61 202 47 2024 4 24 0 14 55
10 42 09 042 27 2024 4 24 0 14 55
10 43 16 131 48 2024 4 24 0 14 55
11 27 51 312 41 2024 4 24 0 14 55
11 28 78 122 46 2024 4 24 0 14 55
11 32 08 217 46 2024 4 24 0 14 55
11 33 61 056 49 2024 4 24 0 14 55
11 41 61 202 46 2024 4 24 0 14 55
11 42 09 042 32 2024 4 24 0 14 55
11 43 16 131 46 2024 4 24 0 14 55
07 07 08 191 40 2024 4 24 0 14 55
07 08 45 151 46 2024 4 24 0 14 55
07 21 22 267 39 2024 4 24 0 14 55
07 27 11 216 44 2024 4 24 0 14 55
07 34 08 100 40 2024 4 24 0 14 55
12 07 08 191 44 2024 4 24 0 14 55
12 08 45 151 46 2024 4 24 0 14 55
12 21 22 267 41 2024 4 24 0 14 55
12 26 10 292 36 2024 4 24 0 14 55
12 27 11 216 46 2024 4 24 0 14 55
12 34 08 100 42 2024 4 24 0 14 55
01 05 27 053 35 2024 4 24 0 15 0
01 10 14 241 43 2024 4 24 0 15 0
01 13 36 065 39 2024 4 24 0 15 0
01 15 59 106 47 2024 4 24 0 15 0
01 16 15 305 33 2024 4 24 0 15 0
01 18 64 330 40 2024 4 24 0 15 0
01 23 48 251 43 2024 4 24 0 15 0
01 26 15 271 35 2024 4 24 0 15 0
01 29 54 167 49 2024 4 24 0 15 0
08 10 14 241 42 2024 4 24 0 15 0
08 18 64 330 45 2024 4 24 0 15 0
08 23 48 251 45 2024 4 24 0 15 0
08 26 15 271 32 2024 4 24 0 15 0
02 68 28 033 34 2024 4 24 0 15 0
02 69 77 080 44 2024 4 24 0 15 0
02 70 29 202 37 2024 4 24 0 15 0
02 83 22 114 41 2024 4 24 0 15 0
02 84 68 034 29 2024 4 24 0 15 0
02 85 26 321 39 2024 4 24 0 15 0
06 42 09 042 32 2024 4 24 0 15 0
10 27 51 312 39 2024 4 24 0 15 0
10 28 78 122 45 2024 4 24 0 15 0
10 32 09 217 41 2024 4 24 0 15 0
10 33 61 056 42 2024 4 24 0 15 0
10 41 61 203 46 2024 4 24 0 15 0
10 42 09 042 32 2024 4 24 0 15 0
10 43 16 131 48 2024 4 24 0 15 0
11 27 51 312 41 2024 4 24 0 15 0
11 28 78 122 46 2024 4 24 0 15 0
11 32 09 217 46 2024 4 24 0 15 0
11 33 61 056 49 2024 4 24 0 15 0
11 41 61 203 46 2024 4 24 0 15 0
11 42 09 042 32 2024 4 24 0 15 0
11 43 16 131 46 2024 4 24 0 15 0
07 07 08 191 40 2024 4 24 0 15 0
07 08 45 151 45 2024 4 24 0 15 0
07 21 22 267 38 2024 4 24 0 15 0
07 27 11 216 43 2024 4 24 0 15 0
07 34 08 100 40 2024 4 24 0 15 0
12 07 08 191 44 2024 4 24 0 15 0
12 08 45 151 46 2024 4 24 0 15 0
12 21 22 267 41 2024 4 24 0 15 0
12 26 10 292 36 2024 4 24 0 15 0
12 27 11 216 46 2024 4 24 0 15 0
12 34 08 100 42 2024 4 24 0 15 0
