01 05 24 178 26 2024 4 5 21 15 0
01 12 74 269 09 2024 4 5 21 15 0
01 20 53 152 29 2024 4 5 21 15 0
01 24 08 217 29 2024 4 5 21 15 0
01 29 13 288 17 2024 4 5 21 15 0
08 24 08 217 24 2024 4 5 21 15 0
02 65 14 122 24 2024 4 5 21 15 0
02 77 18 180 22 2024 4 5 21 15 0
02 78 60 242 22 2024 4 5 21 15 0
02 81 29 270 17 2024 4 5 21 15 0
06 19 11 153 23 2024 4 5 21 15 0
06 20 27 106 27 2024 4 5 21 15 0
06 36 07 174 36 2024 4 5 21 15 0
06 45 40 216 29 2024 4 5 21 15 0
10 19 11 153 29 2024 4 5 21 15 0
10 36 07 174 35 2024 4 5 21 15 0
10 45 40 216 22 2024 4 5 21 15 0
11 19 11 153 33 2024 4 5 21 15 0
11 20 27 106 07 2024 4 5 21 15 0
11 36 07 174 33 2024 4 5 21 15 0
11 45 40 216 24 2024 4 5 21 15 0
07 21 24 152 23 2024 4 5 21 15 0
12 21 24 152 25 2024 4 5 21 15 0
01 05 24 178 26 2024 4 5 21 15 1
01 12 74 269 08 2024 4 5 21 15 1
01 20 53 152 28 2024 4 5 21 15 1
01 24 08 217 28 2024 4 5 21 15 1
01 29 13 288 18 2024 4 5 21 15 1
08 24 08 217 24 2024 4 5 21 15 1
02 65 14 122 24 2024 4 5 21 15 1
02 77 18 180 23 2024 4 5 21 15 1
02 78 60 242 21 2024 4 5 21 15 1
02 81 29 270 19 2024 4 5 21 15 1
06 19 11 153 23 2024 4 5 21 15 1
06 20 27 106 27 2024 4 5 21 15 1
06 36 07 174 36 2024 4 5 21 15 1
06 45 40 216 29 2024 4 5 21 15 1
10 19 11 153 28 2024 4 5 21 15 1
10 20 27 106 14 2024 4 5 21 15 1
10 36 07 174 35 2024 4 5 21 15 1
10 45 40 216 21 2024 4 5 21 15 1
11 19 11 153 33 2024 4 5 21 15 1
11 20 27 106 09 2024 4 5 21 15 1
11 36 07 174 34 2024 4 5 21 15 1
11 45 40 216 23 2024 4 5 21 15 1
07 21 24 152 23 2024 4 5 21 15 1
12 21 24 152 25 2024 4 5 21 15 1
01 05 24 178 26 2024 4 5 21 15 2
01 20 53 152 28 2024 4 5 21 15 2
01 24 08 217 28 2024 4 5 21 15 2
01 29 13 288 14 2024 4 5 21 15 2
08 24 08 217 23 2024 4 5 21 15 2
02 65 14 122 23 2024 4 5 21 15 2
02 77 18 180 24 2024 4 5 21 15 2
02 78 60 242 19 2024 4 5 21 15 2
02 81 29 270 20 2024 4 5 21 15 2
06 19 11 153 22 2024 4 5 21 15 2
06 20 27 106 27 2024 4 5 21 15 2
06 36 07 174 36 2024 4 5 21 15 2
06 45 40 216 29 2024 4 5 21 15 2
10 19 11 153 28 2024 4 5 21 15 2
10 20 27 106 15 2024 4 5 21 15 2
10 36 07 174 34 2024 4 5 21 15 2
10 45 40 216 20 2024 4 5 21 15 2
11 19 11 153 34 2024 4 5 21 15 2
11 20 27 106 09 2024 4 5 21 15 2
11 36 07 174 34 2024 4 5 21 15 2
11 45 40 216 24 2024 4 5 21 15 2
07 21 24 152 22 2024 4 5 21 15 2
12 21 24 152 24 2024 4 5 21 15 2
01 05 24 178 26 2024 4 5 21 15 3
01 12 74 269 10 2024 4 5 21 15 3
01 20 53 152 28 2024 4 5 21 15 3
01 24 08 217 29 2024 4 5 21 15 3
01 29 13 288 12 2024 4 5 21 15 3
08 24 08 217 23 2024 4 5 21 15 3
02 65 14 122 22 2024 4 5 21 15 3
02 77 18 180 23 2024 4 5 21 15 3
02 78 60 242 20 2024 4 5 21 15 3
02 81 29 270 20 2024 4 5 21 15 3
06 19 11 153 23 2024 4 5 21 15 3
06 20 27 106 27 2024 4 5 21 15 3
06 36 07 174 36 2024 4 5 21 15 3
06 45 40 216 29 2024 4 5 21 15 3
10 19 11 153 28 2024 4 5 21 15 3
10 20 27 106 07 2024 4 5 21 15 3
10 36 07 174 35 2024 4 5 21 15 3
10 45 40 216 20 2024 4 5 21 15 3
11 19 11 153 34 2024 4 5 21 15 3
11 20 27 106 11 2024 4 5 21 15 3
11 36 07 174 34 2024 4 5 21 15 3
11 45 40 216 23 2024 4 5 21 15 3
07 21 24 152 22 2024 4 5 21 15 3
12 21 24 152 25 2024 4 5 21 15 3
01 05 24 178 25 2024 4 5 21 15 4
01 12 74 269 14 2024 4 5 21 15 4
01 20 53 152 28 2024 4 5 21 15 4
01 24 08 217 30 2024 4 5 21 15 4
01 29 13 288 17 2024 4 5 21 15 4
08 24 08 217 23 2024 4 5 21 15 4
02 65 14 122 22 2024 4 5 21 15 4
02 77 18 180 23 2024 4 5 21 15 4
02 78 60 242 19 2024 4 5 21 15 4
02 81 29 270 22 2024 4 5 21 15 4
06 19 11 153 22 2024 4 5 21 15 4
06 20 27 106 28 2024 4 5 21 15 4
06 36 07 174 35 2024 4 5 21 15 4
06 45 40 216 29 2024 4 5 21 15 4
10 19 11 153 29 2024 4 5 21 15 4
10 20 27 106 15 2024 4 5 21 15 4
10 36 07 174 34 2024 4 5 21 15 4
10 45 40 216 19 2024 4 5 21 15 4
11 19 11 153 34 2024 4 5 21 15 4
11 20 27 106 12 2024 4 5 21 15 4
11 36 07 174 34 2024 4 5 21 15 4
11 45 40 216 23 2024 4 5 21 15 4
07 21 24 152 22 2024 4 5 21 15 4
12 21 24 152 25 2024 4 5 21 15 4
01 05 24 178 24 2024 4 5 21 15 5
01 12 74 269 13 2024 4 5 21 15 5
01 20 53 152 28 2024 4 5 21 15 5
01 24 08 217 30 2024 4 5 21 15 5
01 29 13 288 15 2024 4 5 21 15 5
08 24 08 217 22 2024 4 5 21 15 5
02 65 14 122 21 2024 4 5 21 15 5
02 77 18 180 23 2024 4 5 21 15 5
02 78 60 242 18 2024 4 5 21 15 5
02 81 29 270 23 2024 4 5 21 15 5
06 19 11 153 23 2024 4 5 21 15 5
06 20 27 106 29 2024 4 5 21 15 5
06 36 07 174 34 2024 4 5 21 15 5
06 45 40 216 29 2024 4 5 21 15 5
10 19 11 153 30 2024 4 5 21 15 5
10 20 27 106 15 2024 4 5 21 15 5
10 36 07 174 34 2024 4 5 21 15 5
10 45 40 216 19 2024 4 5 21 15 5
11 19 11 153 34 2024 4 5 21 15 5
11 20 27 106 12 2024 4 5 21 15 5
11 36 07 174 34 2024 4 5 21 15 5
11 45 40 216 22 2024 4 5 21 15 5
07 21 24 152 22 2024 4 5 21 15 5
12 21 24 152 25 2024 4 5 21 15 5
01 05 24 178 23 2024 4 5 21 15 6
01 12 74 269 13 2024 4 5 21 15 6
01 20 53 152 27 2024 4 5 21 15 6
01 24 08 217 30 2024 4 5 21 15 6
01 29 13 288 13 2024 4 5 21 15 6
08 24 08 217 23 2024 4 5 21 15 6
02 65 14 122 21 2024 4 5 21 15 6
02 77 18 180 22 2024 4 5 21 15 6
02 78 60 242 16 2024 4 5 21 15 6
02 81 29 270 22 2024 4 5 21 15 6
06 19 11 153 22 2024 4 5 21 15 6
06 20 27 106 29 2024 4 5 21 15 6
06 36 07 174 35 2024 4 5 21 15 6
06 45 40 216 29 2024 4 5 21 15 6
10 19 11 153 30 2024 4 5 21 15 6
10 20 27 106 16 2024 4 5 21 15 6
10 36 07 174 34 2024 4 5 21 15 6
10 45 40 216 18 2024 4 5 21 15 6
11 19 11 153 34 2024 4 5 21 15 6
11 20 27 106 14 2024 4 5 21 15 6
11 36 07 174 34 2024 4 5 21 15 6
11 45 40 216 22 2024 4 5 21 15 6
07 21 24 152 22 2024 4 5 21 15 6
12 21 24 152 25 2024 4 5 21 15 6
01 05 24 178 23 2024 4 5 21 15 7
01 12 74 269 09 2024 4 5 21 15 7
01 20 53 152 27 2024 4 5 21 15 7
01 24 08 217 31 2024 4 5 21 15 7
01 29 13 288 11 2024 4 5 21 15 7
08 24 08 217 23 2024 4 5 21 15 7
02 65 14 122 20 2024 4 5 21 15 7
02 77 18 180 22 2024 4 5 21 15 7
02 78 60 242 20 2024 4 5 21 15 7
02 81 29 270 20 2024 4 5 21 15 7
06 19 11 153 24 2024 4 5 21 15 7
06 20 27 106 29 2024 4 5 21 15 7
06 36 07 174 35 2024 4 5 21 15 7
06 45 40 216 29 2024 4 5 21 15 7
10 19 11 153 30 2024 4 5 21 15 7
10 20 27 106 16 2024 4 5 21 15 7
10 36 07 174 35 2024 4 5 21 15 7
10 45 40 216 18 2024 4 5 21 15 7
11 19 11 153 34 2024 4 5 21 15 7
11 20 27 106 15 2024 4 5 21 15 7
11 36 07 174 34 2024 4 5 21 15 7
11 45 40 216 22 2024 4 5 21 15 7
07 21 24 152 23 2024 4 5 21 15 7
12 21 24 152 25 2024 4 5 21 15 7
01 05 24 178 24 2024 4 5 21 15 8
01 12 74 269 11 2024 4 5 21 15 8
01 20 53 152 27 2024 4 5 21 15 8
01 24 08 217 31 2024 4 5 21 15 8
01 29 13 288 14 2024 4 5 21 15 8
08 24 08 217 22 2024 4 5 21 15 8
02 65 14 122 19 2024 4 5 21 15 8
02 77 18 180 21 2024 4 5 21 15 8
02 78 60 242 18 2024 4 5 21 15 8
02 81 29 270 19 2024 4 5 21 15 8
06 19 11 153 23 2024 4 5 21 15 8
06 20 27 106 29 2024 4 5 21 15 8
06 36 07 174 36 2024 4 5 21 15 8
06 45 40 216 28 2024 4 5 21 15 8
10 19 11 153 30 2024 4 5 21 15 8
10 20 27 106 18 2024 4 5 21 15 8
10 36 07 174 34 2024 4 5 21 15 8
10 45 40 216 18 2024 4 5 21 15 8
11 19 11 153 34 2024 4 5 21 15 8
11 20 27 106 14 2024 4 5 21 15 8
11 36 07 174 34 2024 4 5 21 15 8
11 45 40 216 22 2024 4 5 21 15 8
07 21 24 152 23 2024 4 5 21 15 8
12 21 24 152 25 2024 4 5 21 15 8
01 05 24 178 24 2024 4 5 21 15 9
01 12 74 269 08 2024 4 5 21 15 9
01 20 53 152 28 2024 4 5 21 15 9
01 24 08 217 31 2024 4 5 21 15 9
01 29 13 288 17 2024 4 5 21 15 9
08 24 08 217 21 2024 4 5 21 15 9
02 65 14 122 18 2024 4 5 21 15 9
02 77 18 180 20 2024 4 5 21 15 9
02 78 60 242 20 2024 4 5 21 15 9
02 81 29 270 18 2024 4 5 21 15 9
06 19 11 153 24 2024 4 5 21 15 9
06 20 27 106 29 2024 4 5 21 15 9
06 36 07 174 35 2024 4 5 21 15 9
06 45 40 216 27 2024 4 5 21 15 9
10 19 11 153 31 2024 4 5 21 15 9
10 20 27 106 11 2024 4 5 21 15 9
10 36 07 174 34 2024 4 5 21 15 9
10 45 40 216 17 2024 4 5 21 15 9
11 19 11 153 34 2024 4 5 21 15 9
11 20 27 106 16 2024 4 5 21 15 9
11 36 07 174 35 2024 4 5 21 15 9
11 45 40 216 22 2024 4 5 21 15 9
07 21 24 152 24 2024 4 5 21 15 9
12 21 24 152 25 2024 4 5 21 15 9
01 05 24 178 24 2024 4 5 21 15 10
01 20 53 152 29 2024 4 5 21 15 10
01 24 08 217 31 2024 4 5 21 15 10
01 29 13 288 17 2024 4 5 21 15 10
08 24 08 217 20 2024 4 5 21 15 10
02 65 14 122 16 2024 4 5 21 15 10
02 77 18 180 19 2024 4 5 21 15 10
02 78 60 242 22 2024 4 5 21 15 10
02 81 29 270 18 2024 4 5 21 15 10
06 19 11 153 24 2024 4 5 21 15 10
06 20 27 106 29 2024 4 5 21 15 10
06 36 07 174 35 2024 4 5 21 15 10
06 45 40 216 27 2024 4 5 21 15 10
10 19 11 153 31 2024 4 5 21 15 10
10 20 27 106 18 2024 4 5 21 15 10
10 36 07 174 34 2024 4 5 21 15 10
10 45 40 216 17 2024 4 5 21 15 10
11 19 11 153 33 2024 4 5 21 15 10
11 20 27 106 16 2024 4 5 21 15 10
11 36 07 174 35 2024 4 5 21 15 10
11 45 40 216 22 2024 4 5 21 15 10
07 21 24 152 24 2024 4 5 21 15 10
12 21 24 152 25 2024 4 5 21 15 10
01 05 24 178 22 2024 4 5 21 15 11
01 12 74 269 06 2024 4 5 21 15 11
01 20 53 152 28 2024 4 5 21 15 11
01 24 08 217 32 2024 4 5 21 15 11
01 29 13 288 14 2024 4 5 21 15 11
08 24 08 217 21 2024 4 5 21 15 11
02 65 14 122 17 2024 4 5 21 15 11
02 77 18 180 18 2024 4 5 21 15 11
02 78 60 242 21 2024 4 5 21 15 11
02 81 29 270 21 2024 4 5 21 15 11
06 19 11 153 25 2024 4 5 21 15 11
06 20 27 106 29 2024 4 5 21 15 11
06 36 07 174 34 2024 4 5 21 15 11
06 45 40 216 28 2024 4 5 21 15 11
10 19 11 153 31 2024 4 5 21 15 11
10 20 27 106 13 2024 4 5 21 15 11
10 36 07 174 34 2024 4 5 21 15 11
10 45 40 216 16 2024 4 5 21 15 11
11 19 11 153 33 2024 4 5 21 15 11
11 20 27 106 16 2024 4 5 21 15 11
11 36 07 174 35 2024 4 5 21 15 11
11 45 40 216 22 2024 4 5 21 15 11
07 21 24 152 25 2024 4 5 21 15 11
12 21 24 152 25 2024 4 5 21 15 11
01 05 24 178 21 2024 4 5 21 15 12
01 20 53 152 28 2024 4 5 21 15 12
01 24 08 217 32 2024 4 5 21 15 12
01 29 13 288 12 2024 4 5 21 15 12
08 24 08 217 22 2024 4 5 21 15 12
02 65 14 122 19 2024 4 5 21 15 12
02 77 18 180 17 2024 4 5 21 15 12
02 78 60 242 21 2024 4 5 21 15 12
02 81 29 270 21 2024 4 5 21 15 12
06 19 11 153 23 2024 4 5 21 15 12
06 20 27 106 28 2024 4 5 21 15 12
06 36 07 174 33 2024 4 5 21 15 12
06 45 40 216 28 2024 4 5 21 15 12
10 19 11 153 31 2024 4 5 21 15 12
10 20 27 106 09 2024 4 5 21 15 12
10 36 07 174 34 2024 4 5 21 15 12
10 45 40 216 17 2024 4 5 21 15 12
11 19 11 153 33 2024 4 5 21 15 12
11 20 27 106 16 2024 4 5 21 15 12
11 36 07 174 34 2024 4 5 21 15 12
11 45 40 216 22 2024 4 5 21 15 12
07 21 24 152 25 2024 4 5 21 15 12
12 21 24 152 25 2024 4 5 21 15 12
01 05 24 178 24 2024 4 5 21 15 13
01 12 74 269 08 2024 4 5 21 15 13
01 20 53 152 29 2024 4 5 21 15 13
01 24 08 217 32 2024 4 5 21 15 13
01 29 13 288 08 2024 4 5 21 15 13
08 24 08 217 23 2024 4 5 21 15 13
02 65 14 122 19 2024 4 5 21 15 13
02 77 18 180 17 2024 4 5 21 15 13
02 78 60 242 22 2024 4 5 21 15 13
02 81 29 270 21 2024 4 5 21 15 13
06 19 11 153 23 2024 4 5 21 15 13
06 20 27 106 28 2024 4 5 21 15 13
06 36 07 174 34 2024 4 5 21 15 13
06 45 40 216 28 2024 4 5 21 15 13
10 19 11 153 31 2024 4 5 21 15 13
10 36 07 174 34 2024 4 5 21 15 13
10 45 40 216 18 2024 4 5 21 15 13
11 19 11 153 33 2024 4 5 21 15 13
11 20 27 106 16 2024 4 5 21 15 13
11 36 07 174 34 2024 4 5 21 15 13
11 45 40 216 23 2024 4 5 21 15 13
07 21 24 152 26 2024 4 5 21 15 13
12 21 24 152 24 2024 4 5 21 15 13
01 05 24 178 26 2024 4 5 21 15 14
01 12 74 269 08 2024 4 5 21 15 14
01 20 53 152 30 2024 4 5 21 15 14
01 24 08 217 32 2024 4 5 21 15 14
01 29 13 288 11 2024 4 5 21 15 14
08 24 08 217 19 2024 4 5 21 15 14
02 65 14 122 20 2024 4 5 21 15 14
02 77 18 180 17 2024 4 5 21 15 14
02 78 60 242 22 2024 4 5 21 15 14
02 81 29 270 20 2024 4 5 21 15 14
06 19 11 153 22 2024 4 5 21 15 14
06 20 27 106 29 2024 4 5 21 15 14
06 36 07 174 35 2024 4 5 21 15 14
06 45 40 216 28 2024 4 5 21 15 14
10 19 11 153 31 2024 4 5 21 15 14
10 20 27 106 11 2024 4 5 21 15 14
10 36 07 174 34 2024 4 5 21 15 14
10 45 40 216 17 2024 4 5 21 15 14
11 19 11 153 33 2024 4 5 21 15 14
11 20 27 106 16 2024 4 5 21 15 14
11 36 07 174 34 2024 4 5 21 15 14
11 45 40 216 23 2024 4 5 21 15 14
07 21 24 152 26 2024 4 5 21 15 14
12 21 24 152 25 2024 4 5 21 15 14
01 05 24 178 25 2024 4 5 21 15 15
01 12 74 269 10 2024 4 5 21 15 15
01 20 53 152 30 2024 4 5 21 15 15
01 24 08 217 33 2024 4 5 21 15 15
01 29 13 288 12 2024 4 5 21 15 15
08 24 08 217 17 2024 4 5 21 15 15
02 65 14 122 19 2024 4 5 21 15 15
02 77 18 180 20 2024 4 5 21 15 15
02 78 60 242 22 2024 4 5 21 15 15
02 81 29 270 19 2024 4 5 21 15 15
06 19 11 153 21 2024 4 5 21 15 15
06 20 27 106 29 2024 4 5 21 15 15
06 36 07 174 34 2024 4 5 21 15 15
06 45 40 216 28 2024 4 5 21 15 15
10 19 11 153 31 2024 4 5 21 15 15
10 20 27 106 15 2024 4 5 21 15 15
10 36 07 174 33 2024 4 5 21 15 15
10 45 40 216 19 2024 4 5 21 15 15
11 19 11 153 33 2024 4 5 21 15 15
11 20 27 106 17 2024 4 5 21 15 15
11 36 07 174 34 2024 4 5 21 15 15
11 45 40 216 24 2024 4 5 21 15 15
07 21 24 152 26 2024 4 5 21 15 15
12 21 24 152 25 2024 4 5 21 15 15
01 05 24 178 26 2024 4 5 21 15 16
01 12 74 269 11 2024 4 5 21 15 16
01 20 53 152 29 2024 4 5 21 15 16
01 24 08 217 33 2024 4 5 21 15 16
01 29 13 288 12 2024 4 5 21 15 16
08 24 08 217 16 2024 4 5 21 15 16
02 65 14 122 19 2024 4 5 21 15 16
02 77 18 180 19 2024 4 5 21 15 16
02 78 60 242 20 2024 4 5 21 15 16
02 81 29 270 19 2024 4 5 21 15 16
06 19 11 153 17 2024 4 5 21 15 16
06 20 27 106 28 2024 4 5 21 15 16
06 36 07 174 34 2024 4 5 21 15 16
06 45 40 216 27 2024 4 5 21 15 16
10 19 11 153 31 2024 4 5 21 15 16
10 20 27 106 09 2024 4 5 21 15 16
10 36 07 174 34 2024 4 5 21 15 16
10 45 40 216 21 2024 4 5 21 15 16
11 19 11 153 33 2024 4 5 21 15 16
11 20 27 106 17 2024 4 5 21 15 16
11 36 07 174 35 2024 4 5 21 15 16
11 45 40 216 23 2024 4 5 21 15 16
07 21 24 152 26 2024 4 5 21 15 16
12 21 24 152 25 2024 4 5 21 15 16
01 05 24 178 27 2024 4 5 21 15 17
01 12 74 269 10 2024 4 5 21 15 17
01 20 53 152 29 2024 4 5 21 15 17
01 24 08 217 33 2024 4 5 21 15 17
01 29 13 288 13 2024 4 5 21 15 17
08 24 08 217 20 2024 4 5 21 15 17
02 65 14 122 19 2024 4 5 21 15 17
02 77 18 180 19 2024 4 5 21 15 17
02 78 60 242 20 2024 4 5 21 15 17
02 81 29 270 18 2024 4 5 21 15 17
06 19 11 153 15 2024 4 5 21 15 17
06 20 27 106 27 2024 4 5 21 15 17
06 36 07 174 33 2024 4 5 21 15 17
06 45 40 216 27 2024 4 5 21 15 17
10 19 11 153 31 2024 4 5 21 15 17
10 20 27 106 13 2024 4 5 21 15 17
10 36 07 174 34 2024 4 5 21 15 17
10 45 40 216 21 2024 4 5 21 15 17
11 19 11 153 33 2024 4 5 21 15 17
11 20 27 106 17 2024 4 5 21 15 17
11 36 07 174 35 2024 4 5 21 15 17
11 45 40 216 24 2024 4 5 21 15 17
07 21 24 152 26 2024 4 5 21 15 17
12 21 24 152 25 2024 4 5 21 15 17
01 05 24 178 27 2024 4 5 21 15 18
01 12 74 269 12 2024 4 5 21 15 18
01 20 53 152 29 2024 4 5 21 15 18
01 24 08 217 33 2024 4 5 21 15 18
01 29 13 288 11 2024 4 5 21 15 18
08 24 08 217 20 2024 4 5 21 15 18
02 65 14 122 17 2024 4 5 21 15 18
02 77 18 180 19 2024 4 5 21 15 18
02 78 60 242 20 2024 4 5 21 15 18
02 81 29 270 17 2024 4 5 21 15 18
06 19 11 153 21 2024 4 5 21 15 18
06 20 27 106 26 2024 4 5 21 15 18
06 36 07 174 34 2024 4 5 21 15 18
06 45 40 216 27 2024 4 5 21 15 18
10 19 11 153 31 2024 4 5 21 15 18
10 20 27 106 14 2024 4 5 21 15 18
10 36 07 174 34 2024 4 5 21 15 18
10 45 40 216 21 2024 4 5 21 15 18
11 19 11 153 33 2024 4 5 21 15 18
11 20 27 106 17 2024 4 5 21 15 18
11 36 07 174 35 2024 4 5 21 15 18
11 45 40 216 24 2024 4 5 21 15 18
07 21 24 152 26 2024 4 5 21 15 18
12 21 24 152 25 2024 4 5 21 15 18
01 05 24 178 28 2024 4 5 21 15 19
01 12 74 269 14 2024 4 5 21 15 19
01 20 53 152 28 2024 4 5 21 15 19
01 24 08 217 34 2024 4 5 21 15 19
08 24 08 217 20 2024 4 5 21 15 19
02 65 14 122 17 2024 4 5 21 15 19
02 77 18 180 18 2024 4 5 21 15 19
02 78 60 242 19 2024 4 5 21 15 19
02 81 29 270 20 2024 4 5 21 15 19
06 19 11 153 22 2024 4 5 21 15 19
06 20 27 106 27 2024 4 5 21 15 19
06 36 07 174 34 2024 4 5 21 15 19
06 45 40 216 27 2024 4 5 21 15 19
10 19 11 153 31 2024 4 5 21 15 19
10 36 07 174 34 2024 4 5 21 15 19
10 45 40 216 21 2024 4 5 21 15 19
11 19 11 153 33 2024 4 5 21 15 19
11 20 27 106 18 2024 4 5 21 15 19
11 36 07 174 35 2024 4 5 21 15 19
11 45 40 216 24 2024 4 5 21 15 19
07 21 24 152 26 2024 4 5 21 15 19
12 21 24 152 25 2024 4 5 21 15 19
01 05 24 178 25 2024 4 5 21 15 20
01 12 74 269 08 2024 4 5 21 15 20
01 20 53 152 27 2024 4 5 21 15 20
01 24 08 217 34 2024 4 5 21 15 20
08 24 08 217 19 2024 4 5 21 15 20
02 65 14 122 16 2024 4 5 21 15 20
02 77 18 180 18 2024 4 5 21 15 20
02 78 60 242 21 2024 4 5 21 15 20
02 81 29 270 20 2024 4 5 21 15 20
06 19 11 153 20 2024 4 5 21 15 20
06 20 27 106 26 2024 4 5 21 15 20
06 36 07 174 34 2024 4 5 21 15 20
06 45 40 216 27 2024 4 5 21 15 20
10 19 11 153 30 2024 4 5 21 15 20
10 20 27 106 12 2024 4 5 21 15 20
10 36 07 174 33 2024 4 5 21 15 20
10 45 40 216 19 2024 4 5 21 15 20
11 19 11 153 33 2024 4 5 21 15 20
11 20 27 106 17 2024 4 5 21 15 20
11 36 07 174 35 2024 4 5 21 15 20
11 45 40 216 24 2024 4 5 21 15 20
07 21 24 152 26 2024 4 5 21 15 20
12 21 24 152 25 2024 4 5 21 15 20
01 05 24 178 28 2024 4 5 21 15 21
01 12 74 269 10 2024 4 5 21 15 21
01 20 53 152 27 2024 4 5 21 15 21
01 24 08 217 34 2024 4 5 21 15 21
08 24 08 217 26 2024 4 5 21 15 21
02 65 14 122 15 2024 4 5 21 15 21
02 77 18 180 17 2024 4 5 21 15 21
02 78 60 242 19 2024 4 5 21 15 21
02 81 29 270 22 2024 4 5 21 15 21
06 19 11 153 22 2024 4 5 21 15 21
06 20 27 106 26 2024 4 5 21 15 21
06 36 07 174 34 2024 4 5 21 15 21
06 45 40 216 26 2024 4 5 21 15 21
10 19 11 153 31 2024 4 5 21 15 21
10 20 27 106 15 2024 4 5 21 15 21
10 36 07 174 34 2024 4 5 21 15 21
10 45 40 216 17 2024 4 5 21 15 21
11 19 11 153 33 2024 4 5 21 15 21
11 20 27 106 17 2024 4 5 21 15 21
11 36 07 174 35 2024 4 5 21 15 21
11 45 40 216 24 2024 4 5 21 15 21
07 21 24 152 26 2024 4 5 21 15 21
12 21 24 152 26 2024 4 5 21 15 21
01 05 24 178 28 2024 4 5 21 15 22
01 20 53 152 27 2024 4 5 21 15 22
01 24 08 217 34 2024 4 5 21 15 22
01 29 13 288 08 2024 4 5 21 15 22
08 24 08 217 27 2024 4 5 21 15 22
02 65 14 122 16 2024 4 5 21 15 22
02 77 18 180 16 2024 4 5 21 15 22
02 78 60 242 17 2024 4 5 21 15 22
02 81 29 270 21 2024 4 5 21 15 22
06 19 11 153 24 2024 4 5 21 15 22
06 20 27 106 26 2024 4 5 21 15 22
06 36 07 174 35 2024 4 5 21 15 22
06 45 40 216 27 2024 4 5 21 15 22
10 19 11 153 31 2024 4 5 21 15 22
10 20 27 106 17 2024 4 5 21 15 22
10 36 07 174 34 2024 4 5 21 15 22
10 45 40 216 14 2024 4 5 21 15 22
11 19 11 153 33 2024 4 5 21 15 22
11 20 27 106 18 2024 4 5 21 15 22
11 36 07 174 35 2024 4 5 21 15 22
11 45 40 216 25 2024 4 5 21 15 22
07 21 24 152 25 2024 4 5 21 15 22
12 21 24 152 26 2024 4 5 21 15 22
01 05 24 178 28 2024 4 5 21 15 23
01 12 74 269 11 2024 4 5 21 15 23
01 20 53 151 26 2024 4 5 21 15 23
01 24 08 217 34 2024 4 5 21 15 23
01 29 13 288 07 2024 4 5 21 15 23
08 24 08 217 28 2024 4 5 21 15 23
02 65 14 122 19 2024 4 5 21 15 23
02 77 18 180 16 2024 4 5 21 15 23
02 78 60 242 18 2024 4 5 21 15 23
02 81 29 270 21 2024 4 5 21 15 23
06 19 11 153 24 2024 4 5 21 15 23
06 20 27 106 27 2024 4 5 21 15 23
06 36 07 174 35 2024 4 5 21 15 23
06 45 40 216 28 2024 4 5 21 15 23
10 19 11 153 30 2024 4 5 21 15 23
10 20 27 106 16 2024 4 5 21 15 23
10 36 07 174 33 2024 4 5 21 15 23
10 45 40 216 16 2024 4 5 21 15 23
11 19 11 153 33 2024 4 5 21 15 23
11 20 27 106 17 2024 4 5 21 15 23
11 36 07 174 35 2024 4 5 21 15 23
11 45 40 216 24 2024 4 5 21 15 23
07 21 24 152 25 2024 4 5 21 15 23
12 21 24 152 26 2024 4 5 21 15 23
01 05 24 178 29 2024 4 5 21 15 24
01 12 74 269 12 2024 4 5 21 15 24
01 20 53 151 28 2024 4 5 21 15 24
01 24 08 217 34 2024 4 5 21 15 24
01 29 13 288 08 2024 4 5 21 15 24
08 24 08 217 28 2024 4 5 21 15 24
02 65 14 122 20 2024 4 5 21 15 24
02 77 18 180 16 2024 4 5 21 15 24
02 78 60 241 20 2024 4 5 21 15 24
02 81 29 270 19 2024 4 5 21 15 24
06 19 11 153 24 2024 4 5 21 15 24
06 20 27 106 27 2024 4 5 21 15 24
06 36 07 174 35 2024 4 5 21 15 24
06 45 40 216 28 2024 4 5 21 15 24
10 19 11 153 30 2024 4 5 21 15 24
10 20 27 106 15 2024 4 5 21 15 24
10 36 07 174 33 2024 4 5 21 15 24
10 45 40 216 18 2024 4 5 21 15 24
11 19 11 153 33 2024 4 5 21 15 24
11 20 27 106 18 2024 4 5 21 15 24
11 36 07 174 35 2024 4 5 21 15 24
11 45 40 216 25 2024 4 5 21 15 24
07 21 24 152 24 2024 4 5 21 15 24
12 21 24 152 25 2024 4 5 21 15 24
01 05 24 178 27 2024 4 5 21 15 25
01 12 74 269 07 2024 4 5 21 15 25
01 20 53 151 28 2024 4 5 21 15 25
01 24 08 217 35 2024 4 5 21 15 25
01 29 13 288 13 2024 4 5 21 15 25
08 24 08 217 26 2024 4 5 21 15 25
02 65 14 122 23 2024 4 5 21 15 25
02 77 18 180 17 2024 4 5 21 15 25
02 78 60 241 19 2024 4 5 21 15 25
02 81 29 270 17 2024 4 5 21 15 25
06 19 11 153 24 2024 4 5 21 15 25
06 20 27 106 28 2024 4 5 21 15 25
06 36 07 174 35 2024 4 5 21 15 25
06 45 40 216 28 2024 4 5 21 15 25
10 19 11 153 30 2024 4 5 21 15 25
10 20 27 106 14 2024 4 5 21 15 25
10 36 07 174 33 2024 4 5 21 15 25
10 45 40 216 19 2024 4 5 21 15 25
11 19 11 153 33 2024 4 5 21 15 25
11 20 27 106 18 2024 4 5 21 15 25
11 36 07 174 35 2024 4 5 21 15 25
11 45 40 216 25 2024 4 5 21 15 25
07 21 24 152 23 2024 4 5 21 15 25
12 21 24 152 25 2024 4 5 21 15 25
01 05 24 178 25 2024 4 5 21 15 26
01 20 53 151 27 2024 4 5 21 15 26
01 24 08 217 33 2024 4 5 21 15 26
08 24 08 217 28 2024 4 5 21 15 26
02 65 14 122 23 2024 4 5 21 15 26
02 77 18 180 16 2024 4 5 21 15 26
02 78 60 241 18 2024 4 5 21 15 26
02 81 29 270 19 2024 4 5 21 15 26
06 19 11 153 25 2024 4 5 21 15 26
06 20 27 106 28 2024 4 5 21 15 26
06 36 07 174 34 2024 4 5 21 15 26
06 45 40 216 27 2024 4 5 21 15 26
10 19 11 153 30 2024 4 5 21 15 26
10 20 27 106 18 2024 4 5 21 15 26
10 36 07 174 33 2024 4 5 21 15 26
10 45 40 216 19 2024 4 5 21 15 26
11 19 11 153 33 2024 4 5 21 15 26
11 20 27 106 19 2024 4 5 21 15 26
11 36 07 174 36 2024 4 5 21 15 26
11 45 40 216 25 2024 4 5 21 15 26
07 21 24 152 22 2024 4 5 21 15 26
12 21 24 152 26 2024 4 5 21 15 26
01 05 24 178 23 2024 4 5 21 15 27
01 12 74 269 09 2024 4 5 21 15 27
01 20 53 151 27 2024 4 5 21 15 27
01 24 08 217 34 2024 4 5 21 15 27
08 24 08 217 28 2024 4 5 21 15 27
02 65 14 122 23 2024 4 5 21 15 27
02 77 18 180 17 2024 4 5 21 15 27
02 78 60 241 19 2024 4 5 21 15 27
02 81 29 270 19 2024 4 5 21 15 27
06 19 11 153 26 2024 4 5 21 15 27
06 20 27 106 27 2024 4 5 21 15 27
06 36 06 174 34 2024 4 5 21 15 27
06 45 40 216 27 2024 4 5 21 15 27
10 19 11 153 30 2024 4 5 21 15 27
10 20 27 106 16 2024 4 5 21 15 27
10 36 06 174 33 2024 4 5 21 15 27
10 45 40 216 20 2024 4 5 21 15 27
11 19 11 153 33 2024 4 5 21 15 27
11 20 27 106 19 2024 4 5 21 15 27
11 36 06 174 36 2024 4 5 21 15 27
11 45 40 216 25 2024 4 5 21 15 27
07 21 24 152 21 2024 4 5 21 15 27
12 21 24 152 26 2024 4 5 21 15 27
01 05 24 178 21 2024 4 5 21 15 28
01 12 74 269 12 2024 4 5 21 15 28
01 20 53 151 26 2024 4 5 21 15 28
01 24 08 217 34 2024 4 5 21 15 28
01 29 13 288 02 2024 4 5 21 15 28
08 24 08 217 28 2024 4 5 21 15 28
02 65 14 122 22 2024 4 5 21 15 28
02 77 18 180 16 2024 4 5 21 15 28
02 78 60 241 22 2024 4 5 21 15 28
02 81 29 270 20 2024 4 5 21 15 28
06 19 11 153 25 2024 4 5 21 15 28
06 20 27 106 27 2024 4 5 21 15 28
06 36 06 174 34 2024 4 5 21 15 28
06 45 40 216 28 2024 4 5 21 15 28
10 19 11 153 30 2024 4 5 21 15 28
10 20 27 106 18 2024 4 5 21 15 28
10 36 06 174 33 2024 4 5 21 15 28
10 45 40 216 20 2024 4 5 21 15 28
11 19 11 153 33 2024 4 5 21 15 28
11 20 27 106 19 2024 4 5 21 15 28
11 36 06 174 36 2024 4 5 21 15 28
11 45 40 216 25 2024 4 5 21 15 28
07 21 24 152 20 2024 4 5 21 15 28
12 21 24 152 26 2024 4 5 21 15 28
01 05 24 178 22 2024 4 5 21 15 29
01 12 74 269 14 2024 4 5 21 15 29
01 20 53 151 26 2024 4 5 21 15 29
01 24 08 217 35 2024 4 5 21 15 29
01 29 13 288 11 2024 4 5 21 15 29
08 24 08 217 29 2024 4 5 21 15 29
02 65 14 122 20 2024 4 5 21 15 29
02 77 18 180 16 2024 4 5 21 15 29
02 78 60 241 24 2024 4 5 21 15 29
02 81 29 270 20 2024 4 5 21 15 29
06 19 11 153 25 2024 4 5 21 15 29
06 20 27 106 28 2024 4 5 21 15 29
06 36 06 174 34 2024 4 5 21 15 29
06 45 40 216 28 2024 4 5 21 15 29
10 19 11 153 30 2024 4 5 21 15 29
10 20 27 106 18 2024 4 5 21 15 29
10 36 06 174 33 2024 4 5 21 15 29
10 45 40 216 20 2024 4 5 21 15 29
11 19 11 153 33 2024 4 5 21 15 29
11 20 27 106 19 2024 4 5 21 15 29
11 36 06 174 36 2024 4 5 21 15 29
11 45 40 216 25 2024 4 5 21 15 29
07 21 23 152 20 2024 4 5 21 15 29
12 21 23 152 26 2024 4 5 21 15 29
01 05 24 178 23 2024 4 5 21 15 30
01 12 74 269 12 2024 4 5 21 15 30
01 20 53 151 26 2024 4 5 21 15 30
01 24 08 217 35 2024 4 5 21 15 30
08 24 08 217 28 2024 4 5 21 15 30
02 65 14 122 18 2024 4 5 21 15 30
02 77 18 180 18 2024 4 5 21 15 30
02 78 60 241 24 2024 4 5 21 15 30
02 81 29 270 20 2024 4 5 21 15 30
06 19 11 153 26 2024 4 5 21 15 30
06 20 27 106 27 2024 4 5 21 15 30
06 36 06 174 35 2024 4 5 21 15 30
06 45 40 216 29 2024 4 5 21 15 30
10 19 11 153 29 2024 4 5 21 15 30
10 20 27 106 16 2024 4 5 21 15 30
10 36 06 174 33 2024 4 5 21 15 30
10 45 40 216 21 2024 4 5 21 15 30
11 19 11 153 33 2024 4 5 21 15 30
11 20 27 106 18 2024 4 5 21 15 30
11 36 06 174 36 2024 4 5 21 15 30
11 45 40 216 25 2024 4 5 21 15 30
07 21 23 152 19 2024 4 5 21 15 30
12 21 23 152 26 2024 4 5 21 15 30
01 05 24 178 21 2024 4 5 21 15 31
01 12 74 269 10 2024 4 5 21 15 31
01 20 53 151 27 2024 4 5 21 15 31
01 24 08 217 35 2024 4 5 21 15 31
01 29 13 288 11 2024 4 5 21 15 31
08 24 08 217 26 2024 4 5 21 15 31
02 65 14 122 17 2024 4 5 21 15 31
02 77 18 180 18 2024 4 5 21 15 31
02 78 60 241 24 2024 4 5 21 15 31
02 81 29 270 21 2024 4 5 21 15 31
06 19 11 153 26 2024 4 5 21 15 31
06 20 27 106 27 2024 4 5 21 15 31
06 36 06 174 35 2024 4 5 21 15 31
06 45 40 216 29 2024 4 5 21 15 31
10 19 11 153 29 2024 4 5 21 15 31
10 20 27 106 16 2024 4 5 21 15 31
10 36 06 174 33 2024 4 5 21 15 31
10 45 40 216 21 2024 4 5 21 15 31
11 19 11 153 33 2024 4 5 21 15 31
11 20 27 106 19 2024 4 5 21 15 31
11 36 06 174 36 2024 4 5 21 15 31
11 45 40 216 25 2024 4 5 21 15 31
07 21 23 152 19 2024 4 5 21 15 31
12 21 23 152 25 2024 4 5 21 15 31
01 05 24 178 23 2024 4 5 21 15 32
01 12 74 269 14 2024 4 5 21 15 32
01 20 53 151 27 2024 4 5 21 15 32
01 24 08 217 35 2024 4 5 21 15 32
01 29 13 288 10 2024 4 5 21 15 32
08 24 08 217 27 2024 4 5 21 15 32
02 65 14 122 17 2024 4 5 21 15 32
02 77 18 180 18 2024 4 5 21 15 32
02 78 60 241 24 2024 4 5 21 15 32
02 81 29 270 20 2024 4 5 21 15 32
06 19 11 153 26 2024 4 5 21 15 32
06 20 27 106 28 2024 4 5 21 15 32
06 36 06 174 35 2024 4 5 21 15 32
06 45 40 216 29 2024 4 5 21 15 32
10 19 11 153 29 2024 4 5 21 15 32
10 20 27 106 13 2024 4 5 21 15 32
10 36 06 174 33 2024 4 5 21 15 32
10 45 40 216 21 2024 4 5 21 15 32
11 19 11 153 33 2024 4 5 21 15 32
11 20 27 106 19 2024 4 5 21 15 32
11 36 06 174 36 2024 4 5 21 15 32
11 45 40 216 25 2024 4 5 21 15 32
07 21 23 152 20 2024 4 5 21 15 32
12 21 23 152 25 2024 4 5 21 15 32
01 05 24 178 25 2024 4 5 21 15 33
01 12 74 269 11 2024 4 5 21 15 33
01 20 53 151 27 2024 4 5 21 15 33
01 24 08 217 36 2024 4 5 21 15 33
01 29 13 288 10 2024 4 5 21 15 33
08 24 08 217 26 2024 4 5 21 15 33
02 65 14 122 16 2024 4 5 21 15 33
02 77 18 180 18 2024 4 5 21 15 33
02 78 60 241 22 2024 4 5 21 15 33
02 81 29 270 19 2024 4 5 21 15 33
06 19 11 153 27 2024 4 5 21 15 33
06 20 27 106 27 2024 4 5 21 15 33
06 36 06 174 34 2024 4 5 21 15 33
06 45 40 216 29 2024 4 5 21 15 33
10 19 11 153 29 2024 4 5 21 15 33
10 20 27 106 09 2024 4 5 21 15 33
10 36 06 174 33 2024 4 5 21 15 33
10 45 40 216 20 2024 4 5 21 15 33
11 19 11 153 33 2024 4 5 21 15 33
11 20 27 106 19 2024 4 5 21 15 33
11 36 06 174 36 2024 4 5 21 15 33
11 45 40 216 25 2024 4 5 21 15 33
07 21 23 152 21 2024 4 5 21 15 33
12 21 23 152 26 2024 4 5 21 15 33
01 05 24 178 26 2024 4 5 21 15 34
01 12 74 269 14 2024 4 5 21 15 34
01 20 53 151 28 2024 4 5 21 15 34
01 24 08 217 35 2024 4 5 21 15 34
01 29 13 288 08 2024 4 5 21 15 34
08 24 08 217 26 2024 4 5 21 15 34
02 65 14 122 16 2024 4 5 21 15 34
02 77 18 180 18 2024 4 5 21 15 34
02 78 60 241 20 2024 4 5 21 15 34
02 81 29 270 19 2024 4 5 21 15 34
06 19 11 153 28 2024 4 5 21 15 34
06 20 27 106 27 2024 4 5 21 15 34
06 36 06 174 34 2024 4 5 21 15 34
06 45 40 216 29 2024 4 5 21 15 34
10 19 11 153 28 2024 4 5 21 15 34
10 20 27 106 15 2024 4 5 21 15 34
10 36 06 174 33 2024 4 5 21 15 34
10 45 40 216 19 2024 4 5 21 15 34
11 19 11 153 33 2024 4 5 21 15 34
11 20 27 106 19 2024 4 5 21 15 34
11 36 06 174 36 2024 4 5 21 15 34
11 45 40 216 25 2024 4 5 21 15 34
07 21 23 152 21 2024 4 5 21 15 34
12 21 23 152 25 2024 4 5 21 15 34
01 05 24 178 27 2024 4 5 21 15 35
01 12 74 268 13 2024 4 5 21 15 35
01 20 53 151 27 2024 4 5 21 15 35
01 24 08 217 35 2024 4 5 21 15 35
01 29 13 288 15 2024 4 5 21 15 35
08 24 08 217 25 2024 4 5 21 15 35
02 65 14 122 16 2024 4 5 21 15 35
02 77 18 180 18 2024 4 5 21 15 35
02 78 60 241 21 2024 4 5 21 15 35
02 81 29 270 16 2024 4 5 21 15 35
06 19 11 153 27 2024 4 5 21 15 35
06 20 27 106 26 2024 4 5 21 15 35
06 36 06 174 34 2024 4 5 21 15 35
06 45 40 216 30 2024 4 5 21 15 35
10 19 11 153 28 2024 4 5 21 15 35
10 20 27 106 17 2024 4 5 21 15 35
10 36 06 174 33 2024 4 5 21 15 35
10 45 40 216 16 2024 4 5 21 15 35
11 19 11 153 33 2024 4 5 21 15 35
11 20 27 106 19 2024 4 5 21 15 35
11 36 06 174 36 2024 4 5 21 15 35
11 45 40 216 25 2024 4 5 21 15 35
07 21 23 152 21 2024 4 5 21 15 35
12 21 23 152 25 2024 4 5 21 15 35
01 05 24 178 27 2024 4 5 21 15 36
01 12 74 268 02 2024 4 5 21 15 36
01 20 53 151 25 2024 4 5 21 15 36
01 24 08 217 34 2024 4 5 21 15 36
01 29 13 288 13 2024 4 5 21 15 36
08 24 08 217 25 2024 4 5 21 15 36
02 65 14 122 17 2024 4 5 21 15 36
02 77 18 180 18 2024 4 5 21 15 36
02 78 60 241 19 2024 4 5 21 15 36
02 81 29 270 16 2024 4 5 21 15 36
06 19 11 153 27 2024 4 5 21 15 36
06 20 27 106 25 2024 4 5 21 15 36
06 36 06 174 33 2024 4 5 21 15 36
06 45 40 216 31 2024 4 5 21 15 36
10 19 11 153 28 2024 4 5 21 15 36
10 20 27 106 16 2024 4 5 21 15 36
10 36 06 174 33 2024 4 5 21 15 36
10 45 40 216 16 2024 4 5 21 15 36
11 19 11 153 33 2024 4 5 21 15 36
11 20 27 106 19 2024 4 5 21 15 36
11 36 06 174 36 2024 4 5 21 15 36
11 45 40 216 25 2024 4 5 21 15 36
07 21 23 152 22 2024 4 5 21 15 36
12 21 23 152 26 2024 4 5 21 15 36
01 05 24 178 28 2024 4 5 21 15 37
01 12 74 268 10 2024 4 5 21 15 37
01 20 53 151 24 2024 4 5 21 15 37
01 24 08 217 34 2024 4 5 21 15 37
01 29 13 288 11 2024 4 5 21 15 37
08 24 08 217 25 2024 4 5 21 15 37
02 65 14 122 17 2024 4 5 21 15 37
02 77 18 180 18 2024 4 5 21 15 37
02 78 60 241 16 2024 4 5 21 15 37
02 81 29 270 15 2024 4 5 21 15 37
06 19 11 153 28 2024 4 5 21 15 37
06 20 27 106 25 2024 4 5 21 15 37
06 36 06 174 33 2024 4 5 21 15 37
06 45 40 216 31 2024 4 5 21 15 37
10 19 11 153 28 2024 4 5 21 15 37
10 20 27 106 13 2024 4 5 21 15 37
10 36 06 174 34 2024 4 5 21 15 37
10 45 40 216 18 2024 4 5 21 15 37
11 19 11 153 33 2024 4 5 21 15 37
11 20 27 106 19 2024 4 5 21 15 37
11 36 06 174 36 2024 4 5 21 15 37
11 45 40 216 25 2024 4 5 21 15 37
07 21 23 152 22 2024 4 5 21 15 37
12 21 23 152 26 2024 4 5 21 15 37
01 05 24 178 28 2024 4 5 21 15 38
01 20 53 151 23 2024 4 5 21 15 38
01 24 08 217 35 2024 4 5 21 15 38
01 29 13 288 13 2024 4 5 21 15 38
08 24 08 217 27 2024 4 5 21 15 38
02 65 14 122 14 2024 4 5 21 15 38
02 77 18 180 16 2024 4 5 21 15 38
02 78 60 241 14 2024 4 5 21 15 38
02 81 29 270 15 2024 4 5 21 15 38
06 19 12 153 28 2024 4 5 21 15 38
06 20 27 105 24 2024 4 5 21 15 38
06 36 06 174 32 2024 4 5 21 15 38
06 45 40 216 30 2024 4 5 21 15 38
10 19 12 153 28 2024 4 5 21 15 38
10 20 27 105 16 2024 4 5 21 15 38
10 36 06 174 33 2024 4 5 21 15 38
10 45 40 216 19 2024 4 5 21 15 38
11 19 12 153 33 2024 4 5 21 15 38
11 20 27 105 19 2024 4 5 21 15 38
11 36 06 174 36 2024 4 5 21 15 38
11 45 40 216 26 2024 4 5 21 15 38
07 21 23 152 22 2024 4 5 21 15 38
12 21 23 152 25 2024 4 5 21 15 38
01 05 24 178 28 2024 4 5 21 15 39
01 12 74 268 10 2024 4 5 21 15 39
01 20 53 151 24 2024 4 5 21 15 39
01 24 08 217 35 2024 4 5 21 15 39
01 29 13 288 09 2024 4 5 21 15 39
08 24 08 217 27 2024 4 5 21 15 39
02 65 14 122 13 2024 4 5 21 15 39
02 77 18 180 17 2024 4 5 21 15 39
02 78 60 241 20 2024 4 5 21 15 39
02 81 29 270 15 2024 4 5 21 15 39
06 19 12 153 29 2024 4 5 21 15 39
06 20 27 105 25 2024 4 5 21 15 39
06 36 06 174 32 2024 4 5 21 15 39
06 45 40 216 31 2024 4 5 21 15 39
10 19 12 153 28 2024 4 5 21 15 39
10 20 27 105 16 2024 4 5 21 15 39
10 36 06 174 33 2024 4 5 21 15 39
10 45 40 216 22 2024 4 5 21 15 39
11 19 12 153 33 2024 4 5 21 15 39
11 20 27 105 19 2024 4 5 21 15 39
11 36 06 174 36 2024 4 5 21 15 39
11 45 40 216 26 2024 4 5 21 15 39
07 21 23 152 22 2024 4 5 21 15 39
12 21 23 152 25 2024 4 5 21 15 39
01 05 24 178 28 2024 4 5 21 15 40
01 12 74 268 11 2024 4 5 21 15 40
01 20 53 151 24 2024 4 5 21 15 40
01 24 08 217 35 2024 4 5 21 15 40
01 29 13 288 09 2024 4 5 21 15 40
08 24 08 217 27 2024 4 5 21 15 40
02 65 14 122 09 2024 4 5 21 15 40
02 77 18 180 16 2024 4 5 21 15 40
02 78 60 241 23 2024 4 5 21 15 40
02 81 29 270 13 2024 4 5 21 15 40
06 19 12 153 28 2024 4 5 21 15 40
06 20 27 105 24 2024 4 5 21 15 40
06 36 06 174 32 2024 4 5 21 15 40
06 45 40 216 31 2024 4 5 21 15 40
10 19 12 153 27 2024 4 5 21 15 40
10 20 27 105 11 2024 4 5 21 15 40
10 36 06 174 33 2024 4 5 21 15 40
10 45 40 216 23 2024 4 5 21 15 40
11 19 12 153 33 2024 4 5 21 15 40
11 20 27 105 19 2024 4 5 21 15 40
11 36 06 174 37 2024 4 5 21 15 40
11 45 40 216 25 2024 4 5 21 15 40
07 21 23 152 22 2024 4 5 21 15 40
12 21 23 152 25 2024 4 5 21 15 40
01 05 24 178 30 2024 4 5 21 15 41
01 12 74 268 13 2024 4 5 21 15 41
01 20 53 151 25 2024 4 5 21 15 41
01 24 08 217 35 2024 4 5 21 15 41
01 29 13 288 10 2024 4 5 21 15 41
08 24 08 217 27 2024 4 5 21 15 41
02 65 14 122 08 2024 4 5 21 15 41
02 77 18 180 17 2024 4 5 21 15 41
02 78 60 241 23 2024 4 5 21 15 41
02 81 29 270 14 2024 4 5 21 15 41
06 19 12 153 30 2024 4 5 21 15 41
06 20 27 105 26 2024 4 5 21 15 41
06 36 06 174 33 2024 4 5 21 15 41
06 45 40 216 31 2024 4 5 21 15 41
10 19 12 153 27 2024 4 5 21 15 41
10 20 27 105 11 2024 4 5 21 15 41
10 36 06 174 33 2024 4 5 21 15 41
10 45 40 216 24 2024 4 5 21 15 41
11 19 12 153 33 2024 4 5 21 15 41
11 20 27 105 19 2024 4 5 21 15 41
11 36 06 174 37 2024 4 5 21 15 41
11 45 40 216 26 2024 4 5 21 15 41
07 21 23 152 23 2024 4 5 21 15 41
12 21 23 152 25 2024 4 5 21 15 41
01 05 24 178 29 2024 4 5 21 15 42
01 12 74 268 12 2024 4 5 21 15 42
01 20 53 151 26 2024 4 5 21 15 42
01 24 08 217 36 2024 4 5 21 15 42
01 29 13 288 09 2024 4 5 21 15 42
08 24 08 217 26 2024 4 5 21 15 42
02 65 14 122 08 2024 4 5 21 15 42
02 77 18 180 19 2024 4 5 21 15 42
02 78 60 241 22 2024 4 5 21 15 42
02 81 29 270 14 2024 4 5 21 15 42
06 19 12 153 29 2024 4 5 21 15 42
06 20 27 105 27 2024 4 5 21 15 42
06 36 06 174 33 2024 4 5 21 15 42
06 45 40 216 31 2024 4 5 21 15 42
10 19 12 153 27 2024 4 5 21 15 42
10 20 27 105 13 2024 4 5 21 15 42
10 36 06 174 33 2024 4 5 21 15 42
10 45 40 216 24 2024 4 5 21 15 42
11 19 12 153 33 2024 4 5 21 15 42
11 20 27 105 20 2024 4 5 21 15 42
11 36 06 174 37 2024 4 5 21 15 42
11 45 40 216 26 2024 4 5 21 15 42
07 21 23 152 22 2024 4 5 21 15 42
12 21 23 152 27 2024 4 5 21 15 42
01 05 24 178 30 2024 4 5 21 15 43
01 12 74 268 10 2024 4 5 21 15 43
01 20 53 151 25 2024 4 5 21 15 43
01 24 08 217 36 2024 4 5 21 15 43
01 29 13 288 11 2024 4 5 21 15 43
08 24 08 217 25 2024 4 5 21 15 43
02 65 14 122 07 2024 4 5 21 15 43
02 77 18 180 20 2024 4 5 21 15 43
02 78 60 241 23 2024 4 5 21 15 43
02 81 29 270 11 2024 4 5 21 15 43
06 19 12 153 28 2024 4 5 21 15 43
06 20 27 105 27 2024 4 5 21 15 43
06 36 06 174 33 2024 4 5 21 15 43
06 45 40 216 31 2024 4 5 21 15 43
10 19 12 153 28 2024 4 5 21 15 43
10 20 27 105 13 2024 4 5 21 15 43
10 36 06 174 34 2024 4 5 21 15 43
10 45 40 216 25 2024 4 5 21 15 43
11 19 12 153 33 2024 4 5 21 15 43
11 20 27 105 20 2024 4 5 21 15 43
11 36 06 174 37 2024 4 5 21 15 43
11 45 40 216 26 2024 4 5 21 15 43
07 21 23 152 23 2024 4 5 21 15 43
12 21 23 152 26 2024 4 5 21 15 43
01 05 24 178 30 2024 4 5 21 15 44
01 12 74 268 12 2024 4 5 21 15 44
01 20 53 151 25 2024 4 5 21 15 44
01 24 08 217 36 2024 4 5 21 15 44
01 29 13 288 09 2024 4 5 21 15 44
08 24 08 217 26 2024 4 5 21 15 44
02 65 14 122 08 2024 4 5 21 15 44
02 77 18 180 20 2024 4 5 21 15 44
02 78 60 241 21 2024 4 5 21 15 44
02 81 29 270 13 2024 4 5 21 15 44
06 19 12 153 29 2024 4 5 21 15 44
06 20 27 105 27 2024 4 5 21 15 44
06 36 06 174 33 2024 4 5 21 15 44
06 45 40 216 31 2024 4 5 21 15 44
10 19 12 153 27 2024 4 5 21 15 44
10 20 27 105 13 2024 4 5 21 15 44
10 36 06 174 33 2024 4 5 21 15 44
10 45 40 216 26 2024 4 5 21 15 44
11 19 12 153 33 2024 4 5 21 15 44
11 20 27 105 20 2024 4 5 21 15 44
11 36 06 174 37 2024 4 5 21 15 44
11 45 40 216 26 2024 4 5 21 15 44
07 21 23 152 21 2024 4 5 21 15 44
12 21 23 152 26 2024 4 5 21 15 44
01 05 24 178 29 2024 4 5 21 15 45
01 20 53 151 23 2024 4 5 21 15 45
01 24 08 217 35 2024 4 5 21 15 45
01 29 13 288 11 2024 4 5 21 15 45
08 24 08 217 25 2024 4 5 21 15 45
02 65 14 122 06 2024 4 5 21 15 45
02 77 18 180 21 2024 4 5 21 15 45
02 78 60 241 24 2024 4 5 21 15 45
02 81 29 270 15 2024 4 5 21 15 45
06 19 12 153 28 2024 4 5 21 15 45
06 20 27 105 26 2024 4 5 21 15 45
06 36 06 174 33 2024 4 5 21 15 45
06 45 40 216 31 2024 4 5 21 15 45
10 19 12 153 26 2024 4 5 21 15 45
10 20 27 105 13 2024 4 5 21 15 45
10 36 06 174 33 2024 4 5 21 15 45
10 45 40 216 26 2024 4 5 21 15 45
11 19 12 153 33 2024 4 5 21 15 45
11 20 27 105 20 2024 4 5 21 15 45
11 36 06 174 37 2024 4 5 21 15 45
11 45 40 216 26 2024 4 5 21 15 45
07 21 23 152 19 2024 4 5 21 15 45
12 21 23 152 26 2024 4 5 21 15 45
01 05 24 178 29 2024 4 5 21 15 46
01 12 74 268 04 2024 4 5 21 15 46
01 20 53 151 26 2024 4 5 21 15 46
01 24 08 217 35 2024 4 5 21 15 46
01 29 13 288 11 2024 4 5 21 15 46
08 24 08 217 26 2024 4 5 21 15 46
02 65 14 122 08 2024 4 5 21 15 46
02 77 18 180 22 2024 4 5 21 15 46
02 78 60 241 23 2024 4 5 21 15 46
02 81 29 270 19 2024 4 5 21 15 46
06 19 12 153 28 2024 4 5 21 15 46
06 20 27 105 26 2024 4 5 21 15 46
06 36 06 174 32 2024 4 5 21 15 46
06 45 40 216 31 2024 4 5 21 15 46
10 19 12 153 25 2024 4 5 21 15 46
10 20 27 105 13 2024 4 5 21 15 46
10 36 06 174 33 2024 4 5 21 15 46
10 45 40 216 27 2024 4 5 21 15 46
11 19 12 153 33 2024 4 5 21 15 46
11 20 27 105 20 2024 4 5 21 15 46
11 36 06 174 37 2024 4 5 21 15 46
11 45 40 216 26 2024 4 5 21 15 46
07 21 23 152 17 2024 4 5 21 15 46
12 21 23 152 26 2024 4 5 21 15 46
01 05 24 178 29 2024 4 5 21 15 47
01 12 74 268 10 2024 4 5 21 15 47
01 20 53 151 26 2024 4 5 21 15 47
01 24 08 217 35 2024 4 5 21 15 47
01 29 13 288 11 2024 4 5 21 15 47
08 24 08 217 26 2024 4 5 21 15 47
02 65 14 122 13 2024 4 5 21 15 47
02 77 18 180 21 2024 4 5 21 15 47
02 78 60 241 23 2024 4 5 21 15 47
02 81 29 270 21 2024 4 5 21 15 47
06 19 12 153 27 2024 4 5 21 15 47
06 20 27 105 25 2024 4 5 21 15 47
06 36 06 174 33 2024 4 5 21 15 47
06 45 40 216 30 2024 4 5 21 15 47
10 19 12 153 25 2024 4 5 21 15 47
10 20 27 105 14 2024 4 5 21 15 47
10 36 06 174 33 2024 4 5 21 15 47
10 45 40 216 27 2024 4 5 21 15 47
11 19 12 153 33 2024 4 5 21 15 47
11 20 27 105 21 2024 4 5 21 15 47
11 36 06 174 37 2024 4 5 21 15 47
11 45 40 216 26 2024 4 5 21 15 47
07 21 23 152 17 2024 4 5 21 15 47
12 21 23 152 25 2024 4 5 21 15 47
01 05 24 178 29 2024 4 5 21 15 48
01 12 74 268 12 2024 4 5 21 15 48
01 20 53 151 27 2024 4 5 21 15 48
01 24 08 217 35 2024 4 5 21 15 48
01 29 14 288 15 2024 4 5 21 15 48
08 24 08 217 27 2024 4 5 21 15 48
02 65 14 122 18 2024 4 5 21 15 48
02 77 18 180 21 2024 4 5 21 15 48
02 78 60 241 24 2024 4 5 21 15 48
02 81 29 270 23 2024 4 5 21 15 48
06 19 12 153 28 2024 4 5 21 15 48
06 20 27 105 26 2024 4 5 21 15 48
06 36 06 174 32 2024 4 5 21 15 48
06 45 40 216 30 2024 4 5 21 15 48
10 19 12 153 25 2024 4 5 21 15 48
10 20 27 105 13 2024 4 5 21 15 48
10 36 06 174 33 2024 4 5 21 15 48
10 45 40 216 27 2024 4 5 21 15 48
11 19 12 153 33 2024 4 5 21 15 48
11 20 27 105 21 2024 4 5 21 15 48
11 36 06 174 37 2024 4 5 21 15 48
11 45 40 216 26 2024 4 5 21 15 48
07 21 23 152 17 2024 4 5 21 15 48
12 21 23 152 25 2024 4 5 21 15 48
01 05 24 178 28 2024 4 5 21 15 49
01 12 74 268 13 2024 4 5 21 15 49
01 19 20 089 13 2024 4 5 21 15 49
01 20 53 151 27 2024 4 5 21 15 49
01 24 08 217 35 2024 4 5 21 15 49
01 29 14 288 16 2024 4 5 21 15 49
08 24 08 217 26 2024 4 5 21 15 49
02 65 14 122 18 2024 4 5 21 15 49
02 77 18 180 21 2024 4 5 21 15 49
02 78 60 241 22 2024 4 5 21 15 49
02 81 29 270 23 2024 4 5 21 15 49
06 19 12 153 28 2024 4 5 21 15 49
06 20 27 105 25 2024 4 5 21 15 49
06 36 06 174 32 2024 4 5 21 15 49
06 45 40 216 31 2024 4 5 21 15 49
10 19 12 153 25 2024 4 5 21 15 49
10 20 27 105 14 2024 4 5 21 15 49
10 36 06 174 33 2024 4 5 21 15 49
10 45 40 216 27 2024 4 5 21 15 49
11 19 12 153 33 2024 4 5 21 15 49
11 20 27 105 21 2024 4 5 21 15 49
11 36 06 174 37 2024 4 5 21 15 49
11 45 40 216 26 2024 4 5 21 15 49
07 21 23 152 17 2024 4 5 21 15 49
12 21 23 152 26 2024 4 5 21 15 49
01 05 24 178 28 2024 4 5 21 15 50
01 12 74 268 13 2024 4 5 21 15 50
01 19 20 089 20 2024 4 5 21 15 50
01 20 53 151 26 2024 4 5 21 15 50
01 24 08 217 34 2024 4 5 21 15 50
01 29 14 288 13 2024 4 5 21 15 50
08 24 08 217 26 2024 4 5 21 15 50
02 65 14 122 17 2024 4 5 21 15 50
02 77 18 180 21 2024 4 5 21 15 50
02 78 60 241 22 2024 4 5 21 15 50
02 81 29 270 22 2024 4 5 21 15 50
06 19 12 153 27 2024 4 5 21 15 50
06 20 27 105 25 2024 4 5 21 15 50
06 36 06 174 32 2024 4 5 21 15 50
06 45 40 216 31 2024 4 5 21 15 50
10 19 12 153 24 2024 4 5 21 15 50
10 20 27 105 13 2024 4 5 21 15 50
10 36 06 174 32 2024 4 5 21 15 50
10 45 40 216 27 2024 4 5 21 15 50
11 19 12 153 34 2024 4 5 21 15 50
11 20 27 105 21 2024 4 5 21 15 50
11 36 06 174 37 2024 4 5 21 15 50
11 45 40 216 25 2024 4 5 21 15 50
07 21 23 152 18 2024 4 5 21 15 50
12 21 23 152 26 2024 4 5 21 15 50
01 05 24 178 28 2024 4 5 21 15 51
01 12 74 268 05 2024 4 5 21 15 51
01 19 20 089 23 2024 4 5 21 15 51
01 20 53 151 26 2024 4 5 21 15 51
01 24 08 217 34 2024 4 5 21 15 51
01 29 14 288 15 2024 4 5 21 15 51
08 24 08 217 27 2024 4 5 21 15 51
02 65 14 122 18 2024 4 5 21 15 51
02 77 18 180 20 2024 4 5 21 15 51
02 78 60 241 20 2024 4 5 21 15 51
02 81 29 270 21 2024 4 5 21 15 51
06 19 12 153 28 2024 4 5 21 15 51
06 20 27 105 25 2024 4 5 21 15 51
06 36 06 174 31 2024 4 5 21 15 51
06 45 40 216 30 2024 4 5 21 15 51
10 19 12 153 25 2024 4 5 21 15 51
10 20 27 105 13 2024 4 5 21 15 51
10 36 06 174 32 2024 4 5 21 15 51
10 45 40 216 26 2024 4 5 21 15 51
11 19 12 153 34 2024 4 5 21 15 51
11 20 27 105 21 2024 4 5 21 15 51
11 36 06 174 37 2024 4 5 21 15 51
11 45 40 216 25 2024 4 5 21 15 51
07 21 23 152 18 2024 4 5 21 15 51
12 21 23 152 25 2024 4 5 21 15 51
01 05 24 178 30 2024 4 5 21 15 52
01 12 74 268 11 2024 4 5 21 15 52
01 19 20 089 22 2024 4 5 21 15 52
01 20 53 151 26 2024 4 5 21 15 52
01 24 08 217 34 2024 4 5 21 15 52
01 29 14 288 17 2024 4 5 21 15 52
08 24 08 217 26 2024 4 5 21 15 52
02 65 14 122 18 2024 4 5 21 15 52
02 77 18 180 20 2024 4 5 21 15 52
02 78 60 241 18 2024 4 5 21 15 52
02 81 29 270 21 2024 4 5 21 15 52
06 19 12 153 24 2024 4 5 21 15 52
06 20 27 105 24 2024 4 5 21 15 52
06 36 06 174 31 2024 4 5 21 15 52
06 45 40 216 29 2024 4 5 21 15 52
10 19 12 153 25 2024 4 5 21 15 52
10 20 27 105 12 2024 4 5 21 15 52
10 36 06 174 32 2024 4 5 21 15 52
10 45 40 216 25 2024 4 5 21 15 52
11 19 12 153 33 2024 4 5 21 15 52
11 20 27 105 22 2024 4 5 21 15 52
11 36 06 174 37 2024 4 5 21 15 52
11 45 40 216 26 2024 4 5 21 15 52
07 21 23 152 18 2024 4 5 21 15 52
12 21 23 152 27 2024 4 5 21 15 52
01 05 24 178 30 2024 4 5 21 15 53
01 12 74 268 04 2024 4 5 21 15 53
01 19 20 089 21 2024 4 5 21 15 53
01 20 53 151 26 2024 4 5 21 15 53
01 24 08 217 34 2024 4 5 21 15 53
01 29 14 288 16 2024 4 5 21 15 53
08 24 08 217 26 2024 4 5 21 15 53
02 65 14 122 20 2024 4 5 21 15 53
02 77 18 180 20 2024 4 5 21 15 53
02 78 60 241 17 2024 4 5 21 15 53
02 81 29 270 22 2024 4 5 21 15 53
06 19 12 153 25 2024 4 5 21 15 53
06 20 27 105 25 2024 4 5 21 15 53
06 36 06 174 31 2024 4 5 21 15 53
06 45 40 216 29 2024 4 5 21 15 53
10 19 12 153 25 2024 4 5 21 15 53
10 20 27 105 15 2024 4 5 21 15 53
10 36 06 174 32 2024 4 5 21 15 53
10 45 40 216 25 2024 4 5 21 15 53
11 19 12 153 33 2024 4 5 21 15 53
11 20 27 105 22 2024 4 5 21 15 53
11 36 06 174 37 2024 4 5 21 15 53
11 45 40 216 26 2024 4 5 21 15 53
07 21 23 152 18 2024 4 5 21 15 53
12 21 23 152 26 2024 4 5 21 15 53
01 05 24 178 29 2024 4 5 21 15 54
01 12 74 268 12 2024 4 5 21 15 54
01 19 20 089 20 2024 4 5 21 15 54
01 20 53 151 27 2024 4 5 21 15 54
01 24 08 217 34 2024 4 5 21 15 54
01 29 14 288 17 2024 4 5 21 15 54
08 24 08 217 26 2024 4 5 21 15 54
02 65 14 122 21 2024 4 5 21 15 54
02 77 18 180 20 2024 4 5 21 15 54
02 78 60 241 11 2024 4 5 21 15 54
02 81 29 270 20 2024 4 5 21 15 54
06 19 12 153 26 2024 4 5 21 15 54
06 20 27 105 26 2024 4 5 21 15 54
06 36 06 174 31 2024 4 5 21 15 54
06 45 40 216 29 2024 4 5 21 15 54
10 19 12 153 26 2024 4 5 21 15 54
10 20 27 105 08 2024 4 5 21 15 54
10 36 06 174 32 2024 4 5 21 15 54
10 45 40 216 25 2024 4 5 21 15 54
11 19 12 153 33 2024 4 5 21 15 54
11 20 27 105 22 2024 4 5 21 15 54
11 36 06 174 37 2024 4 5 21 15 54
11 45 40 216 25 2024 4 5 21 15 54
07 21 23 152 17 2024 4 5 21 15 54
12 21 23 152 26 2024 4 5 21 15 54
01 05 24 178 29 2024 4 5 21 15 55
01 12 74 268 04 2024 4 5 21 15 55
01 19 20 089 18 2024 4 5 21 15 55
01 20 53 151 26 2024 4 5 21 15 55
01 24 08 217 33 2024 4 5 21 15 55
01 29 14 288 17 2024 4 5 21 15 55
08 24 08 217 23 2024 4 5 21 15 55
02 65 14 122 18 2024 4 5 21 15 55
02 77 18 180 20 2024 4 5 21 15 55
02 78 60 241 08 2024 4 5 21 15 55
02 81 29 270 18 2024 4 5 21 15 55
06 19 12 153 24 2024 4 5 21 15 55
06 20 27 105 26 2024 4 5 21 15 55
06 36 06 174 32 2024 4 5 21 15 55
06 45 40 216 30 2024 4 5 21 15 55
10 19 12 153 26 2024 4 5 21 15 55
10 20 27 105 07 2024 4 5 21 15 55
10 36 06 174 32 2024 4 5 21 15 55
10 45 40 216 25 2024 4 5 21 15 55
11 19 12 153 33 2024 4 5 21 15 55
11 20 27 105 22 2024 4 5 21 15 55
11 36 06 174 37 2024 4 5 21 15 55
11 45 40 216 25 2024 4 5 21 15 55
07 21 23 152 19 2024 4 5 21 15 55
12 21 23 152 25 2024 4 5 21 15 55
01 05 24 178 29 2024 4 5 21 15 56
01 12 74 268 12 2024 4 5 21 15 56
01 19 20 089 14 2024 4 5 21 15 56
01 20 53 151 26 2024 4 5 21 15 56
01 24 08 217 33 2024 4 5 21 15 56
01 29 14 288 16 2024 4 5 21 15 56
08 24 08 217 24 2024 4 5 21 15 56
02 65 14 122 17 2024 4 5 21 15 56
02 77 18 180 20 2024 4 5 21 15 56
02 78 60 241 13 2024 4 5 21 15 56
02 81 29 270 15 2024 4 5 21 15 56
06 19 12 153 24 2024 4 5 21 15 56
06 20 27 105 26 2024 4 5 21 15 56
06 36 06 174 31 2024 4 5 21 15 56
06 45 40 216 31 2024 4 5 21 15 56
10 19 12 153 26 2024 4 5 21 15 56
10 20 27 105 15 2024 4 5 21 15 56
10 36 06 174 32 2024 4 5 21 15 56
10 45 40 216 24 2024 4 5 21 15 56
11 19 12 153 33 2024 4 5 21 15 56
11 20 27 105 21 2024 4 5 21 15 56
11 36 06 174 37 2024 4 5 21 15 56
11 45 40 216 25 2024 4 5 21 15 56
07 21 23 152 20 2024 4 5 21 15 56
12 21 23 152 26 2024 4 5 21 15 56
01 05 24 178 29 2024 4 5 21 15 57
01 12 74 268 13 2024 4 5 21 15 57
01 19 20 089 12 2024 4 5 21 15 57
01 20 53 151 26 2024 4 5 21 15 57
01 24 08 217 33 2024 4 5 21 15 57
01 29 14 288 18 2024 4 5 21 15 57
08 24 08 217 25 2024 4 5 21 15 57
02 65 14 122 16 2024 4 5 21 15 57
02 77 18 180 20 2024 4 5 21 15 57
02 78 60 241 15 2024 4 5 21 15 57
02 81 29 270 17 2024 4 5 21 15 57
06 19 12 153 25 2024 4 5 21 15 57
06 20 27 105 28 2024 4 5 21 15 57
06 36 06 174 30 2024 4 5 21 15 57
06 45 40 216 30 2024 4 5 21 15 57
10 19 12 153 27 2024 4 5 21 15 57
10 20 27 105 14 2024 4 5 21 15 57
10 36 06 174 31 2024 4 5 21 15 57
10 45 40 216 22 2024 4 5 21 15 57
11 19 12 153 33 2024 4 5 21 15 57
11 20 27 105 21 2024 4 5 21 15 57
11 36 06 174 37 2024 4 5 21 15 57
11 45 40 216 24 2024 4 5 21 15 57
07 21 23 152 20 2024 4 5 21 15 57
12 21 23 152 25 2024 4 5 21 15 57
01 05 24 178 29 2024 4 5 21 15 58
01 12 74 268 08 2024 4 5 21 15 58
01 19 20 089 11 2024 4 5 21 15 58
01 20 53 151 25 2024 4 5 21 15 58
01 24 08 217 33 2024 4 5 21 15 58
01 29 14 288 18 2024 4 5 21 15 58
08 24 08 217 24 2024 4 5 21 15 58
02 65 14 122 18 2024 4 5 21 15 58
02 77 18 180 21 2024 4 5 21 15 58
02 78 60 241 20 2024 4 5 21 15 58
02 81 29 270 18 2024 4 5 21 15 58
06 19 12 153 26 2024 4 5 21 15 58
06 20 27 105 29 2024 4 5 21 15 58
06 36 06 174 28 2024 4 5 21 15 58
06 45 40 216 31 2024 4 5 21 15 58
10 19 12 153 26 2024 4 5 21 15 58
10 20 27 105 11 2024 4 5 21 15 58
10 36 06 174 32 2024 4 5 21 15 58
10 45 40 216 22 2024 4 5 21 15 58
11 19 12 153 33 2024 4 5 21 15 58
11 20 27 105 21 2024 4 5 21 15 58
11 36 06 174 37 2024 4 5 21 15 58
11 45 40 216 24 2024 4 5 21 15 58
07 21 23 152 19 2024 4 5 21 15 58
12 21 23 152 24 2024 4 5 21 15 58
01 05 24 178 29 2024 4 5 21 15 59
01 12 74 268 12 2024 4 5 21 15 59
01 19 20 089 13 2024 4 5 21 15 59
01 20 53 151 27 2024 4 5 21 15 59
01 24 08 217 33 2024 4 5 21 15 59
01 29 14 288 19 2024 4 5 21 15 59
08 24 08 217 24 2024 4 5 21 15 59
02 65 14 122 20 2024 4 5 21 15 59
02 77 18 180 21 2024 4 5 21 15 59
02 78 60 241 20 2024 4 5 21 15 59
02 81 29 270 17 2024 4 5 21 15 59
06 19 12 153 27 2024 4 5 21 15 59
06 20 27 105 29 2024 4 5 21 15 59
06 36 06 174 28 2024 4 5 21 15 59
06 45 40 216 32 2024 4 5 21 15 59
10 19 12 153 27 2024 4 5 21 15 59
10 20 27 105 14 2024 4 5 21 15 59
10 36 06 174 32 2024 4 5 21 15 59
10 45 40 216 22 2024 4 5 21 15 59
11 19 12 153 33 2024 4 5 21 15 59
11 20 27 105 21 2024 4 5 21 15 59
11 36 06 174 38 2024 4 5 21 15 59
11 45 40 216 24 2024 4 5 21 15 59
07 21 23 152 18 2024 4 5 21 15 59
12 21 23 152 25 2024 4 5 21 15 59
01 05 24 178 30 2024 4 5 21 16 0
01 12 74 268 13 2024 4 5 21 16 0
01 19 20 089 15 2024 4 5 21 16 0
01 20 53 151 25 2024 4 5 21 16 0
01 24 08 217 32 2024 4 5 21 16 0
01 29 14 288 19 2024 4 5 21 16 0
08 24 08 217 24 2024 4 5 21 16 0
02 65 14 122 19 2024 4 5 21 16 0
02 77 18 180 21 2024 4 5 21 16 0
02 78 60 241 20 2024 4 5 21 16 0
02 81 29 270 18 2024 4 5 21 16 0
06 19 12 153 27 2024 4 5 21 16 0
06 20 27 105 30 2024 4 5 21 16 0
06 36 06 174 27 2024 4 5 21 16 0
06 45 40 216 31 2024 4 5 21 16 0
10 19 12 153 27 2024 4 5 21 16 0
10 20 27 105 08 2024 4 5 21 16 0
10 36 06 174 31 2024 4 5 21 16 0
10 45 40 216 21 2024 4 5 21 16 0
11 19 12 153 33 2024 4 5 21 16 0
11 20 27 105 20 2024 4 5 21 16 0
11 36 06 174 38 2024 4 5 21 16 0
11 45 40 216 25 2024 4 5 21 16 0
07 21 23 152 17 2024 4 5 21 16 0
12 21 23 152 26 2024 4 5 21 16 0
01 05 24 178 29 2024 4 5 21 16 1
01 12 74 268 14 2024 4 5 21 16 1
01 19 20 089 13 2024 4 5 21 16 1
01 20 53 151 24 2024 4 5 21 16 1
01 24 08 217 32 2024 4 5 21 16 1
01 29 14 288 16 2024 4 5 21 16 1
08 24 08 217 24 2024 4 5 21 16 1
02 65 14 122 21 2024 4 5 21 16 1
02 77 18 180 22 2024 4 5 21 16 1
02 78 60 241 16 2024 4 5 21 16 1
02 81 29 270 19 2024 4 5 21 16 1
06 19 12 153 27 2024 4 5 21 16 1
06 20 27 105 30 2024 4 5 21 16 1
06 36 06 174 27 2024 4 5 21 16 1
06 45 40 216 32 2024 4 5 21 16 1
10 19 12 153 27 2024 4 5 21 16 1
10 20 27 105 12 2024 4 5 21 16 1
10 36 06 174 31 2024 4 5 21 16 1
10 45 40 216 21 2024 4 5 21 16 1
11 19 12 153 33 2024 4 5 21 16 1
11 20 27 105 21 2024 4 5 21 16 1
11 36 06 174 37 2024 4 5 21 16 1
11 45 40 216 24 2024 4 5 21 16 1
07 21 23 152 17 2024 4 5 21 16 1
12 21 23 152 26 2024 4 5 21 16 1
01 05 24 178 29 2024 4 5 21 16 2
01 12 74 268 15 2024 4 5 21 16 2
01 19 20 089 08 2024 4 5 21 16 2
01 20 53 151 23 2024 4 5 21 16 2
01 24 08 217 32 2024 4 5 21 16 2
01 29 14 288 15 2024 4 5 21 16 2
08 24 08 217 24 2024 4 5 21 16 2
02 65 14 122 22 2024 4 5 21 16 2
02 77 18 180 22 2024 4 5 21 16 2
02 78 60 241 14 2024 4 5 21 16 2
02 81 29 270 20 2024 4 5 21 16 2
06 19 12 153 27 2024 4 5 21 16 2
06 20 27 105 30 2024 4 5 21 16 2
06 36 06 174 26 2024 4 5 21 16 2
06 45 40 216 31 2024 4 5 21 16 2
10 19 12 153 27 2024 4 5 21 16 2
10 20 27 105 10 2024 4 5 21 16 2
10 36 06 174 31 2024 4 5 21 16 2
10 45 40 216 20 2024 4 5 21 16 2
11 19 12 153 33 2024 4 5 21 16 2
11 20 27 105 21 2024 4 5 21 16 2
11 36 06 174 38 2024 4 5 21 16 2
11 45 40 216 24 2024 4 5 21 16 2
07 21 23 152 15 2024 4 5 21 16 2
12 21 23 152 26 2024 4 5 21 16 2
01 05 24 178 30 2024 4 5 21 16 3
01 12 74 268 14 2024 4 5 21 16 3
01 19 20 089 10 2024 4 5 21 16 3
01 20 53 151 24 2024 4 5 21 16 3
01 24 08 217 32 2024 4 5 21 16 3
01 29 14 288 14 2024 4 5 21 16 3
08 24 08 217 24 2024 4 5 21 16 3
02 65 14 122 22 2024 4 5 21 16 3
02 77 18 180 23 2024 4 5 21 16 3
02 78 60 241 14 2024 4 5 21 16 3
02 81 29 270 19 2024 4 5 21 16 3
06 19 12 153 27 2024 4 5 21 16 3
06 20 27 105 30 2024 4 5 21 16 3
06 36 06 174 27 2024 4 5 21 16 3
06 45 40 216 31 2024 4 5 21 16 3
10 19 12 153 26 2024 4 5 21 16 3
10 20 27 105 12 2024 4 5 21 16 3
10 36 06 174 30 2024 4 5 21 16 3
10 45 40 216 18 2024 4 5 21 16 3
11 19 12 153 33 2024 4 5 21 16 3
11 20 27 105 21 2024 4 5 21 16 3
11 36 06 174 38 2024 4 5 21 16 3
11 45 40 216 24 2024 4 5 21 16 3
07 21 23 152 16 2024 4 5 21 16 3
12 21 23 152 27 2024 4 5 21 16 3
01 05 24 178 31 2024 4 5 21 16 4
01 12 74 268 16 2024 4 5 21 16 4
01 19 20 089 11 2024 4 5 21 16 4
01 20 53 151 25 2024 4 5 21 16 4
01 24 08 217 31 2024 4 5 21 16 4
01 29 14 288 12 2024 4 5 21 16 4
08 24 08 217 24 2024 4 5 21 16 4
02 65 14 122 23 2024 4 5 21 16 4
02 77 18 180 22 2024 4 5 21 16 4
02 78 60 241 17 2024 4 5 21 16 4
02 81 29 270 17 2024 4 5 21 16 4
06 19 12 153 27 2024 4 5 21 16 4
06 20 27 105 29 2024 4 5 21 16 4
06 36 06 174 27 2024 4 5 21 16 4
06 45 40 216 31 2024 4 5 21 16 4
10 19 12 153 26 2024 4 5 21 16 4
10 20 27 105 14 2024 4 5 21 16 4
10 36 06 174 30 2024 4 5 21 16 4
10 45 40 216 16 2024 4 5 21 16 4
11 19 12 153 33 2024 4 5 21 16 4
11 20 27 105 20 2024 4 5 21 16 4
11 36 06 174 38 2024 4 5 21 16 4
11 45 40 216 24 2024 4 5 21 16 4
07 21 23 152 19 2024 4 5 21 16 4
12 21 23 152 26 2024 4 5 21 16 4
01 05 24 178 31 2024 4 5 21 16 5
01 12 74 268 13 2024 4 5 21 16 5
01 19 20 089 10 2024 4 5 21 16 5
01 20 53 151 25 2024 4 5 21 16 5
01 24 08 217 32 2024 4 5 21 16 5
01 29 14 288 07 2024 4 5 21 16 5
08 24 08 217 24 2024 4 5 21 16 5
02 65 14 122 23 2024 4 5 21 16 5
02 77 18 180 23 2024 4 5 21 16 5
02 78 60 241 18 2024 4 5 21 16 5
02 81 29 270 16 2024 4 5 21 16 5
06 19 12 153 27 2024 4 5 21 16 5
06 20 27 105 28 2024 4 5 21 16 5
06 36 06 174 25 2024 4 5 21 16 5
06 45 40 216 32 2024 4 5 21 16 5
10 19 12 153 25 2024 4 5 21 16 5
10 20 27 105 10 2024 4 5 21 16 5
10 36 06 174 30 2024 4 5 21 16 5
10 45 40 216 19 2024 4 5 21 16 5
11 19 12 153 33 2024 4 5 21 16 5
11 20 27 105 20 2024 4 5 21 16 5
11 36 06 174 38 2024 4 5 21 16 5
11 45 40 216 25 2024 4 5 21 16 5
07 21 23 152 21 2024 4 5 21 16 5
12 21 23 152 25 2024 4 5 21 16 5
01 05 24 178 31 2024 4 5 21 16 6
01 12 74 268 16 2024 4 5 21 16 6
01 19 20 089 14 2024 4 5 21 16 6
01 20 53 151 25 2024 4 5 21 16 6
01 24 08 217 32 2024 4 5 21 16 6
01 29 14 288 12 2024 4 5 21 16 6
08 24 08 217 25 2024 4 5 21 16 6
02 65 14 122 22 2024 4 5 21 16 6
02 77 18 180 23 2024 4 5 21 16 6
02 78 60 241 18 2024 4 5 21 16 6
02 81 29 270 15 2024 4 5 21 16 6
06 19 12 153 28 2024 4 5 21 16 6
06 20 27 105 28 2024 4 5 21 16 6
06 36 06 174 27 2024 4 5 21 16 6
06 45 40 216 32 2024 4 5 21 16 6
10 19 12 153 26 2024 4 5 21 16 6
10 20 27 105 10 2024 4 5 21 16 6
10 36 06 174 30 2024 4 5 21 16 6
10 45 40 216 20 2024 4 5 21 16 6
11 19 12 153 33 2024 4 5 21 16 6
11 20 27 105 20 2024 4 5 21 16 6
11 36 06 174 38 2024 4 5 21 16 6
11 45 40 216 24 2024 4 5 21 16 6
07 21 23 152 21 2024 4 5 21 16 6
12 21 23 152 26 2024 4 5 21 16 6
01 05 24 178 30 2024 4 5 21 16 7
01 12 74 268 11 2024 4 5 21 16 7
01 19 20 089 17 2024 4 5 21 16 7
01 20 53 151 25 2024 4 5 21 16 7
01 24 08 217 31 2024 4 5 21 16 7
01 29 14 288 10 2024 4 5 21 16 7
08 24 08 217 24 2024 4 5 21 16 7
02 65 14 122 23 2024 4 5 21 16 7
02 77 18 180 23 2024 4 5 21 16 7
02 78 60 241 15 2024 4 5 21 16 7
02 81 29 270 14 2024 4 5 21 16 7
06 19 12 153 29 2024 4 5 21 16 7
06 20 27 105 28 2024 4 5 21 16 7
06 36 06 174 27 2024 4 5 21 16 7
06 45 40 216 32 2024 4 5 21 16 7
10 19 12 153 26 2024 4 5 21 16 7
10 20 27 105 12 2024 4 5 21 16 7
10 36 06 174 29 2024 4 5 21 16 7
10 45 40 216 21 2024 4 5 21 16 7
11 19 12 153 33 2024 4 5 21 16 7
11 20 27 105 20 2024 4 5 21 16 7
11 36 06 174 38 2024 4 5 21 16 7
11 45 40 216 24 2024 4 5 21 16 7
07 21 23 152 22 2024 4 5 21 16 7
12 21 23 152 26 2024 4 5 21 16 7
01 05 24 178 30 2024 4 5 21 16 8
01 12 74 268 14 2024 4 5 21 16 8
01 19 20 089 19 2024 4 5 21 16 8
01 20 53 151 24 2024 4 5 21 16 8
01 24 08 217 31 2024 4 5 21 16 8
08 24 08 217 24 2024 4 5 21 16 8
02 65 14 122 23 2024 4 5 21 16 8
02 77 18 180 22 2024 4 5 21 16 8
02 78 60 241 07 2024 4 5 21 16 8
02 81 29 270 13 2024 4 5 21 16 8
06 19 12 153 30 2024 4 5 21 16 8
06 20 27 105 28 2024 4 5 21 16 8
06 36 06 174 27 2024 4 5 21 16 8
06 45 40 216 33 2024 4 5 21 16 8
10 19 12 153 25 2024 4 5 21 16 8
10 20 27 105 14 2024 4 5 21 16 8
10 36 06 174 29 2024 4 5 21 16 8
10 45 40 216 21 2024 4 5 21 16 8
11 19 12 153 33 2024 4 5 21 16 8
11 20 27 105 19 2024 4 5 21 16 8
11 36 06 174 38 2024 4 5 21 16 8
11 45 40 216 24 2024 4 5 21 16 8
07 21 23 152 22 2024 4 5 21 16 8
12 21 23 152 26 2024 4 5 21 16 8
01 05 24 178 30 2024 4 5 21 16 9
01 12 74 268 10 2024 4 5 21 16 9
01 19 20 089 20 2024 4 5 21 16 9
01 20 53 151 25 2024 4 5 21 16 9
01 24 08 217 31 2024 4 5 21 16 9
01 29 14 288 10 2024 4 5 21 16 9
08 24 08 217 24 2024 4 5 21 16 9
02 65 14 122 24 2024 4 5 21 16 9
02 77 18 180 23 2024 4 5 21 16 9
02 78 60 241 10 2024 4 5 21 16 9
02 81 29 270 16 2024 4 5 21 16 9
06 19 12 153 29 2024 4 5 21 16 9
06 20 27 105 28 2024 4 5 21 16 9
06 36 06 174 25 2024 4 5 21 16 9
06 45 40 216 33 2024 4 5 21 16 9
10 19 12 153 26 2024 4 5 21 16 9
10 20 27 105 11 2024 4 5 21 16 9
10 36 06 174 29 2024 4 5 21 16 9
10 45 40 216 22 2024 4 5 21 16 9
11 19 12 153 33 2024 4 5 21 16 9
11 20 27 105 20 2024 4 5 21 16 9
11 36 06 174 38 2024 4 5 21 16 9
11 45 40 216 24 2024 4 5 21 16 9
07 21 23 152 23 2024 4 5 21 16 9
12 21 23 152 26 2024 4 5 21 16 9
01 05 24 178 30 2024 4 5 21 16 10
01 12 74 268 13 2024 4 5 21 16 10
01 19 20 089 20 2024 4 5 21 16 10
01 20 53 151 26 2024 4 5 21 16 10
01 24 08 217 30 2024 4 5 21 16 10
01 29 14 288 05 2024 4 5 21 16 10
08 24 08 217 23 2024 4 5 21 16 10
02 65 14 122 23 2024 4 5 21 16 10
02 77 18 180 23 2024 4 5 21 16 10
02 78 60 241 15 2024 4 5 21 16 10
02 81 29 270 20 2024 4 5 21 16 10
06 19 12 153 29 2024 4 5 21 16 10
06 20 27 105 27 2024 4 5 21 16 10
06 36 06 174 27 2024 4 5 21 16 10
06 45 40 216 33 2024 4 5 21 16 10
10 19 12 153 27 2024 4 5 21 16 10
10 20 27 105 15 2024 4 5 21 16 10
10 36 06 174 29 2024 4 5 21 16 10
10 45 40 216 21 2024 4 5 21 16 10
11 19 12 153 33 2024 4 5 21 16 10
11 20 27 105 20 2024 4 5 21 16 10
11 36 06 174 38 2024 4 5 21 16 10
11 45 40 216 24 2024 4 5 21 16 10
07 21 23 152 24 2024 4 5 21 16 10
12 21 23 152 26 2024 4 5 21 16 10
01 05 24 178 30 2024 4 5 21 16 11
01 12 74 268 13 2024 4 5 21 16 11
01 19 20 089 19 2024 4 5 21 16 11
01 20 53 151 26 2024 4 5 21 16 11
01 24 08 217 30 2024 4 5 21 16 11
01 29 14 288 10 2024 4 5 21 16 11
08 24 08 217 23 2024 4 5 21 16 11
02 65 14 122 24 2024 4 5 21 16 11
02 77 18 180 23 2024 4 5 21 16 11
02 78 60 241 15 2024 4 5 21 16 11
02 81 29 270 21 2024 4 5 21 16 11
06 19 12 153 29 2024 4 5 21 16 11
06 20 27 105 27 2024 4 5 21 16 11
06 36 06 174 27 2024 4 5 21 16 11
06 45 40 216 33 2024 4 5 21 16 11
10 19 12 153 26 2024 4 5 21 16 11
10 20 27 105 02 2024 4 5 21 16 11
10 36 06 174 28 2024 4 5 21 16 11
10 45 40 216 21 2024 4 5 21 16 11
11 19 12 153 33 2024 4 5 21 16 11
11 20 27 105 21 2024 4 5 21 16 11
11 36 06 174 38 2024 4 5 21 16 11
11 45 40 216 24 2024 4 5 21 16 11
07 21 23 152 24 2024 4 5 21 16 11
12 21 23 152 27 2024 4 5 21 16 11
01 05 24 178 31 2024 4 5 21 16 12
01 12 74 267 13 2024 4 5 21 16 12
01 19 20 089 20 2024 4 5 21 16 12
01 20 54 151 24 2024 4 5 21 16 12
01 24 08 216 30 2024 4 5 21 16 12
01 29 14 288 05 2024 4 5 21 16 12
08 24 08 216 23 2024 4 5 21 16 12
02 65 14 122 25 2024 4 5 21 16 12
02 77 18 180 23 2024 4 5 21 16 12
02 78 60 241 16 2024 4 5 21 16 12
02 81 29 270 22 2024 4 5 21 16 12
06 19 12 153 30 2024 4 5 21 16 12
06 20 27 105 27 2024 4 5 21 16 12
06 36 06 174 27 2024 4 5 21 16 12
06 45 40 216 34 2024 4 5 21 16 12
10 19 12 153 27 2024 4 5 21 16 12
10 20 27 105 13 2024 4 5 21 16 12
10 36 06 174 28 2024 4 5 21 16 12
10 45 40 216 23 2024 4 5 21 16 12
11 19 12 153 33 2024 4 5 21 16 12
11 20 27 105 20 2024 4 5 21 16 12
11 36 06 174 38 2024 4 5 21 16 12
11 45 40 216 24 2024 4 5 21 16 12
07 21 23 152 25 2024 4 5 21 16 12
12 21 23 152 27 2024 4 5 21 16 12
01 05 24 178 31 2024 4 5 21 16 13
01 12 74 267 15 2024 4 5 21 16 13
01 19 20 089 20 2024 4 5 21 16 13
01 20 54 151 21 2024 4 5 21 16 13
01 24 08 216 30 2024 4 5 21 16 13
01 29 14 288 13 2024 4 5 21 16 13
08 24 08 216 23 2024 4 5 21 16 13
02 65 14 122 25 2024 4 5 21 16 13
02 77 18 180 23 2024 4 5 21 16 13
02 78 60 241 16 2024 4 5 21 16 13
02 81 29 270 22 2024 4 5 21 16 13
06 19 12 153 30 2024 4 5 21 16 13
06 20 27 105 27 2024 4 5 21 16 13
06 36 06 174 27 2024 4 5 21 16 13
06 45 40 216 33 2024 4 5 21 16 13
10 19 12 153 27 2024 4 5 21 16 13
10 20 27 105 14 2024 4 5 21 16 13
10 36 06 174 28 2024 4 5 21 16 13
10 45 40 216 23 2024 4 5 21 16 13
11 19 12 153 33 2024 4 5 21 16 13
11 20 27 105 20 2024 4 5 21 16 13
11 36 06 174 38 2024 4 5 21 16 13
11 45 40 216 23 2024 4 5 21 16 13
07 21 23 152 25 2024 4 5 21 16 13
12 21 23 152 26 2024 4 5 21 16 13
01 05 24 178 30 2024 4 5 21 16 14
01 12 74 267 10 2024 4 5 21 16 14
01 19 20 089 19 2024 4 5 21 16 14
01 20 54 151 21 2024 4 5 21 16 14
01 24 08 216 30 2024 4 5 21 16 14
01 29 14 288 10 2024 4 5 21 16 14
08 24 08 216 23 2024 4 5 21 16 14
02 65 14 122 25 2024 4 5 21 16 14
02 77 18 180 23 2024 4 5 21 16 14
02 81 29 270 23 2024 4 5 21 16 14
06 19 12 153 30 2024 4 5 21 16 14
06 20 27 105 26 2024 4 5 21 16 14
06 36 06 174 26 2024 4 5 21 16 14
06 45 40 216 33 2024 4 5 21 16 14
10 19 12 153 27 2024 4 5 21 16 14
10 20 27 105 07 2024 4 5 21 16 14
10 36 06 174 27 2024 4 5 21 16 14
10 45 40 216 23 2024 4 5 21 16 14
11 19 12 153 33 2024 4 5 21 16 14
11 20 27 105 20 2024 4 5 21 16 14
11 36 06 174 38 2024 4 5 21 16 14
11 45 40 216 24 2024 4 5 21 16 14
07 21 23 152 25 2024 4 5 21 16 14
12 21 23 152 26 2024 4 5 21 16 14
01 05 24 178 30 2024 4 5 21 16 15
01 12 74 267 14 2024 4 5 21 16 15
01 19 20 089 17 2024 4 5 21 16 15
01 20 54 151 23 2024 4 5 21 16 15
01 24 08 216 30 2024 4 5 21 16 15
01 29 14 288 15 2024 4 5 21 16 15
08 24 08 216 23 2024 4 5 21 16 15
02 65 14 122 25 2024 4 5 21 16 15
02 77 18 180 24 2024 4 5 21 16 15
02 78 60 241 05 2024 4 5 21 16 15
02 81 29 270 21 2024 4 5 21 16 15
06 19 12 153 31 2024 4 5 21 16 15
06 20 27 105 26 2024 4 5 21 16 15
06 36 06 174 27 2024 4 5 21 16 15
06 45 40 216 32 2024 4 5 21 16 15
10 19 12 153 26 2024 4 5 21 16 15
10 20 27 105 13 2024 4 5 21 16 15
10 36 06 174 28 2024 4 5 21 16 15
10 45 40 216 23 2024 4 5 21 16 15
11 19 12 153 33 2024 4 5 21 16 15
11 20 27 105 21 2024 4 5 21 16 15
11 36 06 174 38 2024 4 5 21 16 15
11 45 40 216 24 2024 4 5 21 16 15
07 21 23 152 25 2024 4 5 21 16 15
12 21 23 152 26 2024 4 5 21 16 15
01 05 24 178 29 2024 4 5 21 16 16
01 12 74 267 13 2024 4 5 21 16 16
01 19 20 089 18 2024 4 5 21 16 16
01 20 54 151 24 2024 4 5 21 16 16
01 24 08 216 30 2024 4 5 21 16 16
01 29 14 288 13 2024 4 5 21 16 16
08 24 08 216 22 2024 4 5 21 16 16
02 65 14 122 25 2024 4 5 21 16 16
02 77 18 180 24 2024 4 5 21 16 16
02 78 60 241 15 2024 4 5 21 16 16
02 81 29 270 19 2024 4 5 21 16 16
06 19 12 153 31 2024 4 5 21 16 16
06 20 27 105 26 2024 4 5 21 16 16
06 36 06 174 26 2024 4 5 21 16 16
06 45 40 216 32 2024 4 5 21 16 16
10 19 12 153 27 2024 4 5 21 16 16
10 20 27 105 05 2024 4 5 21 16 16
10 36 06 174 27 2024 4 5 21 16 16
10 45 40 216 22 2024 4 5 21 16 16
11 19 12 153 33 2024 4 5 21 16 16
11 20 27 105 21 2024 4 5 21 16 16
11 36 06 174 38 2024 4 5 21 16 16
11 45 40 216 25 2024 4 5 21 16 16
07 21 23 152 25 2024 4 5 21 16 16
12 21 23 152 26 2024 4 5 21 16 16
01 05 24 178 27 2024 4 5 21 16 17
01 12 74 267 11 2024 4 5 21 16 17
01 19 20 089 18 2024 4 5 21 16 17
01 20 54 151 22 2024 4 5 21 16 17
01 24 08 216 30 2024 4 5 21 16 17
01 29 14 288 14 2024 4 5 21 16 17
08 24 08 216 21 2024 4 5 21 16 17
02 65 14 122 25 2024 4 5 21 16 17
02 77 18 180 24 2024 4 5 21 16 17
02 78 60 241 14 2024 4 5 21 16 17
02 81 29 270 18 2024 4 5 21 16 17
06 19 12 153 32 2024 4 5 21 16 17
06 20 27 105 26 2024 4 5 21 16 17
06 36 06 174 27 2024 4 5 21 16 17
06 45 40 215 32 2024 4 5 21 16 17
10 19 12 153 27 2024 4 5 21 16 17
10 20 27 105 16 2024 4 5 21 16 17
10 36 06 174 27 2024 4 5 21 16 17
10 45 40 215 20 2024 4 5 21 16 17
11 19 12 153 33 2024 4 5 21 16 17
11 20 27 105 21 2024 4 5 21 16 17
11 36 06 174 38 2024 4 5 21 16 17
11 45 40 215 25 2024 4 5 21 16 17
07 21 23 152 25 2024 4 5 21 16 17
12 21 23 152 26 2024 4 5 21 16 17
01 05 24 178 28 2024 4 5 21 16 18
01 12 74 267 15 2024 4 5 21 16 18
01 19 20 089 16 2024 4 5 21 16 18
01 20 54 151 21 2024 4 5 21 16 18
01 24 08 216 30 2024 4 5 21 16 18
01 29 14 288 17 2024 4 5 21 16 18
08 24 08 216 21 2024 4 5 21 16 18
02 65 14 122 25 2024 4 5 21 16 18
02 77 18 180 25 2024 4 5 21 16 18
02 78 60 241 09 2024 4 5 21 16 18
02 81 29 270 15 2024 4 5 21 16 18
06 19 12 153 32 2024 4 5 21 16 18
06 20 27 105 26 2024 4 5 21 16 18
06 36 06 174 27 2024 4 5 21 16 18
06 45 40 215 32 2024 4 5 21 16 18
10 19 12 153 27 2024 4 5 21 16 18
10 20 27 105 15 2024 4 5 21 16 18
10 36 06 174 27 2024 4 5 21 16 18
10 45 40 215 19 2024 4 5 21 16 18
11 19 12 153 33 2024 4 5 21 16 18
11 20 27 105 21 2024 4 5 21 16 18
11 36 06 174 38 2024 4 5 21 16 18
11 45 40 215 24 2024 4 5 21 16 18
07 21 23 152 26 2024 4 5 21 16 18
12 21 23 152 26 2024 4 5 21 16 18
01 05 24 178 27 2024 4 5 21 16 19
01 12 74 267 15 2024 4 5 21 16 19
01 19 20 089 17 2024 4 5 21 16 19
01 20 54 151 21 2024 4 5 21 16 19
01 24 08 216 30 2024 4 5 21 16 19
01 29 14 288 17 2024 4 5 21 16 19
08 24 08 216 21 2024 4 5 21 16 19
02 65 14 122 25 2024 4 5 21 16 19
02 77 18 180 25 2024 4 5 21 16 19
02 78 60 241 14 2024 4 5 21 16 19
02 81 29 270 13 2024 4 5 21 16 19
06 19 12 153 31 2024 4 5 21 16 19
06 20 27 105 27 2024 4 5 21 16 19
06 36 06 174 27 2024 4 5 21 16 19
06 45 40 215 32 2024 4 5 21 16 19
10 19 12 153 26 2024 4 5 21 16 19
10 20 27 105 12 2024 4 5 21 16 19
10 36 06 174 27 2024 4 5 21 16 19
10 45 40 215 20 2024 4 5 21 16 19
11 19 12 153 33 2024 4 5 21 16 19
11 20 27 105 21 2024 4 5 21 16 19
11 36 06 174 38 2024 4 5 21 16 19
11 45 40 215 24 2024 4 5 21 16 19
07 21 23 152 25 2024 4 5 21 16 19
12 21 23 152 26 2024 4 5 21 16 19
01 05 24 178 26 2024 4 5 21 16 20
01 12 74 267 12 2024 4 5 21 16 20
01 19 20 089 17 2024 4 5 21 16 20
01 20 54 151 23 2024 4 5 21 16 20
01 24 08 216 29 2024 4 5 21 16 20
01 29 14 288 18 2024 4 5 21 16 20
08 24 08 216 20 2024 4 5 21 16 20
02 65 14 122 25 2024 4 5 21 16 20
02 77 18 180 25 2024 4 5 21 16 20
02 78 60 241 15 2024 4 5 21 16 20
02 81 29 270 12 2024 4 5 21 16 20
06 19 12 153 31 2024 4 5 21 16 20
06 20 27 105 26 2024 4 5 21 16 20
06 36 06 174 27 2024 4 5 21 16 20
06 45 40 215 31 2024 4 5 21 16 20
10 19 12 153 26 2024 4 5 21 16 20
10 20 27 105 14 2024 4 5 21 16 20
10 36 06 174 27 2024 4 5 21 16 20
10 45 40 215 21 2024 4 5 21 16 20
11 19 12 153 33 2024 4 5 21 16 20
11 20 27 105 21 2024 4 5 21 16 20
11 36 06 174 38 2024 4 5 21 16 20
11 45 40 215 24 2024 4 5 21 16 20
07 21 23 152 25 2024 4 5 21 16 20
12 21 23 152 26 2024 4 5 21 16 20
01 05 24 178 27 2024 4 5 21 16 21
01 12 74 267 10 2024 4 5 21 16 21
01 19 20 089 17 2024 4 5 21 16 21
01 20 54 151 23 2024 4 5 21 16 21
01 24 08 216 29 2024 4 5 21 16 21
01 29 14 288 18 2024 4 5 21 16 21
08 24 08 216 20 2024 4 5 21 16 21
02 65 14 122 25 2024 4 5 21 16 21
02 77 18 180 25 2024 4 5 21 16 21
02 78 60 241 12 2024 4 5 21 16 21
02 81 29 270 15 2024 4 5 21 16 21
06 19 12 153 30 2024 4 5 21 16 21
06 20 27 105 25 2024 4 5 21 16 21
06 36 06 174 27 2024 4 5 21 16 21
06 45 40 215 31 2024 4 5 21 16 21
10 19 12 153 26 2024 4 5 21 16 21
10 20 27 105 16 2024 4 5 21 16 21
10 36 06 174 27 2024 4 5 21 16 21
10 45 40 215 22 2024 4 5 21 16 21
11 19 12 153 33 2024 4 5 21 16 21
11 20 27 105 21 2024 4 5 21 16 21
11 36 06 174 38 2024 4 5 21 16 21
11 45 40 215 24 2024 4 5 21 16 21
07 21 23 152 25 2024 4 5 21 16 21
12 21 23 152 26 2024 4 5 21 16 21
01 05 24 178 27 2024 4 5 21 16 22
01 12 74 267 15 2024 4 5 21 16 22
01 19 20 089 17 2024 4 5 21 16 22
01 20 54 151 24 2024 4 5 21 16 22
01 24 08 216 29 2024 4 5 21 16 22
01 29 14 288 16 2024 4 5 21 16 22
08 24 08 216 20 2024 4 5 21 16 22
02 65 14 122 23 2024 4 5 21 16 22
02 77 18 180 25 2024 4 5 21 16 22
02 78 60 241 17 2024 4 5 21 16 22
02 81 29 270 14 2024 4 5 21 16 22
06 19 12 153 30 2024 4 5 21 16 22
06 20 27 105 24 2024 4 5 21 16 22
06 36 06 174 27 2024 4 5 21 16 22
06 45 40 215 31 2024 4 5 21 16 22
10 19 12 153 26 2024 4 5 21 16 22
10 20 27 105 15 2024 4 5 21 16 22
10 36 06 174 27 2024 4 5 21 16 22
10 45 40 215 22 2024 4 5 21 16 22
11 19 12 153 33 2024 4 5 21 16 22
11 20 27 105 20 2024 4 5 21 16 22
11 36 06 174 38 2024 4 5 21 16 22
11 45 40 215 24 2024 4 5 21 16 22
07 21 23 152 25 2024 4 5 21 16 22
12 21 23 152 26 2024 4 5 21 16 22
01 05 24 178 29 2024 4 5 21 16 23
01 12 74 267 12 2024 4 5 21 16 23
01 19 20 089 17 2024 4 5 21 16 23
01 20 54 151 25 2024 4 5 21 16 23
01 24 08 216 29 2024 4 5 21 16 23
01 29 14 288 16 2024 4 5 21 16 23
08 24 08 216 20 2024 4 5 21 16 23
02 65 14 122 23 2024 4 5 21 16 23
02 77 18 180 25 2024 4 5 21 16 23
02 78 60 241 17 2024 4 5 21 16 23
02 81 29 270 16 2024 4 5 21 16 23
06 19 12 153 29 2024 4 5 21 16 23
06 20 27 105 23 2024 4 5 21 16 23
06 36 06 174 27 2024 4 5 21 16 23
06 45 40 215 31 2024 4 5 21 16 23
10 19 12 153 26 2024 4 5 21 16 23
10 20 27 105 15 2024 4 5 21 16 23
10 36 06 174 27 2024 4 5 21 16 23
10 45 40 215 22 2024 4 5 21 16 23
11 19 12 153 33 2024 4 5 21 16 23
11 20 27 105 20 2024 4 5 21 16 23
11 36 06 174 38 2024 4 5 21 16 23
11 45 40 215 24 2024 4 5 21 16 23
07 21 23 152 25 2024 4 5 21 16 23
12 21 23 152 27 2024 4 5 21 16 23
01 05 24 178 30 2024 4 5 21 16 24
01 12 74 267 15 2024 4 5 21 16 24
01 19 20 089 18 2024 4 5 21 16 24
01 20 54 151 25 2024 4 5 21 16 24
01 24 08 216 29 2024 4 5 21 16 24
01 29 14 288 15 2024 4 5 21 16 24
08 24 08 216 20 2024 4 5 21 16 24
02 65 14 122 23 2024 4 5 21 16 24
02 77 18 180 24 2024 4 5 21 16 24
02 78 60 241 18 2024 4 5 21 16 24
02 81 29 270 20 2024 4 5 21 16 24
06 19 12 153 30 2024 4 5 21 16 24
06 20 27 105 23 2024 4 5 21 16 24
06 36 06 174 27 2024 4 5 21 16 24
06 45 40 215 31 2024 4 5 21 16 24
10 19 12 153 26 2024 4 5 21 16 24
10 20 27 105 17 2024 4 5 21 16 24
10 36 06 174 27 2024 4 5 21 16 24
10 45 40 215 22 2024 4 5 21 16 24
11 19 12 153 33 2024 4 5 21 16 24
11 20 27 105 20 2024 4 5 21 16 24
11 36 06 174 38 2024 4 5 21 16 24
11 45 40 215 24 2024 4 5 21 16 24
07 21 23 152 26 2024 4 5 21 16 24
12 21 23 152 27 2024 4 5 21 16 24
01 05 24 178 30 2024 4 5 21 16 25
01 12 74 267 13 2024 4 5 21 16 25
01 19 20 089 14 2024 4 5 21 16 25
01 20 54 151 25 2024 4 5 21 16 25
01 24 07 216 29 2024 4 5 21 16 25
01 29 14 288 18 2024 4 5 21 16 25
08 24 07 216 19 2024 4 5 21 16 25
02 65 14 122 23 2024 4 5 21 16 25
02 77 18 180 23 2024 4 5 21 16 25
02 78 60 241 15 2024 4 5 21 16 25
02 81 29 270 21 2024 4 5 21 16 25
06 19 12 153 29 2024 4 5 21 16 25
06 20 27 105 23 2024 4 5 21 16 25
06 36 06 174 26 2024 4 5 21 16 25
06 45 40 215 31 2024 4 5 21 16 25
10 19 12 153 26 2024 4 5 21 16 25
10 20 27 105 17 2024 4 5 21 16 25
10 36 06 174 27 2024 4 5 21 16 25
10 45 40 215 22 2024 4 5 21 16 25
11 19 12 153 33 2024 4 5 21 16 25
11 20 27 105 19 2024 4 5 21 16 25
11 36 06 174 39 2024 4 5 21 16 25
11 45 40 215 24 2024 4 5 21 16 25
07 21 23 152 26 2024 4 5 21 16 25
12 21 23 152 26 2024 4 5 21 16 25
01 05 24 178 31 2024 4 5 21 16 26
01 12 74 267 16 2024 4 5 21 16 26
01 19 20 089 13 2024 4 5 21 16 26
01 20 54 151 25 2024 4 5 21 16 26
01 24 07 216 28 2024 4 5 21 16 26
01 29 14 288 17 2024 4 5 21 16 26
08 24 07 216 20 2024 4 5 21 16 26
02 65 14 122 23 2024 4 5 21 16 26
02 77 18 180 24 2024 4 5 21 16 26
02 78 60 240 17 2024 4 5 21 16 26
02 81 29 270 19 2024 4 5 21 16 26
06 19 12 153 29 2024 4 5 21 16 26
06 20 27 105 22 2024 4 5 21 16 26
06 36 06 174 27 2024 4 5 21 16 26
06 45 40 215 31 2024 4 5 21 16 26
10 19 12 153 26 2024 4 5 21 16 26
10 20 27 105 13 2024 4 5 21 16 26
10 36 06 174 27 2024 4 5 21 16 26
10 45 40 215 21 2024 4 5 21 16 26
11 19 12 153 33 2024 4 5 21 16 26
11 20 27 105 19 2024 4 5 21 16 26
11 36 06 174 38 2024 4 5 21 16 26
11 45 40 215 24 2024 4 5 21 16 26
07 21 23 152 25 2024 4 5 21 16 26
12 21 23 152 26 2024 4 5 21 16 26
01 05 24 178 30 2024 4 5 21 16 27
01 12 74 267 15 2024 4 5 21 16 27
01 19 20 089 14 2024 4 5 21 16 27
01 20 54 151 24 2024 4 5 21 16 27
01 24 07 216 27 2024 4 5 21 16 27
01 29 14 288 12 2024 4 5 21 16 27
08 24 07 216 20 2024 4 5 21 16 27
02 65 14 122 22 2024 4 5 21 16 27
02 77 18 180 23 2024 4 5 21 16 27
02 78 60 240 15 2024 4 5 21 16 27
02 81 29 270 20 2024 4 5 21 16 27
06 19 12 153 30 2024 4 5 21 16 27
06 20 27 105 22 2024 4 5 21 16 27
06 36 06 174 27 2024 4 5 21 16 27
06 45 40 215 31 2024 4 5 21 16 27
10 19 12 153 25 2024 4 5 21 16 27
10 20 27 105 14 2024 4 5 21 16 27
10 36 06 174 27 2024 4 5 21 16 27
10 45 40 215 23 2024 4 5 21 16 27
11 19 12 153 33 2024 4 5 21 16 27
11 20 27 105 19 2024 4 5 21 16 27
11 36 06 174 39 2024 4 5 21 16 27
11 45 40 215 24 2024 4 5 21 16 27
07 21 23 152 24 2024 4 5 21 16 27
12 21 23 152 26 2024 4 5 21 16 27
01 05 24 178 30 2024 4 5 21 16 28
01 12 74 267 12 2024 4 5 21 16 28
01 19 20 089 16 2024 4 5 21 16 28
01 20 54 151 25 2024 4 5 21 16 28
01 24 07 216 28 2024 4 5 21 16 28
01 29 14 288 14 2024 4 5 21 16 28
08 24 07 216 19 2024 4 5 21 16 28
02 65 14 122 21 2024 4 5 21 16 28
02 77 18 180 23 2024 4 5 21 16 28
02 78 60 240 11 2024 4 5 21 16 28
02 81 29 270 21 2024 4 5 21 16 28
06 19 12 153 30 2024 4 5 21 16 28
06 20 27 105 22 2024 4 5 21 16 28
06 36 06 174 27 2024 4 5 21 16 28
06 45 40 215 32 2024 4 5 21 16 28
10 19 12 153 25 2024 4 5 21 16 28
10 20 27 105 12 2024 4 5 21 16 28
10 36 06 174 27 2024 4 5 21 16 28
10 45 40 215 23 2024 4 5 21 16 28
11 19 12 153 33 2024 4 5 21 16 28
11 20 27 105 18 2024 4 5 21 16 28
11 36 06 174 38 2024 4 5 21 16 28
11 45 40 215 24 2024 4 5 21 16 28
07 21 23 152 23 2024 4 5 21 16 28
12 21 23 152 26 2024 4 5 21 16 28
01 05 24 178 30 2024 4 5 21 16 29
01 12 74 267 13 2024 4 5 21 16 29
01 19 20 089 18 2024 4 5 21 16 29
01 20 54 151 25 2024 4 5 21 16 29
01 24 07 216 26 2024 4 5 21 16 29
01 29 14 288 16 2024 4 5 21 16 29
08 24 07 216 18 2024 4 5 21 16 29
02 65 14 122 21 2024 4 5 21 16 29
02 77 18 180 22 2024 4 5 21 16 29
02 78 60 240 12 2024 4 5 21 16 29
02 81 29 270 21 2024 4 5 21 16 29
06 19 12 153 29 2024 4 5 21 16 29
06 20 27 105 21 2024 4 5 21 16 29
06 36 06 174 27 2024 4 5 21 16 29
06 45 39 215 32 2024 4 5 21 16 29
10 19 12 153 25 2024 4 5 21 16 29
10 20 27 105 11 2024 4 5 21 16 29
10 36 06 174 26 2024 4 5 21 16 29
10 45 39 215 23 2024 4 5 21 16 29
11 19 12 153 33 2024 4 5 21 16 29
11 20 27 105 18 2024 4 5 21 16 29
11 36 06 174 38 2024 4 5 21 16 29
11 45 39 215 24 2024 4 5 21 16 29
07 21 23 152 22 2024 4 5 21 16 29
12 21 23 152 26 2024 4 5 21 16 29
01 05 24 178 30 2024 4 5 21 16 30
01 12 74 267 11 2024 4 5 21 16 30
01 19 20 089 18 2024 4 5 21 16 30
01 20 54 151 25 2024 4 5 21 16 30
01 24 07 216 26 2024 4 5 21 16 30
01 29 14 288 12 2024 4 5 21 16 30
08 24 07 216 20 2024 4 5 21 16 30
02 65 14 122 20 2024 4 5 21 16 30
02 77 18 180 23 2024 4 5 21 16 30
02 78 60 240 16 2024 4 5 21 16 30
02 81 29 270 19 2024 4 5 21 16 30
06 19 12 153 29 2024 4 5 21 16 30
06 20 27 105 20 2024 4 5 21 16 30
06 36 06 174 27 2024 4 5 21 16 30
06 45 39 215 32 2024 4 5 21 16 30
10 19 12 153 25 2024 4 5 21 16 30
10 20 27 105 13 2024 4 5 21 16 30
10 36 06 174 26 2024 4 5 21 16 30
10 45 39 215 23 2024 4 5 21 16 30
11 19 12 153 33 2024 4 5 21 16 30
11 20 27 105 18 2024 4 5 21 16 30
11 36 06 174 38 2024 4 5 21 16 30
11 45 39 215 24 2024 4 5 21 16 30
07 21 23 152 22 2024 4 5 21 16 30
12 21 23 152 26 2024 4 5 21 16 30
01 05 24 178 29 2024 4 5 21 16 31
01 12 74 267 09 2024 4 5 21 16 31
01 19 20 089 19 2024 4 5 21 16 31
01 20 54 151 26 2024 4 5 21 16 31
01 24 07 216 25 2024 4 5 21 16 31
01 29 14 288 14 2024 4 5 21 16 31
08 24 07 216 20 2024 4 5 21 16 31
02 65 14 122 19 2024 4 5 21 16 31
02 77 18 180 23 2024 4 5 21 16 31
02 78 60 240 13 2024 4 5 21 16 31
02 81 29 270 17 2024 4 5 21 16 31
06 19 12 153 28 2024 4 5 21 16 31
06 20 27 105 19 2024 4 5 21 16 31
06 36 06 174 27 2024 4 5 21 16 31
06 45 39 215 33 2024 4 5 21 16 31
10 19 12 153 25 2024 4 5 21 16 31
10 20 27 105 11 2024 4 5 21 16 31
10 36 06 174 27 2024 4 5 21 16 31
10 45 39 215 23 2024 4 5 21 16 31
11 19 12 153 33 2024 4 5 21 16 31
11 20 27 105 17 2024 4 5 21 16 31
11 36 06 174 38 2024 4 5 21 16 31
11 45 39 215 24 2024 4 5 21 16 31
07 21 23 152 22 2024 4 5 21 16 31
12 21 23 152 27 2024 4 5 21 16 31
01 05 24 178 30 2024 4 5 21 16 32
01 12 74 267 09 2024 4 5 21 16 32
01 19 20 089 20 2024 4 5 21 16 32
01 20 54 151 25 2024 4 5 21 16 32
01 24 07 216 25 2024 4 5 21 16 32
01 29 14 288 12 2024 4 5 21 16 32
08 24 07 216 20 2024 4 5 21 16 32
02 65 14 122 19 2024 4 5 21 16 32
02 77 18 180 23 2024 4 5 21 16 32
02 81 29 270 16 2024 4 5 21 16 32
06 19 12 153 29 2024 4 5 21 16 32
06 20 27 105 20 2024 4 5 21 16 32
06 36 06 174 27 2024 4 5 21 16 32
06 45 39 215 32 2024 4 5 21 16 32
10 19 12 153 24 2024 4 5 21 16 32
10 20 27 105 02 2024 4 5 21 16 32
10 36 06 174 26 2024 4 5 21 16 32
10 45 39 215 24 2024 4 5 21 16 32
11 19 12 153 32 2024 4 5 21 16 32
11 20 27 105 17 2024 4 5 21 16 32
11 36 06 174 38 2024 4 5 21 16 32
11 45 39 215 23 2024 4 5 21 16 32
07 21 23 152 23 2024 4 5 21 16 32
12 21 23 152 26 2024 4 5 21 16 32
01 05 24 178 30 2024 4 5 21 16 33
01 12 74 267 04 2024 4 5 21 16 33
01 19 20 089 19 2024 4 5 21 16 33
01 20 54 151 25 2024 4 5 21 16 33
01 24 07 216 25 2024 4 5 21 16 33
01 29 14 288 11 2024 4 5 21 16 33
08 24 07 216 19 2024 4 5 21 16 33
02 65 14 122 20 2024 4 5 21 16 33
02 77 18 180 23 2024 4 5 21 16 33
02 78 60 240 09 2024 4 5 21 16 33
02 81 29 270 13 2024 4 5 21 16 33
06 19 12 153 29 2024 4 5 21 16 33
06 20 27 105 18 2024 4 5 21 16 33
06 36 06 174 27 2024 4 5 21 16 33
06 45 39 215 31 2024 4 5 21 16 33
10 19 12 153 24 2024 4 5 21 16 33
10 20 27 105 14 2024 4 5 21 16 33
10 36 06 174 26 2024 4 5 21 16 33
10 45 39 215 24 2024 4 5 21 16 33
11 19 12 153 33 2024 4 5 21 16 33
11 20 27 105 17 2024 4 5 21 16 33
11 36 06 174 38 2024 4 5 21 16 33
11 45 39 215 23 2024 4 5 21 16 33
07 21 23 152 23 2024 4 5 21 16 33
12 21 23 152 26 2024 4 5 21 16 33
01 05 24 178 29 2024 4 5 21 16 34
01 12 74 267 06 2024 4 5 21 16 34
01 19 20 089 19 2024 4 5 21 16 34
01 20 54 151 25 2024 4 5 21 16 34
01 24 07 216 26 2024 4 5 21 16 34
01 29 14 288 11 2024 4 5 21 16 34
08 24 07 216 18 2024 4 5 21 16 34
02 65 14 122 20 2024 4 5 21 16 34
02 77 18 180 24 2024 4 5 21 16 34
02 78 60 240 13 2024 4 5 21 16 34
02 81 29 270 14 2024 4 5 21 16 34
06 19 12 153 29 2024 4 5 21 16 34
06 20 27 105 20 2024 4 5 21 16 34
06 36 06 174 28 2024 4 5 21 16 34
06 45 39 215 32 2024 4 5 21 16 34
10 19 12 153 24 2024 4 5 21 16 34
10 20 27 105 14 2024 4 5 21 16 34
10 36 06 174 26 2024 4 5 21 16 34
10 45 39 215 26 2024 4 5 21 16 34
11 19 12 153 33 2024 4 5 21 16 34
11 20 27 105 17 2024 4 5 21 16 34
11 36 06 174 38 2024 4 5 21 16 34
11 45 39 215 23 2024 4 5 21 16 34
07 21 23 152 23 2024 4 5 21 16 34
12 21 23 152 27 2024 4 5 21 16 34
01 05 24 178 31 2024 4 5 21 16 35
01 12 74 267 08 2024 4 5 21 16 35
01 19 20 089 19 2024 4 5 21 16 35
01 20 54 151 24 2024 4 5 21 16 35
01 24 07 216 25 2024 4 5 21 16 35
01 29 14 288 06 2024 4 5 21 16 35
08 24 07 216 18 2024 4 5 21 16 35
02 65 14 122 20 2024 4 5 21 16 35
02 77 18 180 23 2024 4 5 21 16 35
02 78 60 240 12 2024 4 5 21 16 35
02 81 29 270 12 2024 4 5 21 16 35
06 19 12 153 28 2024 4 5 21 16 35
06 20 27 105 20 2024 4 5 21 16 35
06 36 06 174 30 2024 4 5 21 16 35
06 45 39 215 32 2024 4 5 21 16 35
10 19 12 153 24 2024 4 5 21 16 35
10 20 27 105 15 2024 4 5 21 16 35
10 36 06 174 26 2024 4 5 21 16 35
10 45 39 215 27 2024 4 5 21 16 35
11 19 12 153 33 2024 4 5 21 16 35
11 20 27 105 17 2024 4 5 21 16 35
11 36 06 174 39 2024 4 5 21 16 35
11 45 39 215 23 2024 4 5 21 16 35
07 21 23 152 24 2024 4 5 21 16 35
12 21 23 152 27 2024 4 5 21 16 35
01 05 24 178 31 2024 4 5 21 16 36
01 19 20 089 18 2024 4 5 21 16 36
01 20 54 151 27 2024 4 5 21 16 36
01 24 07 216 24 2024 4 5 21 16 36
08 24 07 216 18 2024 4 5 21 16 36
02 65 14 122 19 2024 4 5 21 16 36
02 77 18 180 23 2024 4 5 21 16 36
02 81 29 270 12 2024 4 5 21 16 36
06 19 12 153 28 2024 4 5 21 16 36
06 20 27 105 19 2024 4 5 21 16 36
06 36 06 174 29 2024 4 5 21 16 36
06 45 39 215 33 2024 4 5 21 16 36
10 19 12 153 24 2024 4 5 21 16 36
10 20 27 105 17 2024 4 5 21 16 36
10 36 06 174 26 2024 4 5 21 16 36
10 45 39 215 27 2024 4 5 21 16 36
11 19 12 153 33 2024 4 5 21 16 36
11 20 27 105 17 2024 4 5 21 16 36
11 36 06 174 39 2024 4 5 21 16 36
11 45 39 215 23 2024 4 5 21 16 36
07 21 23 152 25 2024 4 5 21 16 36
12 21 23 152 27 2024 4 5 21 16 36
01 05 24 178 30 2024 4 5 21 16 37
01 12 74 267 13 2024 4 5 21 16 37
01 19 20 089 16 2024 4 5 21 16 37
01 20 54 151 27 2024 4 5 21 16 37
01 24 07 216 23 2024 4 5 21 16 37
01 29 14 288 10 2024 4 5 21 16 37
08 24 07 216 17 2024 4 5 21 16 37
02 65 14 122 18 2024 4 5 21 16 37
02 77 18 180 22 2024 4 5 21 16 37
02 78 60 240 12 2024 4 5 21 16 37
02 81 29 270 15 2024 4 5 21 16 37
06 19 12 153 28 2024 4 5 21 16 37
06 20 27 105 19 2024 4 5 21 16 37
06 36 06 174 29 2024 4 5 21 16 37
06 45 39 215 32 2024 4 5 21 16 37
10 19 12 153 23 2024 4 5 21 16 37
10 20 27 105 14 2024 4 5 21 16 37
10 36 06 174 25 2024 4 5 21 16 37
10 45 39 215 26 2024 4 5 21 16 37
11 19 12 153 33 2024 4 5 21 16 37
11 20 27 105 17 2024 4 5 21 16 37
11 36 06 174 39 2024 4 5 21 16 37
11 45 39 215 24 2024 4 5 21 16 37
07 21 23 152 26 2024 4 5 21 16 37
12 21 23 152 27 2024 4 5 21 16 37
01 05 24 178 30 2024 4 5 21 16 38
01 12 74 267 12 2024 4 5 21 16 38
01 19 20 089 15 2024 4 5 21 16 38
01 20 54 151 28 2024 4 5 21 16 38
01 24 07 216 24 2024 4 5 21 16 38
08 24 07 216 17 2024 4 5 21 16 38
02 65 14 122 20 2024 4 5 21 16 38
02 77 18 180 23 2024 4 5 21 16 38
02 78 60 240 18 2024 4 5 21 16 38
02 81 29 270 13 2024 4 5 21 16 38
06 19 12 153 28 2024 4 5 21 16 38
06 20 27 105 16 2024 4 5 21 16 38
06 36 06 174 28 2024 4 5 21 16 38
06 45 39 215 33 2024 4 5 21 16 38
10 19 12 153 22 2024 4 5 21 16 38
10 20 27 105 17 2024 4 5 21 16 38
10 36 06 174 25 2024 4 5 21 16 38
10 45 39 215 26 2024 4 5 21 16 38
11 19 12 153 33 2024 4 5 21 16 38
11 20 27 105 18 2024 4 5 21 16 38
11 36 06 174 39 2024 4 5 21 16 38
11 45 39 215 24 2024 4 5 21 16 38
07 21 23 152 26 2024 4 5 21 16 38
12 21 23 152 27 2024 4 5 21 16 38
01 05 24 178 31 2024 4 5 21 16 39
01 12 74 267 13 2024 4 5 21 16 39
01 19 20 089 15 2024 4 5 21 16 39
01 20 54 151 27 2024 4 5 21 16 39
01 24 07 216 23 2024 4 5 21 16 39
01 29 14 288 10 2024 4 5 21 16 39
08 24 07 216 16 2024 4 5 21 16 39
02 65 14 122 22 2024 4 5 21 16 39
02 77 17 180 23 2024 4 5 21 16 39
02 78 60 240 17 2024 4 5 21 16 39
02 81 29 270 12 2024 4 5 21 16 39
06 19 12 153 26 2024 4 5 21 16 39
06 20 27 105 14 2024 4 5 21 16 39
06 36 06 174 28 2024 4 5 21 16 39
06 45 39 215 32 2024 4 5 21 16 39
10 19 12 153 20 2024 4 5 21 16 39
10 20 27 105 18 2024 4 5 21 16 39
10 36 06 174 25 2024 4 5 21 16 39
10 45 39 215 26 2024 4 5 21 16 39
11 19 12 153 33 2024 4 5 21 16 39
11 20 27 105 18 2024 4 5 21 16 39
11 36 06 174 39 2024 4 5 21 16 39
11 45 39 215 23 2024 4 5 21 16 39
07 21 23 152 26 2024 4 5 21 16 39
12 21 23 152 28 2024 4 5 21 16 39
01 05 24 178 30 2024 4 5 21 16 40
01 19 20 089 15 2024 4 5 21 16 40
01 20 54 151 27 2024 4 5 21 16 40
01 24 07 216 21 2024 4 5 21 16 40
01 29 14 288 15 2024 4 5 21 16 40
08 24 07 216 16 2024 4 5 21 16 40
02 65 14 122 23 2024 4 5 21 16 40
02 77 17 180 23 2024 4 5 21 16 40
02 78 60 240 16 2024 4 5 21 16 40
02 81 29 270 13 2024 4 5 21 16 40
06 19 12 153 25 2024 4 5 21 16 40
06 20 27 105 11 2024 4 5 21 16 40
06 36 06 174 29 2024 4 5 21 16 40
06 45 39 215 33 2024 4 5 21 16 40
10 19 12 153 21 2024 4 5 21 16 40
10 20 27 105 17 2024 4 5 21 16 40
10 36 06 174 27 2024 4 5 21 16 40
10 45 39 215 26 2024 4 5 21 16 40
11 19 12 153 33 2024 4 5 21 16 40
11 20 27 105 17 2024 4 5 21 16 40
11 36 06 174 39 2024 4 5 21 16 40
11 45 39 215 24 2024 4 5 21 16 40
07 21 23 152 27 2024 4 5 21 16 40
12 21 23 152 27 2024 4 5 21 16 40
01 05 24 178 29 2024 4 5 21 16 41
01 12 74 267 10 2024 4 5 21 16 41
01 19 20 089 14 2024 4 5 21 16 41
01 20 54 151 25 2024 4 5 21 16 41
01 24 07 216 22 2024 4 5 21 16 41
01 29 14 288 14 2024 4 5 21 16 41
08 24 07 216 17 2024 4 5 21 16 41
02 65 14 122 23 2024 4 5 21 16 41
02 77 17 180 22 2024 4 5 21 16 41
02 78 60 240 18 2024 4 5 21 16 41
02 81 29 270 13 2024 4 5 21 16 41
06 19 12 153 26 2024 4 5 21 16 41
06 20 27 105 10 2024 4 5 21 16 41
06 36 06 174 30 2024 4 5 21 16 41
06 45 39 215 33 2024 4 5 21 16 41
10 19 12 153 21 2024 4 5 21 16 41
10 20 27 105 14 2024 4 5 21 16 41
10 36 06 174 27 2024 4 5 21 16 41
10 45 39 215 26 2024 4 5 21 16 41
11 19 12 153 33 2024 4 5 21 16 41
11 20 27 105 17 2024 4 5 21 16 41
11 36 06 174 39 2024 4 5 21 16 41
11 45 39 215 24 2024 4 5 21 16 41
07 21 23 152 26 2024 4 5 21 16 41
12 21 23 152 28 2024 4 5 21 16 41
01 05 24 178 30 2024 4 5 21 16 42
01 12 74 267 15 2024 4 5 21 16 42
01 19 20 089 10 2024 4 5 21 16 42
01 20 54 151 25 2024 4 5 21 16 42
01 24 07 216 23 2024 4 5 21 16 42
01 29 14 288 16 2024 4 5 21 16 42
08 24 07 216 17 2024 4 5 21 16 42
02 65 14 122 24 2024 4 5 21 16 42
02 77 17 180 22 2024 4 5 21 16 42
02 78 60 240 19 2024 4 5 21 16 42
02 81 29 270 08 2024 4 5 21 16 42
06 19 12 153 27 2024 4 5 21 16 42
06 20 27 105 13 2024 4 5 21 16 42
06 36 06 174 31 2024 4 5 21 16 42
06 45 39 215 33 2024 4 5 21 16 42
10 19 12 153 20 2024 4 5 21 16 42
10 20 27 105 12 2024 4 5 21 16 42
10 36 06 174 27 2024 4 5 21 16 42
10 45 39 215 27 2024 4 5 21 16 42
11 19 12 153 33 2024 4 5 21 16 42
11 20 27 105 17 2024 4 5 21 16 42
11 36 06 174 39 2024 4 5 21 16 42
11 45 39 215 24 2024 4 5 21 16 42
07 21 23 152 27 2024 4 5 21 16 42
12 21 23 152 28 2024 4 5 21 16 42
