01 11 79 212 16 2024 4 5 20 26 22
01 20 31 164 30 2024 4 5 20 26 22
01 22 16 136 35 2024 4 5 20 26 22
01 24 23 231 27 2024 4 5 20 26 22
01 11 79 212 13 2024 4 5 20 26 23
01 20 31 164 29 2024 4 5 20 26 23
01 22 16 136 35 2024 4 5 20 26 23
01 24 23 231 27 2024 4 5 20 26 23
01 20 31 164 28 2024 4 5 20 26 24
01 22 16 136 35 2024 4 5 20 26 24
01 24 23 231 28 2024 4 5 20 26 24
01 20 31 164 28 2024 4 5 20 26 26
01 22 16 136 35 2024 4 5 20 26 26
01 24 23 231 30 2024 4 5 20 26 26
08 24 23 231 19 2024 4 5 20 26 26
06 36 26 177 21 2024 4 5 20 26 26
01 20 31 164 28 2024 4 5 20 26 27
01 22 16 136 35 2024 4 5 20 26 27
01 24 23 231 28 2024 4 5 20 26 27
08 24 23 231 24 2024 4 5 20 26 27
06 36 26 177 28 2024 4 5 20 26 27
01 05 03 183 36 2024 4 5 20 26 28
01 20 31 164 28 2024 4 5 20 26 28
01 22 16 136 35 2024 4 5 20 26 28
01 24 23 231 29 2024 4 5 20 26 28
08 24 23 231 26 2024 4 5 20 26 28
06 36 26 177 29 2024 4 5 20 26 28
01 05 03 183 37 2024 4 5 20 26 29
01 20 31 164 28 2024 4 5 20 26 29
01 22 16 136 36 2024 4 5 20 26 29
01 24 23 231 29 2024 4 5 20 26 29
08 24 23 231 27 2024 4 5 20 26 29
06 36 26 177 28 2024 4 5 20 26 29
01 05 03 183 37 2024 4 5 20 26 30
01 20 31 164 28 2024 4 5 20 26 30
01 22 16 136 36 2024 4 5 20 26 30
01 24 23 231 29 2024 4 5 20 26 30
08 24 23 231 27 2024 4 5 20 26 30
06 36 26 177 29 2024 4 5 20 26 30
01 05 03 183 38 2024 4 5 20 26 31
01 20 31 164 30 2024 4 5 20 26 31
01 22 16 136 35 2024 4 5 20 26 31
01 24 23 231 28 2024 4 5 20 26 31
08 24 23 231 27 2024 4 5 20 26 31
06 36 26 177 30 2024 4 5 20 26 31
11 36 26 177 31 2024 4 5 20 26 31
01 05 03 183 39 2024 4 5 20 26 32
01 20 31 164 30 2024 4 5 20 26 32
01 22 16 136 36 2024 4 5 20 26 32
01 24 23 231 27 2024 4 5 20 26 32
08 24 23 231 27 2024 4 5 20 26 32
06 36 26 177 31 2024 4 5 20 26 32
11 36 26 177 30 2024 4 5 20 26 32
01 05 03 183 38 2024 4 5 20 26 33
01 20 31 164 27 2024 4 5 20 26 33
01 22 16 136 36 2024 4 5 20 26 33
01 24 23 231 28 2024 4 5 20 26 33
08 24 23 231 28 2024 4 5 20 26 33
06 36 26 177 30 2024 4 5 20 26 33
11 36 26 177 30 2024 4 5 20 26 33
01 05 03 183 38 2024 4 5 20 26 34
01 20 31 164 27 2024 4 5 20 26 34
01 22 16 136 36 2024 4 5 20 26 34
01 24 23 231 28 2024 4 5 20 26 34
08 24 23 231 27 2024 4 5 20 26 34
06 36 26 177 30 2024 4 5 20 26 34
11 36 26 177 30 2024 4 5 20 26 34
01 05 03 183 38 2024 4 5 20 26 35
01 20 31 164 27 2024 4 5 20 26 35
01 22 16 136 36 2024 4 5 20 26 35
01 24 23 231 28 2024 4 5 20 26 35
08 24 23 231 27 2024 4 5 20 26 35
06 36 26 177 30 2024 4 5 20 26 35
11 36 26 177 31 2024 4 5 20 26 35
