01 20 28 165 32 2024 4 5 20 19 15
01 22 19 134 24 2024 4 5 20 19 15
01 24 26 233 23 2024 4 5 20 19 15
02 72 07 091 21 2024 4 5 20 19 15
02 76 07 161 30 2024 4 5 20 19 15
02 81 11 244 24 2024 4 5 20 19 15
01 20 28 165 33 2024 4 5 20 19 16
01 22 19 134 24 2024 4 5 20 19 16
01 24 26 233 27 2024 4 5 20 19 16
02 72 07 091 17 2024 4 5 20 19 16
02 76 07 161 29 2024 4 5 20 19 16
02 81 11 244 21 2024 4 5 20 19 16
01 20 28 165 33 2024 4 5 20 19 17
01 22 19 134 24 2024 4 5 20 19 17
01 24 26 233 27 2024 4 5 20 19 17
02 72 07 091 12 2024 4 5 20 19 17
02 76 07 161 32 2024 4 5 20 19 17
02 81 11 244 23 2024 4 5 20 19 17
01 20 28 165 34 2024 4 5 20 19 18
01 22 19 134 22 2024 4 5 20 19 18
01 24 26 233 26 2024 4 5 20 19 18
08 24 26 233 22 2024 4 5 20 19 18
02 72 07 091 13 2024 4 5 20 19 18
02 76 07 161 31 2024 4 5 20 19 18
02 81 11 244 23 2024 4 5 20 19 18
01 20 28 165 34 2024 4 5 20 19 20
01 22 19 134 20 2024 4 5 20 19 20
01 24 26 233 25 2024 4 5 20 19 20
08 24 26 233 23 2024 4 5 20 19 20
02 72 07 091 15 2024 4 5 20 19 20
02 76 07 161 30 2024 4 5 20 19 20
02 81 11 244 22 2024 4 5 20 19 20
01 20 28 165 34 2024 4 5 20 19 21
01 22 19 134 22 2024 4 5 20 19 21
01 24 26 233 25 2024 4 5 20 19 21
08 24 26 233 22 2024 4 5 20 19 21
02 72 07 091 16 2024 4 5 20 19 21
02 76 07 161 29 2024 4 5 20 19 21
02 81 11 244 21 2024 4 5 20 19 21
01 11 75 209 09 2024 4 5 20 19 22
01 20 28 165 33 2024 4 5 20 19 22
01 22 19 134 24 2024 4 5 20 19 22
01 24 26 233 25 2024 4 5 20 19 22
08 24 26 233 22 2024 4 5 20 19 22
02 72 08 091 15 2024 4 5 20 19 22
02 76 07 161 29 2024 4 5 20 19 22
02 81 11 244 22 2024 4 5 20 19 22
01 20 28 165 33 2024 4 5 20 19 23
01 22 19 134 26 2024 4 5 20 19 23
01 24 26 233 24 2024 4 5 20 19 23
08 24 26 233 22 2024 4 5 20 19 23
02 72 08 091 14 2024 4 5 20 19 23
02 76 07 161 28 2024 4 5 20 19 23
02 81 11 244 23 2024 4 5 20 19 23
01 20 28 165 33 2024 4 5 20 19 24
01 22 19 134 27 2024 4 5 20 19 24
01 24 26 233 24 2024 4 5 20 19 24
08 24 26 233 21 2024 4 5 20 19 24
02 72 08 091 16 2024 4 5 20 19 24
02 76 07 161 27 2024 4 5 20 19 24
02 81 11 244 24 2024 4 5 20 19 24
01 20 28 165 33 2024 4 5 20 19 25
01 22 19 134 28 2024 4 5 20 19 25
01 24 26 233 24 2024 4 5 20 19 25
08 24 26 233 21 2024 4 5 20 19 25
02 72 08 091 18 2024 4 5 20 19 25
02 76 07 161 27 2024 4 5 20 19 25
02 81 11 244 22 2024 4 5 20 19 25
01 20 28 165 32 2024 4 5 20 19 26
01 22 19 134 27 2024 4 5 20 19 26
01 24 26 233 25 2024 4 5 20 19 26
08 24 26 233 19 2024 4 5 20 19 26
02 72 08 091 14 2024 4 5 20 19 26
02 76 07 161 27 2024 4 5 20 19 26
02 81 11 244 20 2024 4 5 20 19 26
01 20 28 165 33 2024 4 5 20 19 27
01 22 19 134 29 2024 4 5 20 19 27
01 24 26 233 25 2024 4 5 20 19 27
08 24 26 233 20 2024 4 5 20 19 27
02 72 08 091 14 2024 4 5 20 19 27
02 76 07 161 27 2024 4 5 20 19 27
02 81 11 244 19 2024 4 5 20 19 27
01 20 28 165 33 2024 4 5 20 19 28
01 22 19 134 28 2024 4 5 20 19 28
01 24 26 233 26 2024 4 5 20 19 28
08 24 26 233 20 2024 4 5 20 19 28
02 72 08 091 10 2024 4 5 20 19 28
02 76 07 161 26 2024 4 5 20 19 28
02 81 11 244 18 2024 4 5 20 19 28
01 20 28 165 33 2024 4 5 20 19 29
01 22 19 134 28 2024 4 5 20 19 29
01 24 26 233 26 2024 4 5 20 19 29
08 24 26 233 21 2024 4 5 20 19 29
02 72 08 091 16 2024 4 5 20 19 29
02 76 07 161 26 2024 4 5 20 19 29
02 81 11 244 21 2024 4 5 20 19 29
02 87 47 027 19 2024 4 5 20 19 29
06 20 11 124 17 2024 4 5 20 19 29
01 20 28 165 34 2024 4 5 20 19 30
01 22 19 134 26 2024 4 5 20 19 30
01 24 26 233 26 2024 4 5 20 19 30
08 24 26 233 21 2024 4 5 20 19 30
02 72 08 091 13 2024 4 5 20 19 30
02 76 07 161 26 2024 4 5 20 19 30
02 81 11 244 20 2024 4 5 20 19 30
02 87 47 027 13 2024 4 5 20 19 30
06 20 11 124 31 2024 4 5 20 19 30
06 36 29 177 29 2024 4 5 20 19 30
01 20 28 165 33 2024 4 5 20 19 31
01 22 19 134 26 2024 4 5 20 19 31
01 24 26 233 25 2024 4 5 20 19 31
08 24 26 233 22 2024 4 5 20 19 31
02 72 08 091 14 2024 4 5 20 19 31
02 76 07 161 26 2024 4 5 20 19 31
02 81 11 244 21 2024 4 5 20 19 31
02 87 47 027 13 2024 4 5 20 19 31
06 20 11 124 33 2024 4 5 20 19 31
06 36 29 177 32 2024 4 5 20 19 31
01 11 75 209 24 2024 4 5 20 19 37
01 20 28 165 32 2024 4 5 20 19 37
01 22 19 135 27 2024 4 5 20 19 37
01 24 26 233 26 2024 4 5 20 19 37
02 76 07 162 18 2024 4 5 20 19 37
06 20 11 124 35 2024 4 5 20 19 37
06 36 28 177 29 2024 4 5 20 19 37
01 11 75 209 19 2024 4 5 20 19 38
01 20 28 165 32 2024 4 5 20 19 38
01 22 19 135 28 2024 4 5 20 19 38
01 24 26 233 27 2024 4 5 20 19 38
02 76 07 162 21 2024 4 5 20 19 38
02 88 58 277 18 2024 4 5 20 19 38
06 20 11 124 35 2024 4 5 20 19 38
06 36 28 177 29 2024 4 5 20 19 38
11 20 11 124 26 2024 4 5 20 19 38
11 36 28 177 22 2024 4 5 20 19 38
01 11 75 209 17 2024 4 5 20 19 39
01 20 28 165 32 2024 4 5 20 19 39
01 22 19 135 29 2024 4 5 20 19 39
01 24 26 233 26 2024 4 5 20 19 39
08 24 26 233 25 2024 4 5 20 19 39
02 76 07 162 21 2024 4 5 20 19 39
02 88 58 277 14 2024 4 5 20 19 39
06 20 11 124 35 2024 4 5 20 19 39
06 36 28 177 31 2024 4 5 20 19 39
11 20 11 124 27 2024 4 5 20 19 39
11 36 28 177 22 2024 4 5 20 19 39
01 11 75 209 16 2024 4 5 20 19 40
01 20 28 165 33 2024 4 5 20 19 40
01 22 19 135 29 2024 4 5 20 19 40
01 24 26 233 25 2024 4 5 20 19 40
08 24 26 233 24 2024 4 5 20 19 40
02 76 07 162 17 2024 4 5 20 19 40
02 88 58 277 15 2024 4 5 20 19 40
06 20 11 124 35 2024 4 5 20 19 40
06 36 28 177 31 2024 4 5 20 19 40
11 20 11 124 27 2024 4 5 20 19 40
11 36 28 177 24 2024 4 5 20 19 40
01 11 75 209 15 2024 4 5 20 19 41
01 20 28 165 33 2024 4 5 20 19 41
01 22 19 135 29 2024 4 5 20 19 41
01 24 26 233 26 2024 4 5 20 19 41
08 24 26 233 24 2024 4 5 20 19 41
02 76 07 162 15 2024 4 5 20 19 41
06 20 11 124 35 2024 4 5 20 19 41
06 36 28 177 30 2024 4 5 20 19 41
11 20 11 124 28 2024 4 5 20 19 41
11 36 28 177 25 2024 4 5 20 19 41
01 11 75 209 17 2024 4 5 20 19 42
01 20 28 165 33 2024 4 5 20 19 42
01 22 18 135 28 2024 4 5 20 19 42
01 24 26 233 25 2024 4 5 20 19 42
08 24 26 233 23 2024 4 5 20 19 42
02 76 07 162 18 2024 4 5 20 19 42
06 20 11 124 35 2024 4 5 20 19 42
06 36 28 177 30 2024 4 5 20 19 42
11 20 11 124 28 2024 4 5 20 19 42
11 36 28 177 26 2024 4 5 20 19 42
01 11 75 209 17 2024 4 5 20 19 44
01 20 28 165 33 2024 4 5 20 19 44
01 22 18 135 28 2024 4 5 20 19 44
01 24 26 233 26 2024 4 5 20 19 44
08 24 26 233 24 2024 4 5 20 19 44
02 76 07 162 19 2024 4 5 20 19 44
06 20 11 124 36 2024 4 5 20 19 44
06 36 28 177 30 2024 4 5 20 19 44
11 20 11 124 27 2024 4 5 20 19 44
11 36 28 177 26 2024 4 5 20 19 44
01 11 75 209 16 2024 4 5 20 19 45
01 20 28 165 33 2024 4 5 20 19 45
01 22 18 135 26 2024 4 5 20 19 45
01 24 26 233 24 2024 4 5 20 19 45
08 24 26 233 25 2024 4 5 20 19 45
02 76 07 162 21 2024 4 5 20 19 45
06 20 11 124 36 2024 4 5 20 19 45
06 36 28 177 30 2024 4 5 20 19 45
11 20 11 124 27 2024 4 5 20 19 45
11 36 28 177 26 2024 4 5 20 19 45
01 11 75 209 19 2024 4 5 20 19 46
01 20 28 165 33 2024 4 5 20 19 46
01 22 18 135 26 2024 4 5 20 19 46
01 24 26 233 24 2024 4 5 20 19 46
08 24 26 233 24 2024 4 5 20 19 46
02 76 07 162 22 2024 4 5 20 19 46
06 20 11 124 35 2024 4 5 20 19 46
06 36 28 177 29 2024 4 5 20 19 46
11 20 11 124 27 2024 4 5 20 19 46
11 36 28 177 26 2024 4 5 20 19 46
01 11 76 209 18 2024 4 5 20 19 47
01 20 28 165 33 2024 4 5 20 19 47
01 22 18 135 26 2024 4 5 20 19 47
01 24 26 233 24 2024 4 5 20 19 47
08 24 26 233 23 2024 4 5 20 19 47
02 76 07 162 19 2024 4 5 20 19 47
06 20 11 124 35 2024 4 5 20 19 47
06 36 28 177 30 2024 4 5 20 19 47
11 20 11 124 27 2024 4 5 20 19 47
11 36 28 177 26 2024 4 5 20 19 47
01 11 76 209 18 2024 4 5 20 19 48
01 20 28 165 33 2024 4 5 20 19 48
01 22 18 135 26 2024 4 5 20 19 48
01 24 26 233 22 2024 4 5 20 19 48
08 24 26 233 24 2024 4 5 20 19 48
02 76 07 162 23 2024 4 5 20 19 48
06 20 11 124 35 2024 4 5 20 19 48
06 36 28 177 29 2024 4 5 20 19 48
11 20 11 124 27 2024 4 5 20 19 48
11 36 28 177 27 2024 4 5 20 19 48
01 11 76 209 18 2024 4 5 20 19 49
01 20 28 165 33 2024 4 5 20 19 49
01 22 18 135 24 2024 4 5 20 19 49
01 24 26 233 23 2024 4 5 20 19 49
08 24 26 233 24 2024 4 5 20 19 49
02 76 07 162 21 2024 4 5 20 19 49
06 20 11 124 35 2024 4 5 20 19 49
06 36 28 177 29 2024 4 5 20 19 49
11 20 11 124 26 2024 4 5 20 19 49
11 36 28 177 26 2024 4 5 20 19 49
01 11 76 209 19 2024 4 5 20 19 50
01 20 28 165 33 2024 4 5 20 19 50
01 22 18 135 24 2024 4 5 20 19 50
01 24 26 233 22 2024 4 5 20 19 50
08 24 26 233 24 2024 4 5 20 19 50
02 76 07 162 23 2024 4 5 20 19 50
06 20 11 124 35 2024 4 5 20 19 50
06 36 28 177 29 2024 4 5 20 19 50
11 20 11 124 27 2024 4 5 20 19 50
11 36 28 177 26 2024 4 5 20 19 50
01 11 76 209 19 2024 4 5 20 19 51
01 20 28 165 32 2024 4 5 20 19 51
01 22 18 135 25 2024 4 5 20 19 51
01 24 26 233 22 2024 4 5 20 19 51
08 24 26 233 24 2024 4 5 20 19 51
02 76 07 162 19 2024 4 5 20 19 51
02 81 11 244 15 2024 4 5 20 19 51
06 20 11 124 35 2024 4 5 20 19 51
06 36 28 177 29 2024 4 5 20 19 51
11 20 11 124 27 2024 4 5 20 19 51
11 36 28 177 26 2024 4 5 20 19 51
01 11 76 209 19 2024 4 5 20 19 52
01 20 28 165 32 2024 4 5 20 19 52
01 22 18 135 25 2024 4 5 20 19 52
01 24 26 233 23 2024 4 5 20 19 52
08 24 26 233 21 2024 4 5 20 19 52
02 76 07 162 20 2024 4 5 20 19 52
02 81 11 244 17 2024 4 5 20 19 52
06 20 11 124 35 2024 4 5 20 19 52
06 36 28 177 31 2024 4 5 20 19 52
11 20 11 124 27 2024 4 5 20 19 52
11 36 28 177 26 2024 4 5 20 19 52
01 11 76 209 18 2024 4 5 20 19 53
01 20 28 165 32 2024 4 5 20 19 53
01 22 18 135 26 2024 4 5 20 19 53
01 24 26 233 24 2024 4 5 20 19 53
08 24 26 233 21 2024 4 5 20 19 53
02 76 07 162 20 2024 4 5 20 19 53
02 81 11 244 19 2024 4 5 20 19 53
06 20 11 124 35 2024 4 5 20 19 53
06 36 28 177 31 2024 4 5 20 19 53
11 20 11 124 27 2024 4 5 20 19 53
11 36 28 177 27 2024 4 5 20 19 53
01 11 76 209 22 2024 4 5 20 19 54
01 20 28 165 33 2024 4 5 20 19 54
01 22 18 135 27 2024 4 5 20 19 54
01 24 26 233 23 2024 4 5 20 19 54
08 24 26 233 24 2024 4 5 20 19 54
02 76 07 162 25 2024 4 5 20 19 54
02 81 11 244 19 2024 4 5 20 19 54
06 20 11 124 35 2024 4 5 20 19 54
06 36 28 177 31 2024 4 5 20 19 54
11 20 11 124 27 2024 4 5 20 19 54
11 36 28 177 26 2024 4 5 20 19 54
01 11 76 209 22 2024 4 5 20 19 55
01 20 28 165 32 2024 4 5 20 19 55
01 22 18 135 28 2024 4 5 20 19 55
01 24 26 233 24 2024 4 5 20 19 55
08 24 26 233 24 2024 4 5 20 19 55
02 76 07 162 24 2024 4 5 20 19 55
02 81 11 244 19 2024 4 5 20 19 55
06 20 11 124 35 2024 4 5 20 19 55
06 36 28 177 31 2024 4 5 20 19 55
11 20 11 124 27 2024 4 5 20 19 55
11 36 28 177 26 2024 4 5 20 19 55
01 11 76 209 21 2024 4 5 20 19 56
01 20 28 165 32 2024 4 5 20 19 56
01 22 18 135 28 2024 4 5 20 19 56
01 24 26 233 23 2024 4 5 20 19 56
08 24 26 233 23 2024 4 5 20 19 56
02 72 08 091 18 2024 4 5 20 19 56
02 76 07 162 21 2024 4 5 20 19 56
02 81 11 244 20 2024 4 5 20 19 56
06 20 11 124 35 2024 4 5 20 19 56
06 36 28 177 31 2024 4 5 20 19 56
11 20 11 124 27 2024 4 5 20 19 56
11 36 28 177 26 2024 4 5 20 19 56
01 11 76 209 21 2024 4 5 20 19 57
01 20 28 165 32 2024 4 5 20 19 57
01 22 18 135 28 2024 4 5 20 19 57
01 24 26 233 22 2024 4 5 20 19 57
08 24 26 233 22 2024 4 5 20 19 57
02 72 08 091 18 2024 4 5 20 19 57
02 76 07 162 17 2024 4 5 20 19 57
02 81 11 244 22 2024 4 5 20 19 57
06 20 11 124 35 2024 4 5 20 19 57
06 36 28 177 31 2024 4 5 20 19 57
11 20 11 124 27 2024 4 5 20 19 57
11 36 28 177 26 2024 4 5 20 19 57
01 11 76 209 21 2024 4 5 20 19 58
01 20 28 165 31 2024 4 5 20 19 58
01 22 18 135 28 2024 4 5 20 19 58
01 24 26 233 20 2024 4 5 20 19 58
08 24 26 233 23 2024 4 5 20 19 58
02 72 08 091 14 2024 4 5 20 19 58
02 76 07 162 21 2024 4 5 20 19 58
02 81 11 244 21 2024 4 5 20 19 58
06 20 11 124 34 2024 4 5 20 19 58
06 36 28 177 30 2024 4 5 20 19 58
11 20 11 124 26 2024 4 5 20 19 58
11 36 28 177 26 2024 4 5 20 19 58
01 11 76 209 21 2024 4 5 20 19 59
01 20 28 165 30 2024 4 5 20 19 59
01 22 18 135 29 2024 4 5 20 19 59
01 24 26 233 20 2024 4 5 20 19 59
08 24 26 233 24 2024 4 5 20 19 59
02 72 08 091 16 2024 4 5 20 19 59
02 76 07 162 24 2024 4 5 20 19 59
02 81 11 244 22 2024 4 5 20 19 59
06 20 11 124 35 2024 4 5 20 19 59
06 36 28 177 31 2024 4 5 20 19 59
11 20 11 124 26 2024 4 5 20 19 59
11 36 28 177 26 2024 4 5 20 19 59
01 11 76 209 21 2024 4 5 20 20 0
01 20 28 165 30 2024 4 5 20 20 0
01 22 18 135 30 2024 4 5 20 20 0
01 24 26 233 20 2024 4 5 20 20 0
08 24 26 233 25 2024 4 5 20 20 0
02 72 08 091 18 2024 4 5 20 20 0
02 76 07 162 25 2024 4 5 20 20 0
02 81 11 244 24 2024 4 5 20 20 0
06 20 11 124 35 2024 4 5 20 20 0
06 36 28 177 31 2024 4 5 20 20 0
11 20 11 124 26 2024 4 5 20 20 0
11 36 28 177 26 2024 4 5 20 20 0
01 11 76 209 21 2024 4 5 20 20 1
01 20 28 165 31 2024 4 5 20 20 1
01 22 18 135 30 2024 4 5 20 20 1
01 24 25 233 21 2024 4 5 20 20 1
01 25 22 313 06 2024 4 5 20 20 1
08 24 25 233 25 2024 4 5 20 20 1
02 72 08 091 20 2024 4 5 20 20 1
02 76 07 162 24 2024 4 5 20 20 1
02 81 11 244 25 2024 4 5 20 20 1
06 20 11 124 34 2024 4 5 20 20 1
06 36 28 177 31 2024 4 5 20 20 1
11 20 11 124 27 2024 4 5 20 20 1
11 36 28 177 25 2024 4 5 20 20 1
01 11 76 209 22 2024 4 5 20 20 2
01 20 28 165 32 2024 4 5 20 20 2
01 22 18 135 29 2024 4 5 20 20 2
01 24 25 233 22 2024 4 5 20 20 2
01 25 22 313 15 2024 4 5 20 20 2
08 24 25 233 25 2024 4 5 20 20 2
02 72 08 091 21 2024 4 5 20 20 2
02 76 07 162 24 2024 4 5 20 20 2
02 81 11 244 25 2024 4 5 20 20 2
02 88 58 278 04 2024 4 5 20 20 2
06 20 11 124 34 2024 4 5 20 20 2
06 36 28 177 31 2024 4 5 20 20 2
11 20 11 124 27 2024 4 5 20 20 2
11 36 28 177 25 2024 4 5 20 20 2
01 11 76 209 21 2024 4 5 20 20 3
01 20 28 165 32 2024 4 5 20 20 3
01 22 18 135 29 2024 4 5 20 20 3
01 24 25 233 21 2024 4 5 20 20 3
01 25 22 313 15 2024 4 5 20 20 3
08 24 25 233 24 2024 4 5 20 20 3
02 72 08 091 22 2024 4 5 20 20 3
02 76 07 162 24 2024 4 5 20 20 3
02 81 11 244 25 2024 4 5 20 20 3
02 88 58 278 05 2024 4 5 20 20 3
06 20 11 124 34 2024 4 5 20 20 3
06 36 28 177 30 2024 4 5 20 20 3
11 20 11 124 26 2024 4 5 20 20 3
11 36 28 177 25 2024 4 5 20 20 3
01 11 76 209 21 2024 4 5 20 20 4
01 20 28 165 32 2024 4 5 20 20 4
01 22 18 135 29 2024 4 5 20 20 4
01 24 25 233 20 2024 4 5 20 20 4
01 25 22 313 13 2024 4 5 20 20 4
08 24 25 233 23 2024 4 5 20 20 4
02 72 08 091 21 2024 4 5 20 20 4
02 76 07 162 25 2024 4 5 20 20 4
02 81 11 244 25 2024 4 5 20 20 4
02 88 58 278 15 2024 4 5 20 20 4
06 20 11 124 35 2024 4 5 20 20 4
06 36 28 177 30 2024 4 5 20 20 4
11 20 11 124 26 2024 4 5 20 20 4
11 36 28 177 25 2024 4 5 20 20 4
01 11 76 209 21 2024 4 5 20 20 5
01 20 28 165 31 2024 4 5 20 20 5
01 22 18 135 28 2024 4 5 20 20 5
01 24 25 233 21 2024 4 5 20 20 5
01 25 22 313 11 2024 4 5 20 20 5
08 24 25 233 23 2024 4 5 20 20 5
02 72 08 091 22 2024 4 5 20 20 5
02 76 07 162 24 2024 4 5 20 20 5
02 81 11 244 25 2024 4 5 20 20 5
02 88 58 278 16 2024 4 5 20 20 5
06 20 11 124 35 2024 4 5 20 20 5
06 36 28 177 31 2024 4 5 20 20 5
11 20 11 124 26 2024 4 5 20 20 5
11 36 28 177 25 2024 4 5 20 20 5
07 33 39 223 30 2024 4 5 20 20 5
01 11 76 209 20 2024 4 5 20 20 6
01 20 28 165 30 2024 4 5 20 20 6
01 22 18 135 26 2024 4 5 20 20 6
01 24 25 233 23 2024 4 5 20 20 6
01 25 22 313 12 2024 4 5 20 20 6
08 24 25 233 24 2024 4 5 20 20 6
02 72 08 091 21 2024 4 5 20 20 6
02 76 07 162 25 2024 4 5 20 20 6
02 81 11 244 27 2024 4 5 20 20 6
02 88 58 278 13 2024 4 5 20 20 6
06 20 11 124 35 2024 4 5 20 20 6
06 36 28 177 30 2024 4 5 20 20 6
11 20 11 124 26 2024 4 5 20 20 6
11 36 28 177 25 2024 4 5 20 20 6
07 33 39 223 30 2024 4 5 20 20 6
01 11 76 209 21 2024 4 5 20 20 7
01 20 28 165 29 2024 4 5 20 20 7
01 22 18 135 27 2024 4 5 20 20 7
01 24 25 233 25 2024 4 5 20 20 7
01 25 22 313 13 2024 4 5 20 20 7
08 24 25 233 24 2024 4 5 20 20 7
02 72 08 091 22 2024 4 5 20 20 7
02 76 07 162 24 2024 4 5 20 20 7
02 81 11 244 25 2024 4 5 20 20 7
02 88 58 278 12 2024 4 5 20 20 7
06 20 11 124 34 2024 4 5 20 20 7
06 36 28 177 31 2024 4 5 20 20 7
11 20 11 124 26 2024 4 5 20 20 7
11 36 28 177 25 2024 4 5 20 20 7
07 33 39 223 30 2024 4 5 20 20 7
01 11 76 209 23 2024 4 5 20 20 8
01 20 28 165 30 2024 4 5 20 20 8
01 22 18 135 25 2024 4 5 20 20 8
01 24 25 233 24 2024 4 5 20 20 8
01 25 22 313 13 2024 4 5 20 20 8
08 24 25 233 25 2024 4 5 20 20 8
02 72 08 091 22 2024 4 5 20 20 8
02 76 07 162 24 2024 4 5 20 20 8
02 81 11 244 25 2024 4 5 20 20 8
02 88 58 278 12 2024 4 5 20 20 8
06 20 11 124 34 2024 4 5 20 20 8
06 36 28 177 31 2024 4 5 20 20 8
11 20 11 124 27 2024 4 5 20 20 8
11 36 28 177 25 2024 4 5 20 20 8
07 33 39 223 29 2024 4 5 20 20 8
01 11 76 209 22 2024 4 5 20 20 9
01 20 28 165 28 2024 4 5 20 20 9
01 22 18 135 26 2024 4 5 20 20 9
01 24 25 233 26 2024 4 5 20 20 9
01 25 22 313 14 2024 4 5 20 20 9
08 24 25 233 25 2024 4 5 20 20 9
02 72 08 091 22 2024 4 5 20 20 9
02 76 07 162 25 2024 4 5 20 20 9
02 81 11 244 25 2024 4 5 20 20 9
02 88 58 278 11 2024 4 5 20 20 9
06 20 11 124 33 2024 4 5 20 20 9
06 36 28 177 31 2024 4 5 20 20 9
11 20 11 124 27 2024 4 5 20 20 9
11 36 28 177 25 2024 4 5 20 20 9
07 13 33 045 04 2024 4 5 20 20 9
07 33 39 223 30 2024 4 5 20 20 9
01 11 76 209 22 2024 4 5 20 20 10
01 20 28 165 29 2024 4 5 20 20 10
01 22 18 135 25 2024 4 5 20 20 10
01 24 25 233 26 2024 4 5 20 20 10
01 25 22 313 11 2024 4 5 20 20 10
08 24 25 233 25 2024 4 5 20 20 10
02 72 08 091 21 2024 4 5 20 20 10
02 76 07 162 27 2024 4 5 20 20 10
02 81 11 244 27 2024 4 5 20 20 10
06 20 11 124 33 2024 4 5 20 20 10
06 36 28 177 31 2024 4 5 20 20 10
11 20 11 124 27 2024 4 5 20 20 10
11 36 28 177 26 2024 4 5 20 20 10
07 13 33 045 04 2024 4 5 20 20 10
07 33 39 223 30 2024 4 5 20 20 10
01 11 76 209 21 2024 4 5 20 20 11
01 20 28 165 28 2024 4 5 20 20 11
01 22 18 135 26 2024 4 5 20 20 11
01 24 25 233 26 2024 4 5 20 20 11
01 25 22 313 13 2024 4 5 20 20 11
08 24 25 233 25 2024 4 5 20 20 11
02 72 08 091 21 2024 4 5 20 20 11
02 76 07 162 28 2024 4 5 20 20 11
02 81 11 244 28 2024 4 5 20 20 11
02 88 58 278 13 2024 4 5 20 20 11
06 20 11 124 33 2024 4 5 20 20 11
06 36 28 177 32 2024 4 5 20 20 11
11 20 11 124 27 2024 4 5 20 20 11
11 36 28 177 26 2024 4 5 20 20 11
07 13 33 045 14 2024 4 5 20 20 11
07 33 39 223 31 2024 4 5 20 20 11
12 33 39 223 09 2024 4 5 20 20 11
01 11 76 209 21 2024 4 5 20 20 12
01 20 28 165 27 2024 4 5 20 20 12
01 22 18 135 25 2024 4 5 20 20 12
01 24 25 233 24 2024 4 5 20 20 12
01 25 22 313 14 2024 4 5 20 20 12
08 24 25 233 25 2024 4 5 20 20 12
02 72 08 091 20 2024 4 5 20 20 12
02 76 07 162 29 2024 4 5 20 20 12
02 81 11 244 28 2024 4 5 20 20 12
02 88 58 278 11 2024 4 5 20 20 12
06 20 11 124 33 2024 4 5 20 20 12
06 36 28 177 32 2024 4 5 20 20 12
11 20 11 124 27 2024 4 5 20 20 12
11 36 28 177 26 2024 4 5 20 20 12
07 13 33 045 15 2024 4 5 20 20 12
07 33 39 223 31 2024 4 5 20 20 12
01 11 76 209 22 2024 4 5 20 20 13
01 20 28 165 29 2024 4 5 20 20 13
01 22 18 135 26 2024 4 5 20 20 13
01 24 25 233 23 2024 4 5 20 20 13
01 25 22 313 05 2024 4 5 20 20 13
08 24 25 233 25 2024 4 5 20 20 13
02 72 08 091 20 2024 4 5 20 20 13
02 76 07 162 22 2024 4 5 20 20 13
02 81 11 244 28 2024 4 5 20 20 13
02 88 58 278 09 2024 4 5 20 20 13
06 20 11 124 33 2024 4 5 20 20 13
06 36 28 177 32 2024 4 5 20 20 13
11 20 11 124 27 2024 4 5 20 20 13
11 36 28 177 26 2024 4 5 20 20 13
07 13 33 045 04 2024 4 5 20 20 13
07 33 39 223 31 2024 4 5 20 20 13
01 11 76 209 22 2024 4 5 20 20 14
01 20 28 165 29 2024 4 5 20 20 14
01 22 18 135 26 2024 4 5 20 20 14
01 24 25 233 23 2024 4 5 20 20 14
01 25 22 313 12 2024 4 5 20 20 14
08 24 25 233 26 2024 4 5 20 20 14
02 72 08 091 18 2024 4 5 20 20 14
02 76 07 162 25 2024 4 5 20 20 14
02 81 11 244 29 2024 4 5 20 20 14
02 88 58 278 10 2024 4 5 20 20 14
06 20 11 124 33 2024 4 5 20 20 14
06 36 28 177 32 2024 4 5 20 20 14
11 20 11 124 27 2024 4 5 20 20 14
11 36 28 177 26 2024 4 5 20 20 14
07 13 33 045 04 2024 4 5 20 20 14
07 33 39 223 31 2024 4 5 20 20 14
12 33 39 223 11 2024 4 5 20 20 14
01 11 76 209 22 2024 4 5 20 20 15
01 20 28 165 29 2024 4 5 20 20 15
01 22 18 135 28 2024 4 5 20 20 15
01 24 25 233 21 2024 4 5 20 20 15
01 25 22 313 10 2024 4 5 20 20 15
08 24 25 233 25 2024 4 5 20 20 15
02 72 08 091 20 2024 4 5 20 20 15
02 76 06 162 26 2024 4 5 20 20 15
02 81 11 244 29 2024 4 5 20 20 15
02 88 58 278 11 2024 4 5 20 20 15
06 20 11 124 33 2024 4 5 20 20 15
06 36 28 177 32 2024 4 5 20 20 15
11 20 11 124 27 2024 4 5 20 20 15
11 36 28 177 26 2024 4 5 20 20 15
07 13 33 045 04 2024 4 5 20 20 15
07 33 39 223 31 2024 4 5 20 20 15
12 33 39 223 18 2024 4 5 20 20 15
01 11 76 209 22 2024 4 5 20 20 16
01 20 28 165 29 2024 4 5 20 20 16
01 22 18 135 28 2024 4 5 20 20 16
01 24 25 233 22 2024 4 5 20 20 16
08 24 25 233 25 2024 4 5 20 20 16
02 72 08 091 18 2024 4 5 20 20 16
02 76 06 162 27 2024 4 5 20 20 16
02 81 11 244 30 2024 4 5 20 20 16
02 88 58 278 16 2024 4 5 20 20 16
06 20 11 124 33 2024 4 5 20 20 16
06 36 28 177 32 2024 4 5 20 20 16
11 20 11 124 27 2024 4 5 20 20 16
11 36 28 177 26 2024 4 5 20 20 16
07 13 33 045 04 2024 4 5 20 20 16
07 33 39 223 31 2024 4 5 20 20 16
12 33 39 223 18 2024 4 5 20 20 16
01 11 76 209 22 2024 4 5 20 20 17
01 20 28 165 29 2024 4 5 20 20 17
01 22 18 135 28 2024 4 5 20 20 17
01 24 25 233 24 2024 4 5 20 20 17
01 25 22 313 10 2024 4 5 20 20 17
08 24 25 233 26 2024 4 5 20 20 17
02 72 08 091 19 2024 4 5 20 20 17
02 76 06 162 28 2024 4 5 20 20 17
02 81 11 244 30 2024 4 5 20 20 17
02 88 58 278 20 2024 4 5 20 20 17
06 20 11 124 33 2024 4 5 20 20 17
06 36 28 177 32 2024 4 5 20 20 17
11 20 11 124 28 2024 4 5 20 20 17
11 36 28 177 26 2024 4 5 20 20 17
07 13 33 045 04 2024 4 5 20 20 17
07 33 39 223 31 2024 4 5 20 20 17
12 33 39 223 19 2024 4 5 20 20 17
01 11 76 209 21 2024 4 5 20 20 18
01 20 28 165 29 2024 4 5 20 20 18
01 22 18 135 28 2024 4 5 20 20 18
01 24 25 233 24 2024 4 5 20 20 18
01 25 22 313 02 2024 4 5 20 20 18
08 24 25 233 26 2024 4 5 20 20 18
02 72 08 091 19 2024 4 5 20 20 18
02 76 06 162 28 2024 4 5 20 20 18
02 81 11 244 32 2024 4 5 20 20 18
02 88 58 278 15 2024 4 5 20 20 18
06 20 11 124 33 2024 4 5 20 20 18
06 36 28 177 32 2024 4 5 20 20 18
11 20 11 124 28 2024 4 5 20 20 18
11 36 28 177 27 2024 4 5 20 20 18
07 13 33 045 06 2024 4 5 20 20 18
07 33 39 223 31 2024 4 5 20 20 18
12 33 39 223 19 2024 4 5 20 20 18
01 11 76 209 22 2024 4 5 20 20 19
01 20 28 165 30 2024 4 5 20 20 19
01 22 18 135 27 2024 4 5 20 20 19
01 24 25 233 23 2024 4 5 20 20 19
01 25 22 313 13 2024 4 5 20 20 19
08 24 25 233 26 2024 4 5 20 20 19
02 72 08 091 18 2024 4 5 20 20 19
02 76 06 162 28 2024 4 5 20 20 19
02 81 11 244 32 2024 4 5 20 20 19
02 88 58 278 16 2024 4 5 20 20 19
06 20 11 124 34 2024 4 5 20 20 19
06 36 28 177 32 2024 4 5 20 20 19
11 20 11 124 28 2024 4 5 20 20 19
11 36 28 177 27 2024 4 5 20 20 19
07 13 33 045 03 2024 4 5 20 20 19
07 33 39 223 32 2024 4 5 20 20 19
12 33 39 223 21 2024 4 5 20 20 19
