01 05 06 182 37 2024 4 5 20 34 9
01 11 83 216 19 2024 4 5 20 34 9
01 20 35 163 33 2024 4 5 20 34 9
01 22 13 138 29 2024 4 5 20 34 9
01 24 21 228 31 2024 4 5 20 34 9
06 20 15 120 32 2024 4 5 20 34 9
06 36 22 176 34 2024 4 5 20 34 9
01 05 06 182 38 2024 4 5 20 34 10
01 11 83 216 21 2024 4 5 20 34 10
01 20 35 163 32 2024 4 5 20 34 10
01 22 13 138 30 2024 4 5 20 34 10
01 24 21 228 32 2024 4 5 20 34 10
06 20 15 120 32 2024 4 5 20 34 10
06 36 22 176 35 2024 4 5 20 34 10
01 05 06 182 36 2024 4 5 20 34 19
01 20 35 163 35 2024 4 5 20 34 19
01 22 13 138 32 2024 4 5 20 34 19
01 24 21 228 31 2024 4 5 20 34 19
06 20 15 120 30 2024 4 5 20 34 19
06 35 29 265 09 2024 4 5 20 34 19
06 36 22 176 33 2024 4 5 20 34 19
01 05 06 182 37 2024 4 5 20 34 22
01 20 35 163 35 2024 4 5 20 34 22
01 22 13 138 33 2024 4 5 20 34 22
01 24 21 228 31 2024 4 5 20 34 22
06 20 15 120 31 2024 4 5 20 34 22
06 35 29 265 07 2024 4 5 20 34 22
06 36 22 176 34 2024 4 5 20 34 22
01 05 07 182 33 2024 4 5 20 34 44
01 20 35 163 35 2024 4 5 20 34 44
01 22 13 138 37 2024 4 5 20 34 44
01 24 21 228 34 2024 4 5 20 34 44
06 20 15 119 29 2024 4 5 20 34 44
06 36 22 176 36 2024 4 5 20 34 44
01 05 07 182 32 2024 4 5 20 34 45
01 20 35 163 35 2024 4 5 20 34 45
01 22 13 138 37 2024 4 5 20 34 45
01 24 21 228 34 2024 4 5 20 34 45
