01 05 06 182 35 2024 4 5 20 33 15
01 22 13 137 26 2024 4 5 20 33 15
01 24 21 229 32 2024 4 5 20 33 15
06 36 23 176 31 2024 4 5 20 33 15
01 05 06 182 35 2024 4 5 20 33 18
01 22 13 137 25 2024 4 5 20 33 18
01 24 21 229 32 2024 4 5 20 33 18
06 36 23 176 32 2024 4 5 20 33 18
06 45 55 234 04 2024 4 5 20 33 18
01 05 06 182 35 2024 4 5 20 33 19
01 20 34 163 28 2024 4 5 20 33 19
01 22 13 137 26 2024 4 5 20 33 19
01 24 21 229 33 2024 4 5 20 33 19
08 24 21 229 27 2024 4 5 20 33 19
02 77 41 179 24 2024 4 5 20 33 19
02 81 16 250 21 2024 4 5 20 33 19
06 36 23 176 32 2024 4 5 20 33 19
06 45 55 234 26 2024 4 5 20 33 19
01 05 06 182 35 2024 4 5 20 33 20
01 20 34 163 30 2024 4 5 20 33 20
01 22 13 137 27 2024 4 5 20 33 20
01 24 21 229 34 2024 4 5 20 33 20
08 24 21 229 27 2024 4 5 20 33 20
02 77 41 179 19 2024 4 5 20 33 20
02 81 16 250 23 2024 4 5 20 33 20
06 36 23 176 32 2024 4 5 20 33 20
06 45 55 234 29 2024 4 5 20 33 20
11 36 23 176 33 2024 4 5 20 33 20
01 05 06 182 35 2024 4 5 20 33 21
01 11 82 216 16 2024 4 5 20 33 21
01 20 34 163 31 2024 4 5 20 33 21
01 22 13 137 27 2024 4 5 20 33 21
01 24 21 229 34 2024 4 5 20 33 21
08 24 21 229 27 2024 4 5 20 33 21
02 77 41 179 18 2024 4 5 20 33 21
02 81 16 250 23 2024 4 5 20 33 21
06 36 23 176 32 2024 4 5 20 33 21
06 45 55 234 28 2024 4 5 20 33 21
11 36 23 176 33 2024 4 5 20 33 21
01 05 06 182 36 2024 4 5 20 33 22
01 11 82 216 17 2024 4 5 20 33 22
01 20 34 163 31 2024 4 5 20 33 22
01 22 13 137 27 2024 4 5 20 33 22
01 24 21 229 33 2024 4 5 20 33 22
08 24 21 229 27 2024 4 5 20 33 22
01 05 06 182 37 2024 4 5 20 33 58
01 11 83 216 22 2024 4 5 20 33 58
01 20 35 163 34 2024 4 5 20 33 58
01 22 13 138 31 2024 4 5 20 33 58
01 24 21 229 30 2024 4 5 20 33 58
06 20 15 120 29 2024 4 5 20 33 58
06 36 22 176 34 2024 4 5 20 33 58
01 05 06 182 37 2024 4 5 20 33 59
01 11 83 216 22 2024 4 5 20 33 59
01 20 35 163 34 2024 4 5 20 33 59
01 22 13 138 31 2024 4 5 20 33 59
01 24 21 229 30 2024 4 5 20 33 59
06 20 15 120 30 2024 4 5 20 33 59
06 36 22 176 33 2024 4 5 20 33 59
01 05 06 182 37 2024 4 5 20 34 0
01 11 83 216 21 2024 4 5 20 34 0
01 20 35 163 34 2024 4 5 20 34 0
01 22 13 138 31 2024 4 5 20 34 0
01 24 21 229 30 2024 4 5 20 34 0
08 24 21 229 25 2024 4 5 20 34 0
06 20 15 120 30 2024 4 5 20 34 0
06 36 22 176 34 2024 4 5 20 34 0
11 20 15 120 16 2024 4 5 20 34 0
11 36 22 176 32 2024 4 5 20 34 0
01 05 06 182 37 2024 4 5 20 34 2
01 11 83 216 22 2024 4 5 20 34 2
01 20 35 163 35 2024 4 5 20 34 2
01 22 13 138 32 2024 4 5 20 34 2
01 24 21 229 30 2024 4 5 20 34 2
08 24 21 229 26 2024 4 5 20 34 2
06 20 15 120 30 2024 4 5 20 34 2
06 36 22 176 34 2024 4 5 20 34 2
11 20 15 120 12 2024 4 5 20 34 2
11 36 22 176 33 2024 4 5 20 34 2
