01 05 08 182 38 2024 4 5 20 37 19
01 20 36 162 34 2024 4 5 20 37 19
01 22 12 138 28 2024 4 5 20 37 19
01 24 20 227 29 2024 4 5 20 37 19
08 24 20 227 29 2024 4 5 20 37 19
06 36 21 176 32 2024 4 5 20 37 19
01 05 08 182 39 2024 4 5 20 37 21
01 20 36 162 34 2024 4 5 20 37 21
01 22 12 138 29 2024 4 5 20 37 21
01 24 20 227 30 2024 4 5 20 37 21
08 24 20 227 29 2024 4 5 20 37 21
06 36 21 176 31 2024 4 5 20 37 21
11 36 21 176 30 2024 4 5 20 37 21
01 05 08 182 39 2024 4 5 20 37 22
01 20 36 162 34 2024 4 5 20 37 22
01 22 12 138 27 2024 4 5 20 37 22
01 24 20 227 30 2024 4 5 20 37 22
08 24 20 227 28 2024 4 5 20 37 22
06 36 21 176 31 2024 4 5 20 37 22
11 36 21 176 31 2024 4 5 20 37 22
01 20 36 162 34 2024 4 5 20 37 23
01 22 12 138 27 2024 4 5 20 37 23
01 05 08 182 37 2024 4 5 20 37 36
01 20 36 162 31 2024 4 5 20 37 36
01 22 11 138 31 2024 4 5 20 37 36
01 24 20 227 25 2024 4 5 20 37 36
06 36 21 176 33 2024 4 5 20 37 36
01 05 08 182 37 2024 4 5 20 37 37
01 20 36 162 31 2024 4 5 20 37 37
01 22 11 138 31 2024 4 5 20 37 37
01 24 20 227 24 2024 4 5 20 37 37
06 36 21 176 34 2024 4 5 20 37 37
01 05 08 182 36 2024 4 5 20 37 38
01 20 36 162 32 2024 4 5 20 37 38
01 22 11 138 31 2024 4 5 20 37 38
01 24 20 227 25 2024 4 5 20 37 38
06 36 21 176 34 2024 4 5 20 37 38
01 20 36 162 33 2024 4 5 20 37 39
01 22 11 138 31 2024 4 5 20 37 39
01 24 20 227 26 2024 4 5 20 37 39
06 36 21 176 34 2024 4 5 20 37 39
11 36 21 176 33 2024 4 5 20 37 39
01 05 08 182 36 2024 4 5 20 37 42
01 20 36 162 33 2024 4 5 20 37 42
01 22 11 138 31 2024 4 5 20 37 42
01 24 20 227 22 2024 4 5 20 37 42
08 24 20 227 28 2024 4 5 20 37 42
02 72 13 084 16 2024 4 5 20 37 42
06 36 21 176 34 2024 4 5 20 37 42
11 36 21 176 33 2024 4 5 20 37 42
01 05 08 182 37 2024 4 5 20 37 43
01 20 36 162 33 2024 4 5 20 37 43
01 22 11 138 31 2024 4 5 20 37 43
01 24 20 227 20 2024 4 5 20 37 43
08 24 20 227 28 2024 4 5 20 37 43
02 72 13 084 19 2024 4 5 20 37 43
06 36 21 176 33 2024 4 5 20 37 43
11 36 21 176 33 2024 4 5 20 37 43
01 05 08 182 36 2024 4 5 20 37 44
01 20 36 162 33 2024 4 5 20 37 44
01 22 11 138 31 2024 4 5 20 37 44
01 24 20 227 20 2024 4 5 20 37 44
08 24 20 227 27 2024 4 5 20 37 44
02 72 13 084 20 2024 4 5 20 37 44
06 36 21 176 32 2024 4 5 20 37 44
11 36 21 176 33 2024 4 5 20 37 44
01 05 08 182 37 2024 4 5 20 37 45
01 20 36 162 33 2024 4 5 20 37 45
01 22 11 138 29 2024 4 5 20 37 45
01 24 20 227 22 2024 4 5 20 37 45
08 24 20 227 28 2024 4 5 20 37 45
02 72 13 084 19 2024 4 5 20 37 45
06 36 21 176 33 2024 4 5 20 37 45
11 36 21 176 33 2024 4 5 20 37 45
01 05 08 182 37 2024 4 5 20 37 46
01 20 36 162 33 2024 4 5 20 37 46
01 22 11 138 29 2024 4 5 20 37 46
01 24 20 227 22 2024 4 5 20 37 46
08 24 20 227 28 2024 4 5 20 37 46
02 72 13 084 17 2024 4 5 20 37 46
06 36 21 176 32 2024 4 5 20 37 46
11 36 21 176 33 2024 4 5 20 37 46
01 05 08 182 37 2024 4 5 20 37 47
01 20 36 162 33 2024 4 5 20 37 47
01 22 11 138 28 2024 4 5 20 37 47
01 24 20 227 20 2024 4 5 20 37 47
08 24 20 227 28 2024 4 5 20 37 47
02 72 13 084 16 2024 4 5 20 37 47
06 36 21 176 32 2024 4 5 20 37 47
11 36 21 176 33 2024 4 5 20 37 47
01 05 08 182 37 2024 4 5 20 37 48
01 20 36 162 33 2024 4 5 20 37 48
01 22 11 138 27 2024 4 5 20 37 48
01 24 20 227 19 2024 4 5 20 37 48
08 24 20 227 28 2024 4 5 20 37 48
02 72 13 084 18 2024 4 5 20 37 48
06 36 21 176 32 2024 4 5 20 37 48
11 36 21 176 33 2024 4 5 20 37 48
01 05 08 182 36 2024 4 5 20 37 49
01 20 36 162 33 2024 4 5 20 37 49
01 22 11 138 26 2024 4 5 20 37 49
01 24 20 227 18 2024 4 5 20 37 49
08 24 20 227 28 2024 4 5 20 37 49
02 72 13 084 16 2024 4 5 20 37 49
06 36 21 176 32 2024 4 5 20 37 49
11 36 21 176 33 2024 4 5 20 37 49
01 05 08 182 37 2024 4 5 20 37 50
01 11 85 220 11 2024 4 5 20 37 50
01 20 36 162 33 2024 4 5 20 37 50
01 22 11 138 28 2024 4 5 20 37 50
01 24 20 227 16 2024 4 5 20 37 50
08 24 20 227 29 2024 4 5 20 37 50
02 72 13 084 13 2024 4 5 20 37 50
02 81 17 252 17 2024 4 5 20 37 50
06 36 21 176 32 2024 4 5 20 37 50
11 36 21 176 33 2024 4 5 20 37 50
01 05 08 182 37 2024 4 5 20 37 51
01 11 85 220 16 2024 4 5 20 37 51
01 20 36 162 34 2024 4 5 20 37 51
01 22 11 138 27 2024 4 5 20 37 51
01 24 20 227 20 2024 4 5 20 37 51
08 24 20 227 29 2024 4 5 20 37 51
02 72 13 084 09 2024 4 5 20 37 51
02 81 17 252 08 2024 4 5 20 37 51
06 36 21 176 32 2024 4 5 20 37 51
11 36 21 176 33 2024 4 5 20 37 51
01 05 08 182 36 2024 4 5 20 37 52
01 11 85 220 15 2024 4 5 20 37 52
01 20 36 162 34 2024 4 5 20 37 52
01 22 11 138 28 2024 4 5 20 37 52
01 24 20 227 23 2024 4 5 20 37 52
08 24 20 227 28 2024 4 5 20 37 52
02 72 13 084 08 2024 4 5 20 37 52
06 36 21 176 32 2024 4 5 20 37 52
11 36 21 176 34 2024 4 5 20 37 52
01 05 08 182 36 2024 4 5 20 37 55
01 20 36 162 34 2024 4 5 20 37 55
01 22 11 138 28 2024 4 5 20 37 55
01 24 20 227 24 2024 4 5 20 37 55
06 36 21 176 32 2024 4 5 20 37 55
01 05 08 182 37 2024 4 5 20 37 58
01 20 36 162 35 2024 4 5 20 37 58
01 22 11 138 29 2024 4 5 20 37 58
01 24 20 227 24 2024 4 5 20 37 58
06 36 21 176 33 2024 4 5 20 37 58
01 05 08 182 37 2024 4 5 20 37 59
01 20 36 162 34 2024 4 5 20 37 59
01 22 11 138 30 2024 4 5 20 37 59
01 24 20 227 24 2024 4 5 20 37 59
06 36 21 176 33 2024 4 5 20 37 59
11 36 21 176 32 2024 4 5 20 37 59
01 05 08 182 37 2024 4 5 20 38 0
01 20 36 162 34 2024 4 5 20 38 0
01 22 11 138 30 2024 4 5 20 38 0
01 24 20 227 24 2024 4 5 20 38 0
02 81 17 252 05 2024 4 5 20 38 0
06 36 21 176 34 2024 4 5 20 38 0
11 36 21 176 33 2024 4 5 20 38 0
01 20 36 162 35 2024 4 5 20 38 1
01 22 11 138 31 2024 4 5 20 38 1
01 05 08 181 38 2024 4 5 20 38 1
01 20 36 162 35 2024 4 5 20 38 1
01 22 11 138 32 2024 4 5 20 38 1
01 24 20 227 25 2024 4 5 20 38 1
08 24 20 227 29 2024 4 5 20 38 1
02 81 17 252 20 2024 4 5 20 38 1
06 36 21 176 33 2024 4 5 20 38 1
11 36 21 176 34 2024 4 5 20 38 1
01 05 08 181 37 2024 4 5 20 38 4
01 20 36 162 34 2024 4 5 20 38 4
01 22 11 138 33 2024 4 5 20 38 4
01 24 20 227 24 2024 4 5 20 38 4
08 24 20 227 29 2024 4 5 20 38 4
02 81 17 252 17 2024 4 5 20 38 4
06 36 21 176 34 2024 4 5 20 38 4
11 36 21 176 34 2024 4 5 20 38 4
01 05 08 181 37 2024 4 5 20 38 5
01 20 36 162 35 2024 4 5 20 38 5
01 22 11 138 33 2024 4 5 20 38 5
01 24 20 227 26 2024 4 5 20 38 5
08 24 20 227 29 2024 4 5 20 38 5
02 81 17 252 15 2024 4 5 20 38 5
06 36 21 176 34 2024 4 5 20 38 5
11 36 21 176 34 2024 4 5 20 38 5
01 05 08 181 38 2024 4 5 20 38 6
01 20 36 162 35 2024 4 5 20 38 6
01 22 11 138 33 2024 4 5 20 38 6
01 24 20 227 27 2024 4 5 20 38 6
08 24 20 227 28 2024 4 5 20 38 6
02 81 17 252 06 2024 4 5 20 38 6
06 36 21 176 34 2024 4 5 20 38 6
11 36 21 176 34 2024 4 5 20 38 6
01 05 08 181 37 2024 4 5 20 38 7
01 20 36 162 34 2024 4 5 20 38 7
01 22 11 138 32 2024 4 5 20 38 7
01 24 20 227 28 2024 4 5 20 38 7
08 24 20 227 29 2024 4 5 20 38 7
02 81 17 252 13 2024 4 5 20 38 7
06 36 21 176 33 2024 4 5 20 38 7
11 36 21 176 34 2024 4 5 20 38 7
01 05 08 181 38 2024 4 5 20 38 8
01 20 36 162 34 2024 4 5 20 38 8
01 22 11 138 32 2024 4 5 20 38 8
01 24 20 227 27 2024 4 5 20 38 8
08 24 20 227 29 2024 4 5 20 38 8
02 81 17 252 09 2024 4 5 20 38 8
06 36 21 176 33 2024 4 5 20 38 8
11 36 21 176 34 2024 4 5 20 38 8
01 05 08 181 38 2024 4 5 20 38 9
01 20 36 162 34 2024 4 5 20 38 9
01 22 11 138 31 2024 4 5 20 38 9
01 24 20 227 28 2024 4 5 20 38 9
08 24 20 227 29 2024 4 5 20 38 9
02 81 17 252 09 2024 4 5 20 38 9
06 36 21 176 32 2024 4 5 20 38 9
11 36 21 176 34 2024 4 5 20 38 9
01 05 08 181 39 2024 4 5 20 38 10
01 20 36 162 34 2024 4 5 20 38 10
01 22 11 138 31 2024 4 5 20 38 10
01 24 20 227 28 2024 4 5 20 38 10
08 24 20 227 30 2024 4 5 20 38 10
06 36 21 176 33 2024 4 5 20 38 10
11 36 21 176 34 2024 4 5 20 38 10
01 05 08 181 38 2024 4 5 20 38 11
01 20 36 162 34 2024 4 5 20 38 11
01 22 11 138 31 2024 4 5 20 38 11
01 24 20 227 27 2024 4 5 20 38 11
08 24 20 227 30 2024 4 5 20 38 11
02 81 17 252 13 2024 4 5 20 38 11
06 36 21 176 34 2024 4 5 20 38 11
11 36 21 176 34 2024 4 5 20 38 11
01 05 08 181 39 2024 4 5 20 38 12
01 20 36 162 34 2024 4 5 20 38 12
01 22 11 138 31 2024 4 5 20 38 12
01 24 20 227 26 2024 4 5 20 38 12
08 24 20 227 30 2024 4 5 20 38 12
02 81 17 252 11 2024 4 5 20 38 12
06 36 21 176 34 2024 4 5 20 38 12
11 36 21 176 34 2024 4 5 20 38 12
01 05 08 181 39 2024 4 5 20 38 13
01 20 36 162 34 2024 4 5 20 38 13
01 22 11 138 31 2024 4 5 20 38 13
01 24 20 227 24 2024 4 5 20 38 13
08 24 20 227 30 2024 4 5 20 38 13
02 81 17 252 14 2024 4 5 20 38 13
06 36 21 176 33 2024 4 5 20 38 13
11 36 21 176 34 2024 4 5 20 38 13
01 05 08 181 38 2024 4 5 20 38 14
01 20 36 162 33 2024 4 5 20 38 14
01 22 11 138 30 2024 4 5 20 38 14
01 24 20 227 21 2024 4 5 20 38 14
08 24 20 227 29 2024 4 5 20 38 14
