01 05 05 182 36 2024 4 5 20 31 18
01 20 33 163 13 2024 4 5 20 31 18
01 22 14 137 22 2024 4 5 20 31 18
02 81 15 249 30 2024 4 5 20 31 18
06 36 24 176 16 2024 4 5 20 31 18
01 05 05 182 37 2024 4 5 20 31 20
01 20 33 163 18 2024 4 5 20 31 20
01 22 14 137 31 2024 4 5 20 31 20
02 81 15 249 31 2024 4 5 20 31 20
06 36 24 176 30 2024 4 5 20 31 20
01 05 05 182 37 2024 4 5 20 31 21
01 20 33 163 15 2024 4 5 20 31 21
01 22 14 137 30 2024 4 5 20 31 21
02 81 15 249 30 2024 4 5 20 31 21
06 36 24 176 31 2024 4 5 20 31 21
01 05 05 182 37 2024 4 5 20 31 22
01 20 33 163 09 2024 4 5 20 31 22
01 22 14 137 29 2024 4 5 20 31 22
01 24 22 229 16 2024 4 5 20 31 22
02 81 15 249 29 2024 4 5 20 31 22
06 36 24 176 31 2024 4 5 20 31 22
01 05 05 182 38 2024 4 5 20 31 23
01 20 33 163 10 2024 4 5 20 31 23
01 22 14 137 28 2024 4 5 20 31 23
01 24 22 229 17 2024 4 5 20 31 23
02 81 15 249 29 2024 4 5 20 31 23
06 36 24 176 31 2024 4 5 20 31 23
01 05 05 182 37 2024 4 5 20 31 24
01 20 33 163 06 2024 4 5 20 31 24
01 22 14 137 28 2024 4 5 20 31 24
01 24 22 229 18 2024 4 5 20 31 24
02 81 15 249 30 2024 4 5 20 31 24
06 36 24 176 31 2024 4 5 20 31 24
11 36 24 176 32 2024 4 5 20 31 24
01 05 05 182 38 2024 4 5 20 31 25
01 20 33 163 08 2024 4 5 20 31 25
01 22 14 137 27 2024 4 5 20 31 25
01 24 22 229 19 2024 4 5 20 31 25
02 81 15 249 30 2024 4 5 20 31 25
06 36 24 176 31 2024 4 5 20 31 25
11 36 24 176 32 2024 4 5 20 31 25
01 05 06 182 27 2024 4 5 20 31 58
01 24 22 229 28 2024 4 5 20 31 58
02 81 15 249 27 2024 4 5 20 31 58
06 36 23 176 33 2024 4 5 20 31 58
01 05 06 182 34 2024 4 5 20 31 59
01 20 34 163 15 2024 4 5 20 31 59
01 22 14 137 17 2024 4 5 20 31 59
01 24 22 229 28 2024 4 5 20 31 59
08 24 22 229 28 2024 4 5 20 31 59
02 81 15 249 30 2024 4 5 20 31 59
06 36 23 176 33 2024 4 5 20 31 59
01 05 06 182 36 2024 4 5 20 32 0
01 20 34 163 21 2024 4 5 20 32 0
01 22 14 137 23 2024 4 5 20 32 0
01 24 22 229 28 2024 4 5 20 32 0
08 24 22 229 29 2024 4 5 20 32 0
02 81 15 249 31 2024 4 5 20 32 0
06 36 23 176 32 2024 4 5 20 32 0
01 05 06 182 37 2024 4 5 20 32 1
01 20 34 163 22 2024 4 5 20 32 1
01 22 14 137 25 2024 4 5 20 32 1
01 24 22 229 27 2024 4 5 20 32 1
08 24 22 229 28 2024 4 5 20 32 1
02 81 15 249 31 2024 4 5 20 32 1
06 36 23 176 32 2024 4 5 20 32 1
11 36 23 176 34 2024 4 5 20 32 1
01 05 06 182 37 2024 4 5 20 32 2
01 20 34 163 26 2024 4 5 20 32 2
01 22 14 137 25 2024 4 5 20 32 2
01 24 22 229 28 2024 4 5 20 32 2
08 24 22 229 29 2024 4 5 20 32 2
02 81 15 249 30 2024 4 5 20 32 2
06 36 23 176 33 2024 4 5 20 32 2
11 36 23 176 33 2024 4 5 20 32 2
01 05 06 182 37 2024 4 5 20 32 3
01 20 34 163 26 2024 4 5 20 32 3
01 22 14 137 26 2024 4 5 20 32 3
01 24 22 229 29 2024 4 5 20 32 3
08 24 22 229 29 2024 4 5 20 32 3
02 81 15 249 31 2024 4 5 20 32 3
06 36 23 176 34 2024 4 5 20 32 3
11 36 23 176 33 2024 4 5 20 32 3
