02 67 80 321 36 2024 4 25 9 55 50
06 19 45 307 46 2024 4 25 9 55 50
02 67 80 321 31 2024 4 25 9 55 55
06 19 45 307 48 2024 4 25 9 55 55
11 19 45 307 44 2024 4 25 9 55 55
02 67 81 320 30 2024 4 25 18 55 10
06 19 12 115 48 2024 4 25 18 55 10
11 19 12 115 43 2024 4 25 18 55 10
02 67 81 320 31 2024 4 25 18 55 15
06 19 12 115 48 2024 4 25 18 55 15
06 20 13 068 24 2024 4 25 18 55 15
11 19 12 115 43 2024 4 25 18 55 15
01 06 62 047 35 2024 4 25 18 55 20
01 11 74 209 49 2024 4 25 18 55 20
01 12 52 311 42 2024 4 25 18 55 20
01 17 17 079 37 2024 4 25 18 55 20
01 20 27 166 46 2024 4 25 18 55 20
01 22 20 134 49 2024 4 25 18 55 20
01 24 26 235 41 2024 4 25 18 55 20
01 25 22 313 34 2024 4 25 18 55 20
08 06 62 047 45 2024 4 25 18 55 20
08 24 26 235 46 2024 4 25 18 55 20
08 25 22 313 27 2024 4 25 18 55 20
02 67 10 046 34 2024 4 25 18 55 20
02 68 07 092 34 2024 4 25 18 55 20
06 19 12 115 47 2024 4 25 18 55 20
11 19 12 115 43 2024 4 25 18 55 20
01 06 62 047 37 2024 4 25 18 55 25
01 11 74 209 49 2024 4 25 18 55 25
01 12 52 311 42 2024 4 25 18 55 25
01 17 17 079 34 2024 4 25 18 55 25
01 20 27 166 48 2024 4 25 18 55 25
01 22 20 134 49 2024 4 25 18 55 25
01 24 26 235 42 2024 4 25 18 55 25
01 25 22 313 34 2024 4 25 18 55 25
08 06 62 047 45 2024 4 25 18 55 25
08 24 26 235 47 2024 4 25 18 55 25
08 25 22 313 24 2024 4 25 18 55 25
02 67 10 046 32 2024 4 25 18 55 25
02 68 07 092 43 2024 4 25 18 55 25
06 19 12 115 47 2024 4 25 18 55 25
11 19 12 115 43 2024 4 25 18 55 25
01 06 62 047 36 2024 4 25 18 55 30
01 11 74 209 49 2024 4 25 18 55 30
01 12 52 311 43 2024 4 25 18 55 30
01 17 17 079 35 2024 4 25 18 55 30
01 20 27 166 49 2024 4 25 18 55 30
01 22 20 134 48 2024 4 25 18 55 30
01 24 26 235 42 2024 4 25 18 55 30
01 25 22 313 34 2024 4 25 18 55 30
08 06 62 047 46 2024 4 25 18 55 30
08 24 26 235 47 2024 4 25 18 55 30
08 25 22 313 23 2024 4 25 18 55 30
02 67 10 046 38 2024 4 25 18 55 30
02 68 07 092 44 2024 4 25 18 55 30
06 19 12 115 48 2024 4 25 18 55 30
11 19 12 115 42 2024 4 25 18 55 30
01 06 62 047 36 2024 4 25 18 55 35
01 11 74 209 49 2024 4 25 18 55 35
01 12 52 311 43 2024 4 25 18 55 35
01 17 17 079 36 2024 4 25 18 55 35
01 20 27 166 49 2024 4 25 18 55 35
01 22 20 134 49 2024 4 25 18 55 35
01 24 26 235 44 2024 4 25 18 55 35
01 25 22 313 35 2024 4 25 18 55 35
08 06 62 047 46 2024 4 25 18 55 35
08 24 26 235 47 2024 4 25 18 55 35
08 25 22 313 21 2024 4 25 18 55 35
02 67 10 045 36 2024 4 25 18 55 35
02 68 07 092 45 2024 4 25 18 55 35
06 19 12 115 47 2024 4 25 18 55 35
10 19 12 115 38 2024 4 25 18 55 35
10 20 13 068 35 2024 4 25 18 55 35
11 19 12 115 42 2024 4 25 18 55 35
01 06 62 047 39 2024 4 25 18 55 40
01 11 74 209 49 2024 4 25 18 55 40
01 12 52 311 41 2024 4 25 18 55 40
01 17 17 079 35 2024 4 25 18 55 40
01 20 27 166 48 2024 4 25 18 55 40
01 22 20 134 48 2024 4 25 18 55 40
01 24 26 235 44 2024 4 25 18 55 40
01 25 22 313 35 2024 4 25 18 55 40
08 06 62 047 46 2024 4 25 18 55 40
08 24 26 235 47 2024 4 25 18 55 40
08 25 22 313 19 2024 4 25 18 55 40
02 67 10 045 37 2024 4 25 18 55 40
02 68 07 092 44 2024 4 25 18 55 40
02 73 58 188 48 2024 4 25 18 55 40
02 74 63 302 35 2024 4 25 18 55 40
02 75 12 331 29 2024 4 25 18 55 40
02 80 07 162 50 2024 4 25 18 55 40
02 83 38 033 22 2024 4 25 18 55 40
02 84 60 278 35 2024 4 25 18 55 40
02 85 10 243 46 2024 4 25 18 55 40
06 19 12 115 47 2024 4 25 18 55 40
10 19 12 115 41 2024 4 25 18 55 40
10 20 13 068 33 2024 4 25 18 55 40
11 19 12 115 42 2024 4 25 18 55 40
11 20 13 068 34 2024 4 25 18 55 40
01 06 62 047 39 2024 4 25 18 55 45
01 11 74 209 49 2024 4 25 18 55 45
01 12 52 311 42 2024 4 25 18 55 45
01 17 17 079 35 2024 4 25 18 55 45
01 20 27 166 48 2024 4 25 18 55 45
01 22 20 134 47 2024 4 25 18 55 45
01 24 26 235 43 2024 4 25 18 55 45
01 25 22 313 35 2024 4 25 18 55 45
08 06 62 047 46 2024 4 25 18 55 45
08 24 26 235 48 2024 4 25 18 55 45
08 25 22 313 30 2024 4 25 18 55 45
02 67 10 045 34 2024 4 25 18 55 45
02 68 07 092 43 2024 4 25 18 55 45
02 73 58 188 48 2024 4 25 18 55 45
02 74 63 302 36 2024 4 25 18 55 45
02 75 12 331 32 2024 4 25 18 55 45
02 80 07 162 50 2024 4 25 18 55 45
02 83 38 033 20 2024 4 25 18 55 45
02 84 60 278 35 2024 4 25 18 55 45
02 85 10 243 45 2024 4 25 18 55 45
06 19 12 115 47 2024 4 25 18 55 45
10 19 12 115 40 2024 4 25 18 55 45
10 20 13 068 32 2024 4 25 18 55 45
11 19 12 115 42 2024 4 25 18 55 45
11 20 13 068 33 2024 4 25 18 55 45
07 13 34 044 30 2024 4 25 18 55 45
07 26 88 133 46 2024 4 25 18 55 45
12 13 34 044 20 2024 4 25 18 55 45
12 21 44 139 45 2024 4 25 18 55 45
12 26 88 133 44 2024 4 25 18 55 45
12 33 38 222 46 2024 4 25 18 55 45
01 06 62 047 39 2024 4 25 18 55 50
01 11 74 209 48 2024 4 25 18 55 50
01 12 52 311 43 2024 4 25 18 55 50
01 17 17 079 35 2024 4 25 18 55 50
01 20 27 166 48 2024 4 25 18 55 50
01 22 20 134 48 2024 4 25 18 55 50
01 24 26 234 44 2024 4 25 18 55 50
01 25 22 313 35 2024 4 25 18 55 50
08 06 62 047 46 2024 4 25 18 55 50
08 24 26 234 48 2024 4 25 18 55 50
08 25 22 313 31 2024 4 25 18 55 50
02 67 10 045 32 2024 4 25 18 55 50
02 68 07 091 42 2024 4 25 18 55 50
02 73 58 188 48 2024 4 25 18 55 50
02 74 63 302 37 2024 4 25 18 55 50
02 75 12 331 32 2024 4 25 18 55 50
02 80 07 162 50 2024 4 25 18 55 50
02 83 38 033 20 2024 4 25 18 55 50
02 84 60 278 35 2024 4 25 18 55 50
02 85 10 243 44 2024 4 25 18 55 50
06 12 15 253 38 2024 4 25 18 55 50
10 19 12 115 39 2024 4 25 18 55 50
10 20 13 068 32 2024 4 25 18 55 50
10 24 33 306 31 2024 4 25 18 55 50
10 26 57 235 32 2024 4 25 18 55 50
11 19 12 115 42 2024 4 25 18 55 50
11 20 13 068 34 2024 4 25 18 55 50
07 13 34 044 32 2024 4 25 18 55 50
07 21 44 139 43 2024 4 25 18 55 50
07 26 88 133 46 2024 4 25 18 55 50
07 33 38 222 44 2024 4 25 18 55 50
12 13 34 044 30 2024 4 25 18 55 50
12 21 44 139 46 2024 4 25 18 55 50
12 26 88 133 45 2024 4 25 18 55 50
12 33 38 222 48 2024 4 25 18 55 50
01 06 62 047 38 2024 4 25 18 55 55
01 11 74 209 49 2024 4 25 18 55 55
01 12 52 311 42 2024 4 25 18 55 55
01 17 17 079 34 2024 4 25 18 55 55
01 20 27 166 49 2024 4 25 18 55 55
01 22 20 134 48 2024 4 25 18 55 55
01 24 26 234 43 2024 4 25 18 55 55
01 25 22 313 36 2024 4 25 18 55 55
08 06 62 047 46 2024 4 25 18 55 55
08 24 26 234 49 2024 4 25 18 55 55
08 25 22 313 32 2024 4 25 18 55 55
02 67 10 045 34 2024 4 25 18 55 55
02 68 07 091 43 2024 4 25 18 55 55
02 73 58 188 48 2024 4 25 18 55 55
02 74 63 302 37 2024 4 25 18 55 55
02 75 12 331 33 2024 4 25 18 55 55
02 80 07 162 50 2024 4 25 18 55 55
02 84 60 278 35 2024 4 25 18 55 55
02 85 10 243 45 2024 4 25 18 55 55
06 12 15 253 36 2024 4 25 18 55 55
10 19 12 115 39 2024 4 25 18 55 55
10 20 13 068 31 2024 4 25 18 55 55
10 24 33 306 38 2024 4 25 18 55 55
10 26 57 235 40 2024 4 25 18 55 55
10 44 36 262 38 2024 4 25 18 55 55
10 45 23 172 39 2024 4 25 18 55 55
11 19 12 115 41 2024 4 25 18 55 55
11 20 13 068 34 2024 4 25 18 55 55
11 24 33 306 38 2024 4 25 18 55 55
11 26 57 235 43 2024 4 25 18 55 55
11 29 29 060 34 2024 4 25 18 55 55
11 44 36 262 36 2024 4 25 18 55 55
11 45 23 172 53 2024 4 25 18 55 55
07 13 34 044 32 2024 4 25 18 55 55
07 21 44 139 42 2024 4 25 18 55 55
07 26 88 131 46 2024 4 25 18 55 55
07 33 38 222 43 2024 4 25 18 55 55
12 13 34 044 30 2024 4 25 18 55 55
12 21 44 139 46 2024 4 25 18 55 55
12 26 88 131 45 2024 4 25 18 55 55
12 33 38 222 48 2024 4 25 18 55 55
01 06 62 047 38 2024 4 25 18 56 0
01 11 74 209 49 2024 4 25 18 56 0
01 12 52 311 42 2024 4 25 18 56 0
01 17 17 079 35 2024 4 25 18 56 0
01 20 27 166 50 2024 4 25 18 56 0
01 22 20 134 48 2024 4 25 18 56 0
01 24 26 234 42 2024 4 25 18 56 0
01 25 22 313 36 2024 4 25 18 56 0
08 06 62 047 46 2024 4 25 18 56 0
08 24 26 234 49 2024 4 25 18 56 0
08 25 22 313 33 2024 4 25 18 56 0
02 67 10 045 33 2024 4 25 18 56 0
02 68 07 091 40 2024 4 25 18 56 0
02 73 58 188 48 2024 4 25 18 56 0
02 74 63 302 37 2024 4 25 18 56 0
02 75 12 331 33 2024 4 25 18 56 0
02 80 07 162 50 2024 4 25 18 56 0
02 84 60 278 35 2024 4 25 18 56 0
02 85 10 243 46 2024 4 25 18 56 0
06 12 15 253 34 2024 4 25 18 56 0
10 19 12 115 40 2024 4 25 18 56 0
10 20 13 068 33 2024 4 25 18 56 0
10 24 33 306 38 2024 4 25 18 56 0
10 26 57 235 40 2024 4 25 18 56 0
10 44 36 262 38 2024 4 25 18 56 0
10 45 23 172 41 2024 4 25 18 56 0
11 19 12 115 40 2024 4 25 18 56 0
11 20 13 068 34 2024 4 25 18 56 0
11 24 33 306 38 2024 4 25 18 56 0
11 26 57 235 43 2024 4 25 18 56 0
11 29 29 060 35 2024 4 25 18 56 0
11 44 36 262 39 2024 4 25 18 56 0
11 45 23 172 52 2024 4 25 18 56 0
07 13 34 044 32 2024 4 25 18 56 0
07 21 44 139 40 2024 4 25 18 56 0
07 26 88 131 47 2024 4 25 18 56 0
07 33 38 222 43 2024 4 25 18 56 0
12 13 34 044 31 2024 4 25 18 56 0
12 21 44 139 46 2024 4 25 18 56 0
12 26 88 131 44 2024 4 25 18 56 0
12 33 38 222 47 2024 4 25 18 56 0
01 06 62 047 35 2024 4 25 18 56 5
01 11 74 209 48 2024 4 25 18 56 5
01 12 52 311 40 2024 4 25 18 56 5
01 17 17 079 39 2024 4 25 18 56 5
01 19 39 067 37 2024 4 25 18 56 5
01 20 27 166 48 2024 4 25 18 56 5
01 22 20 134 47 2024 4 25 18 56 5
01 24 26 234 40 2024 4 25 18 56 5
01 25 22 313 36 2024 4 25 18 56 5
08 06 62 047 46 2024 4 25 18 56 5
08 24 26 234 49 2024 4 25 18 56 5
08 25 22 313 33 2024 4 25 18 56 5
02 67 10 045 35 2024 4 25 18 56 5
02 68 07 091 39 2024 4 25 18 56 5
02 73 58 188 48 2024 4 25 18 56 5
02 74 63 301 37 2024 4 25 18 56 5
02 75 12 331 31 2024 4 25 18 56 5
02 80 07 162 50 2024 4 25 18 56 5
02 84 60 278 35 2024 4 25 18 56 5
02 85 11 243 45 2024 4 25 18 56 5
06 12 15 253 34 2024 4 25 18 56 5
10 19 12 115 44 2024 4 25 18 56 5
10 20 13 068 38 2024 4 25 18 56 5
10 24 33 306 37 2024 4 25 18 56 5
10 26 57 235 40 2024 4 25 18 56 5
10 44 36 263 37 2024 4 25 18 56 5
10 45 23 172 41 2024 4 25 18 56 5
11 19 12 115 39 2024 4 25 18 56 5
11 20 13 068 34 2024 4 25 18 56 5
11 24 33 306 37 2024 4 25 18 56 5
11 26 57 235 43 2024 4 25 18 56 5
11 29 29 060 34 2024 4 25 18 56 5
11 44 36 263 40 2024 4 25 18 56 5
11 45 23 172 51 2024 4 25 18 56 5
07 13 34 044 31 2024 4 25 18 56 5
07 21 44 139 38 2024 4 25 18 56 5
07 26 88 131 46 2024 4 25 18 56 5
07 33 38 222 42 2024 4 25 18 56 5
12 13 34 044 31 2024 4 25 18 56 5
12 21 44 139 46 2024 4 25 18 56 5
12 26 88 131 45 2024 4 25 18 56 5
12 33 38 222 47 2024 4 25 18 56 5
01 06 62 047 38 2024 4 25 18 56 10
01 11 74 209 48 2024 4 25 18 56 10
01 12 52 311 42 2024 4 25 18 56 10
01 17 17 079 38 2024 4 25 18 56 10
01 19 39 067 37 2024 4 25 18 56 10
01 20 27 166 47 2024 4 25 18 56 10
01 22 20 134 47 2024 4 25 18 56 10
01 24 26 234 41 2024 4 25 18 56 10
01 25 22 313 35 2024 4 25 18 56 10
08 06 62 047 47 2024 4 25 18 56 10
08 24 26 234 49 2024 4 25 18 56 10
08 25 22 313 34 2024 4 25 18 56 10
02 67 10 045 34 2024 4 25 18 56 10
02 68 07 091 42 2024 4 25 18 56 10
02 73 58 188 48 2024 4 25 18 56 10
02 74 63 301 37 2024 4 25 18 56 10
02 75 12 331 32 2024 4 25 18 56 10
02 80 07 162 50 2024 4 25 18 56 10
02 84 60 278 34 2024 4 25 18 56 10
02 85 11 243 44 2024 4 25 18 56 10
06 12 15 253 35 2024 4 25 18 56 10
10 19 12 115 45 2024 4 25 18 56 10
10 20 13 068 37 2024 4 25 18 56 10
10 24 33 306 38 2024 4 25 18 56 10
10 26 57 235 40 2024 4 25 18 56 10
10 44 36 263 36 2024 4 25 18 56 10
10 45 23 172 41 2024 4 25 18 56 10
11 19 12 115 39 2024 4 25 18 56 10
11 20 13 068 34 2024 4 25 18 56 10
11 24 33 306 37 2024 4 25 18 56 10
11 26 57 235 43 2024 4 25 18 56 10
11 29 29 060 34 2024 4 25 18 56 10
11 44 36 263 40 2024 4 25 18 56 10
11 45 23 172 50 2024 4 25 18 56 10
07 13 34 044 32 2024 4 25 18 56 10
07 21 44 139 39 2024 4 25 18 56 10
07 26 88 129 47 2024 4 25 18 56 10
07 33 38 222 42 2024 4 25 18 56 10
12 13 34 044 31 2024 4 25 18 56 10
12 21 44 139 46 2024 4 25 18 56 10
12 26 88 129 45 2024 4 25 18 56 10
12 33 38 222 47 2024 4 25 18 56 10
01 06 62 047 39 2024 4 25 18 56 15
01 11 74 209 49 2024 4 25 18 56 15
01 12 52 311 41 2024 4 25 18 56 15
01 17 16 080 32 2024 4 25 18 56 15
01 19 39 067 35 2024 4 25 18 56 15
01 20 27 166 48 2024 4 25 18 56 15
01 22 19 134 46 2024 4 25 18 56 15
01 24 26 234 43 2024 4 25 18 56 15
01 25 22 313 36 2024 4 25 18 56 15
08 06 62 047 47 2024 4 25 18 56 15
08 24 26 234 49 2024 4 25 18 56 15
08 25 22 313 34 2024 4 25 18 56 15
02 67 10 045 36 2024 4 25 18 56 15
02 68 07 091 41 2024 4 25 18 56 15
02 73 57 188 48 2024 4 25 18 56 15
02 74 63 301 39 2024 4 25 18 56 15
02 75 12 331 32 2024 4 25 18 56 15
02 80 07 162 49 2024 4 25 18 56 15
02 84 60 278 35 2024 4 25 18 56 15
02 85 11 243 44 2024 4 25 18 56 15
06 12 15 254 35 2024 4 25 18 56 15
10 19 12 115 44 2024 4 25 18 56 15
10 20 13 068 38 2024 4 25 18 56 15
10 24 33 306 38 2024 4 25 18 56 15
10 26 57 235 41 2024 4 25 18 56 15
10 44 36 263 36 2024 4 25 18 56 15
10 45 23 172 41 2024 4 25 18 56 15
11 19 12 115 39 2024 4 25 18 56 15
11 20 13 068 34 2024 4 25 18 56 15
11 24 33 306 36 2024 4 25 18 56 15
11 26 57 235 43 2024 4 25 18 56 15
11 29 29 060 33 2024 4 25 18 56 15
11 44 36 263 39 2024 4 25 18 56 15
11 45 23 172 49 2024 4 25 18 56 15
07 13 34 044 33 2024 4 25 18 56 15
07 21 44 139 39 2024 4 25 18 56 15
07 26 88 129 47 2024 4 25 18 56 15
07 33 38 222 42 2024 4 25 18 56 15
12 13 34 044 30 2024 4 25 18 56 15
12 21 44 139 46 2024 4 25 18 56 15
12 26 88 129 45 2024 4 25 18 56 15
12 33 38 222 47 2024 4 25 18 56 15
01 06 62 047 40 2024 4 25 18 56 20
01 11 74 209 49 2024 4 25 18 56 20
01 12 52 311 42 2024 4 25 18 56 20
01 17 16 080 38 2024 4 25 18 56 20
01 19 39 067 34 2024 4 25 18 56 20
01 20 27 166 49 2024 4 25 18 56 20
01 22 19 134 46 2024 4 25 18 56 20
01 24 26 234 42 2024 4 25 18 56 20
01 25 22 313 37 2024 4 25 18 56 20
08 06 62 047 47 2024 4 25 18 56 20
08 24 26 234 49 2024 4 25 18 56 20
08 25 22 313 34 2024 4 25 18 56 20
02 67 10 045 29 2024 4 25 18 56 20
02 68 07 091 41 2024 4 25 18 56 20
02 73 57 188 48 2024 4 25 18 56 20
02 74 63 301 37 2024 4 25 18 56 20
02 75 12 331 29 2024 4 25 18 56 20
02 80 07 162 49 2024 4 25 18 56 20
02 84 60 278 36 2024 4 25 18 56 20
02 85 11 243 43 2024 4 25 18 56 20
06 12 15 254 36 2024 4 25 18 56 20
10 19 12 115 45 2024 4 25 18 56 20
10 20 13 068 37 2024 4 25 18 56 20
10 24 33 306 39 2024 4 25 18 56 20
10 26 57 235 41 2024 4 25 18 56 20
10 29 29 060 37 2024 4 25 18 56 20
10 44 36 263 36 2024 4 25 18 56 20
10 45 23 172 42 2024 4 25 18 56 20
11 19 12 115 39 2024 4 25 18 56 20
11 20 13 068 34 2024 4 25 18 56 20
11 24 33 306 36 2024 4 25 18 56 20
11 26 57 235 43 2024 4 25 18 56 20
11 29 29 060 32 2024 4 25 18 56 20
11 44 36 263 39 2024 4 25 18 56 20
11 45 23 172 49 2024 4 25 18 56 20
07 13 33 044 32 2024 4 25 18 56 20
07 21 44 139 37 2024 4 25 18 56 20
07 26 88 126 47 2024 4 25 18 56 20
07 33 38 222 43 2024 4 25 18 56 20
12 13 33 044 30 2024 4 25 18 56 20
12 21 44 139 46 2024 4 25 18 56 20
12 26 88 126 45 2024 4 25 18 56 20
12 33 38 222 47 2024 4 25 18 56 20
01 06 62 047 42 2024 4 25 18 56 25
01 11 74 209 49 2024 4 25 18 56 25
01 12 52 311 42 2024 4 25 18 56 25
01 17 16 080 40 2024 4 25 18 56 25
01 19 39 067 35 2024 4 25 18 56 25
01 20 27 166 50 2024 4 25 18 56 25
01 22 19 134 47 2024 4 25 18 56 25
01 24 26 234 41 2024 4 25 18 56 25
01 25 22 313 35 2024 4 25 18 56 25
08 06 62 047 47 2024 4 25 18 56 25
08 24 26 234 50 2024 4 25 18 56 25
08 25 22 313 34 2024 4 25 18 56 25
02 67 10 045 24 2024 4 25 18 56 25
02 68 07 091 35 2024 4 25 18 56 25
02 73 57 188 46 2024 4 25 18 56 25
02 74 63 301 37 2024 4 25 18 56 25
02 75 12 331 28 2024 4 25 18 56 25
02 80 07 162 49 2024 4 25 18 56 25
02 84 60 278 36 2024 4 25 18 56 25
02 85 11 243 42 2024 4 25 18 56 25
06 12 15 254 35 2024 4 25 18 56 25
10 19 12 115 45 2024 4 25 18 56 25
10 20 13 068 36 2024 4 25 18 56 25
10 24 33 306 44 2024 4 25 18 56 25
10 26 57 235 45 2024 4 25 18 56 25
10 29 29 060 40 2024 4 25 18 56 25
10 44 36 263 41 2024 4 25 18 56 25
10 45 23 172 46 2024 4 25 18 56 25
11 19 12 115 40 2024 4 25 18 56 25
11 20 13 068 34 2024 4 25 18 56 25
11 24 33 306 36 2024 4 25 18 56 25
11 26 57 235 42 2024 4 25 18 56 25
11 29 29 060 31 2024 4 25 18 56 25
11 44 36 263 39 2024 4 25 18 56 25
11 45 23 172 49 2024 4 25 18 56 25
07 13 33 044 31 2024 4 25 18 56 25
07 21 44 139 37 2024 4 25 18 56 25
07 26 88 126 47 2024 4 25 18 56 25
07 33 38 222 43 2024 4 25 18 56 25
12 13 33 044 28 2024 4 25 18 56 25
12 21 44 139 46 2024 4 25 18 56 25
12 26 88 126 45 2024 4 25 18 56 25
12 33 38 222 47 2024 4 25 18 56 25
01 06 62 047 42 2024 4 25 18 56 30
01 11 74 209 49 2024 4 25 18 56 30
01 12 52 311 41 2024 4 25 18 56 30
01 17 16 080 39 2024 4 25 18 56 30
01 19 39 067 31 2024 4 25 18 56 30
01 20 27 166 49 2024 4 25 18 56 30
01 22 19 134 48 2024 4 25 18 56 30
01 24 26 234 43 2024 4 25 18 56 30
01 25 22 313 34 2024 4 25 18 56 30
08 06 62 047 47 2024 4 25 18 56 30
08 24 26 234 50 2024 4 25 18 56 30
08 25 22 313 34 2024 4 25 18 56 30
02 67 10 045 26 2024 4 25 18 56 30
02 68 07 091 36 2024 4 25 18 56 30
02 73 57 188 47 2024 4 25 18 56 30
02 74 63 301 39 2024 4 25 18 56 30
02 75 13 331 29 2024 4 25 18 56 30
02 80 07 162 49 2024 4 25 18 56 30
02 84 60 279 36 2024 4 25 18 56 30
02 85 11 243 41 2024 4 25 18 56 30
06 12 15 254 34 2024 4 25 18 56 30
10 19 12 115 45 2024 4 25 18 56 30
10 20 13 068 37 2024 4 25 18 56 30
10 24 33 306 44 2024 4 25 18 56 30
10 26 57 234 44 2024 4 25 18 56 30
10 29 29 060 39 2024 4 25 18 56 30
10 44 36 263 40 2024 4 25 18 56 30
10 45 23 172 45 2024 4 25 18 56 30
11 19 12 115 40 2024 4 25 18 56 30
11 20 13 068 34 2024 4 25 18 56 30
11 24 33 306 36 2024 4 25 18 56 30
11 26 57 234 43 2024 4 25 18 56 30
11 29 29 060 29 2024 4 25 18 56 30
11 44 36 263 39 2024 4 25 18 56 30
11 45 23 172 50 2024 4 25 18 56 30
07 13 33 044 29 2024 4 25 18 56 30
07 21 44 139 37 2024 4 25 18 56 30
07 26 88 126 47 2024 4 25 18 56 30
07 33 38 222 43 2024 4 25 18 56 30
12 13 33 044 26 2024 4 25 18 56 30
12 21 44 139 47 2024 4 25 18 56 30
12 26 88 126 45 2024 4 25 18 56 30
12 33 38 222 47 2024 4 25 18 56 30
01 06 62 047 43 2024 4 25 18 56 35
01 11 74 209 49 2024 4 25 18 56 35
01 12 52 311 42 2024 4 25 18 56 35
01 17 16 080 38 2024 4 25 18 56 35
01 19 39 067 37 2024 4 25 18 56 35
01 20 27 166 47 2024 4 25 18 56 35
01 22 19 134 48 2024 4 25 18 56 35
01 24 26 234 44 2024 4 25 18 56 35
01 25 22 313 36 2024 4 25 18 56 35
08 06 62 047 47 2024 4 25 18 56 35
08 24 26 234 50 2024 4 25 18 56 35
08 25 22 313 36 2024 4 25 18 56 35
02 67 10 045 29 2024 4 25 18 56 35
02 68 07 091 36 2024 4 25 18 56 35
02 73 57 188 48 2024 4 25 18 56 35
02 74 63 301 39 2024 4 25 18 56 35
02 75 13 331 30 2024 4 25 18 56 35
02 80 07 162 49 2024 4 25 18 56 35
02 84 60 279 36 2024 4 25 18 56 35
02 85 11 243 42 2024 4 25 18 56 35
06 12 15 254 33 2024 4 25 18 56 35
10 19 12 115 45 2024 4 25 18 56 35
10 20 13 068 38 2024 4 25 18 56 35
10 24 33 306 44 2024 4 25 18 56 35
10 26 57 234 45 2024 4 25 18 56 35
10 29 29 060 39 2024 4 25 18 56 35
10 44 36 263 39 2024 4 25 18 56 35
10 45 23 172 45 2024 4 25 18 56 35
11 19 12 115 41 2024 4 25 18 56 35
11 20 13 068 34 2024 4 25 18 56 35
11 24 33 306 36 2024 4 25 18 56 35
11 26 57 234 42 2024 4 25 18 56 35
11 29 29 060 28 2024 4 25 18 56 35
11 44 36 263 39 2024 4 25 18 56 35
11 45 23 172 50 2024 4 25 18 56 35
07 13 33 044 28 2024 4 25 18 56 35
07 21 44 139 35 2024 4 25 18 56 35
07 26 88 123 47 2024 4 25 18 56 35
07 33 38 222 44 2024 4 25 18 56 35
12 13 33 044 23 2024 4 25 18 56 35
12 21 44 139 46 2024 4 25 18 56 35
12 26 88 123 45 2024 4 25 18 56 35
12 33 38 222 47 2024 4 25 18 56 35
01 06 62 047 42 2024 4 25 18 56 40
01 11 75 209 49 2024 4 25 18 56 40
01 12 53 311 41 2024 4 25 18 56 40
01 17 16 080 38 2024 4 25 18 56 40
01 19 39 067 38 2024 4 25 18 56 40
01 20 27 166 48 2024 4 25 18 56 40
01 22 19 134 49 2024 4 25 18 56 40
01 24 26 234 43 2024 4 25 18 56 40
01 25 23 313 37 2024 4 25 18 56 40
08 06 62 047 47 2024 4 25 18 56 40
08 24 26 234 50 2024 4 25 18 56 40
08 25 23 313 36 2024 4 25 18 56 40
02 67 10 045 21 2024 4 25 18 56 40
02 68 07 091 34 2024 4 25 18 56 40
02 73 57 188 47 2024 4 25 18 56 40
02 74 63 301 40 2024 4 25 18 56 40
02 75 13 331 31 2024 4 25 18 56 40
02 80 07 162 49 2024 4 25 18 56 40
02 84 60 279 36 2024 4 25 18 56 40
02 85 11 243 42 2024 4 25 18 56 40
06 12 15 254 33 2024 4 25 18 56 40
10 19 12 115 44 2024 4 25 18 56 40
10 20 13 068 38 2024 4 25 18 56 40
10 24 33 306 43 2024 4 25 18 56 40
10 26 57 234 45 2024 4 25 18 56 40
10 29 29 060 43 2024 4 25 18 56 40
10 44 36 263 40 2024 4 25 18 56 40
10 45 23 172 44 2024 4 25 18 56 40
11 19 12 115 41 2024 4 25 18 56 40
11 20 13 068 33 2024 4 25 18 56 40
11 24 33 306 36 2024 4 25 18 56 40
11 26 57 234 43 2024 4 25 18 56 40
11 29 29 060 26 2024 4 25 18 56 40
11 44 36 263 39 2024 4 25 18 56 40
11 45 23 172 51 2024 4 25 18 56 40
07 13 33 044 28 2024 4 25 18 56 40
07 21 44 139 37 2024 4 25 18 56 40
07 26 88 123 47 2024 4 25 18 56 40
07 33 38 222 44 2024 4 25 18 56 40
12 13 33 044 27 2024 4 25 18 56 40
12 21 44 139 46 2024 4 25 18 56 40
12 26 88 123 45 2024 4 25 18 56 40
12 33 38 222 48 2024 4 25 18 56 40
01 06 62 047 42 2024 4 25 18 56 45
01 11 75 209 49 2024 4 25 18 56 45
01 12 53 311 42 2024 4 25 18 56 45
01 17 16 080 41 2024 4 25 18 56 45
01 19 39 067 38 2024 4 25 18 56 45
01 20 27 166 51 2024 4 25 18 56 45
01 22 19 134 48 2024 4 25 18 56 45
01 24 26 234 43 2024 4 25 18 56 45
01 25 23 313 35 2024 4 25 18 56 45
08 06 62 047 46 2024 4 25 18 56 45
08 24 26 234 50 2024 4 25 18 56 45
08 25 23 313 35 2024 4 25 18 56 45
02 67 10 045 18 2024 4 25 18 56 45
02 68 07 091 37 2024 4 25 18 56 45
02 73 57 188 46 2024 4 25 18 56 45
02 74 63 301 38 2024 4 25 18 56 45
02 75 13 331 32 2024 4 25 18 56 45
02 80 07 162 49 2024 4 25 18 56 45
02 83 38 033 26 2024 4 25 18 56 45
02 84 60 279 35 2024 4 25 18 56 45
02 85 11 243 44 2024 4 25 18 56 45
06 12 15 254 34 2024 4 25 18 56 45
10 19 12 115 43 2024 4 25 18 56 45
10 20 13 068 39 2024 4 25 18 56 45
10 24 33 306 43 2024 4 25 18 56 45
10 26 57 234 45 2024 4 25 18 56 45
10 29 29 060 43 2024 4 25 18 56 45
10 44 36 263 39 2024 4 25 18 56 45
10 45 23 172 45 2024 4 25 18 56 45
11 19 12 115 41 2024 4 25 18 56 45
11 20 13 068 33 2024 4 25 18 56 45
11 24 33 306 37 2024 4 25 18 56 45
11 26 57 234 43 2024 4 25 18 56 45
11 29 29 060 22 2024 4 25 18 56 45
11 44 36 263 39 2024 4 25 18 56 45
11 45 23 172 51 2024 4 25 18 56 45
07 13 33 044 26 2024 4 25 18 56 45
07 21 44 139 38 2024 4 25 18 56 45
07 26 88 123 47 2024 4 25 18 56 45
07 33 38 222 44 2024 4 25 18 56 45
12 13 33 044 27 2024 4 25 18 56 45
12 21 44 139 47 2024 4 25 18 56 45
12 26 88 123 46 2024 4 25 18 56 45
12 33 38 222 48 2024 4 25 18 56 45
01 06 62 047 41 2024 4 25 18 56 50
01 11 75 209 49 2024 4 25 18 56 50
01 12 53 311 41 2024 4 25 18 56 50
01 17 16 080 40 2024 4 25 18 56 50
01 19 39 067 35 2024 4 25 18 56 50
01 20 27 166 50 2024 4 25 18 56 50
01 22 19 134 47 2024 4 25 18 56 50
01 24 26 234 43 2024 4 25 18 56 50
01 25 23 313 34 2024 4 25 18 56 50
08 06 62 047 46 2024 4 25 18 56 50
08 24 26 234 50 2024 4 25 18 56 50
08 25 23 313 36 2024 4 25 18 56 50
02 67 10 045 22 2024 4 25 18 56 50
02 68 07 091 40 2024 4 25 18 56 50
02 73 57 188 45 2024 4 25 18 56 50
02 74 63 301 39 2024 4 25 18 56 50
02 75 13 331 33 2024 4 25 18 56 50
02 80 07 162 48 2024 4 25 18 56 50
02 83 38 033 30 2024 4 25 18 56 50
02 84 60 279 35 2024 4 25 18 56 50
02 85 11 243 45 2024 4 25 18 56 50
06 12 15 254 35 2024 4 25 18 56 50
10 19 12 115 42 2024 4 25 18 56 50
10 20 13 068 38 2024 4 25 18 56 50
10 24 33 306 43 2024 4 25 18 56 50
10 26 57 234 45 2024 4 25 18 56 50
10 29 29 060 43 2024 4 25 18 56 50
10 44 36 263 38 2024 4 25 18 56 50
10 45 23 172 45 2024 4 25 18 56 50
11 19 12 115 41 2024 4 25 18 56 50
11 20 13 068 34 2024 4 25 18 56 50
11 24 33 306 37 2024 4 25 18 56 50
11 26 57 234 43 2024 4 25 18 56 50
11 29 29 060 21 2024 4 25 18 56 50
11 44 36 263 38 2024 4 25 18 56 50
11 45 23 172 51 2024 4 25 18 56 50
07 13 33 044 30 2024 4 25 18 56 50
07 21 44 139 38 2024 4 25 18 56 50
07 26 88 121 47 2024 4 25 18 56 50
07 33 38 222 44 2024 4 25 18 56 50
12 13 33 044 26 2024 4 25 18 56 50
12 21 44 139 46 2024 4 25 18 56 50
12 26 88 121 45 2024 4 25 18 56 50
12 31 26 313 30 2024 4 25 18 56 50
12 33 38 222 48 2024 4 25 18 56 50
01 06 62 047 43 2024 4 25 18 56 55
01 11 75 209 49 2024 4 25 18 56 55
01 12 53 311 41 2024 4 25 18 56 55
01 17 16 080 37 2024 4 25 18 56 55
01 19 39 067 37 2024 4 25 18 56 55
01 20 27 166 48 2024 4 25 18 56 55
01 22 19 134 46 2024 4 25 18 56 55
01 24 26 234 44 2024 4 25 18 56 55
01 25 23 313 35 2024 4 25 18 56 55
08 06 62 047 46 2024 4 25 18 56 55
08 24 26 234 50 2024 4 25 18 56 55
08 25 23 313 36 2024 4 25 18 56 55
02 67 10 045 35 2024 4 25 18 56 55
02 68 07 091 35 2024 4 25 18 56 55
02 73 57 187 45 2024 4 25 18 56 55
02 74 63 300 39 2024 4 25 18 56 55
02 75 13 331 31 2024 4 25 18 56 55
02 80 07 162 48 2024 4 25 18 56 55
02 83 38 033 28 2024 4 25 18 56 55
02 84 61 279 35 2024 4 25 18 56 55
02 85 11 243 46 2024 4 25 18 56 55
06 12 15 254 37 2024 4 25 18 56 55
10 19 12 115 41 2024 4 25 18 56 55
10 20 13 068 36 2024 4 25 18 56 55
10 24 33 306 43 2024 4 25 18 56 55
10 26 57 234 45 2024 4 25 18 56 55
10 29 29 060 42 2024 4 25 18 56 55
10 44 36 263 38 2024 4 25 18 56 55
10 45 23 172 48 2024 4 25 18 56 55
11 19 12 115 41 2024 4 25 18 56 55
11 20 13 068 35 2024 4 25 18 56 55
11 24 33 306 37 2024 4 25 18 56 55
11 26 57 234 43 2024 4 25 18 56 55
11 29 29 060 23 2024 4 25 18 56 55
11 44 36 263 38 2024 4 25 18 56 55
11 45 23 172 50 2024 4 25 18 56 55
07 13 33 044 30 2024 4 25 18 56 55
07 21 44 139 37 2024 4 25 18 56 55
07 26 88 121 47 2024 4 25 18 56 55
07 33 38 222 45 2024 4 25 18 56 55
12 13 33 044 28 2024 4 25 18 56 55
12 21 44 139 46 2024 4 25 18 56 55
12 26 88 121 45 2024 4 25 18 56 55
12 31 26 313 31 2024 4 25 18 56 55
12 33 38 222 48 2024 4 25 18 56 55
01 06 62 047 44 2024 4 25 18 57 0
01 11 75 209 49 2024 4 25 18 57 0
01 12 53 311 40 2024 4 25 18 57 0
01 17 16 080 34 2024 4 25 18 57 0
01 19 39 067 41 2024 4 25 18 57 0
01 20 27 166 45 2024 4 25 18 57 0
01 22 19 134 46 2024 4 25 18 57 0
01 24 26 234 44 2024 4 25 18 57 0
01 25 23 313 35 2024 4 25 18 57 0
08 06 62 047 46 2024 4 25 18 57 0
08 24 26 234 51 2024 4 25 18 57 0
08 25 23 313 35 2024 4 25 18 57 0
02 67 10 045 33 2024 4 25 18 57 0
02 68 07 091 25 2024 4 25 18 57 0
02 73 57 187 46 2024 4 25 18 57 0
02 74 63 300 40 2024 4 25 18 57 0
02 75 13 331 31 2024 4 25 18 57 0
02 80 07 162 48 2024 4 25 18 57 0
02 83 38 033 29 2024 4 25 18 57 0
02 84 61 279 34 2024 4 25 18 57 0
02 85 11 243 46 2024 4 25 18 57 0
06 12 15 254 35 2024 4 25 18 57 0
10 19 13 115 41 2024 4 25 18 57 0
10 20 13 067 37 2024 4 25 18 57 0
10 24 33 306 45 2024 4 25 18 57 0
10 26 57 234 44 2024 4 25 18 57 0
10 29 29 060 41 2024 4 25 18 57 0
10 44 36 263 38 2024 4 25 18 57 0
10 45 23 172 48 2024 4 25 18 57 0
11 19 13 115 41 2024 4 25 18 57 0
11 20 13 067 36 2024 4 25 18 57 0
11 24 33 306 37 2024 4 25 18 57 0
11 26 57 234 43 2024 4 25 18 57 0
11 29 29 060 24 2024 4 25 18 57 0
11 44 36 263 38 2024 4 25 18 57 0
11 45 23 172 49 2024 4 25 18 57 0
07 13 33 044 29 2024 4 25 18 57 0
07 21 44 140 38 2024 4 25 18 57 0
07 26 88 118 47 2024 4 25 18 57 0
07 33 38 222 45 2024 4 25 18 57 0
12 13 33 044 29 2024 4 25 18 57 0
12 21 44 140 47 2024 4 25 18 57 0
12 26 88 118 45 2024 4 25 18 57 0
12 31 26 313 30 2024 4 25 18 57 0
12 33 38 222 48 2024 4 25 18 57 0
01 06 62 047 45 2024 4 25 18 57 5
01 11 75 209 49 2024 4 25 18 57 5
01 12 53 311 40 2024 4 25 18 57 5
01 17 16 080 36 2024 4 25 18 57 5
01 19 39 067 39 2024 4 25 18 57 5
01 20 27 166 48 2024 4 25 18 57 5
01 22 19 134 47 2024 4 25 18 57 5
01 24 26 234 45 2024 4 25 18 57 5
01 25 23 313 34 2024 4 25 18 57 5
08 06 62 047 46 2024 4 25 18 57 5
08 24 26 234 51 2024 4 25 18 57 5
08 25 23 313 36 2024 4 25 18 57 5
02 67 10 045 30 2024 4 25 18 57 5
02 68 07 091 33 2024 4 25 18 57 5
02 73 57 187 46 2024 4 25 18 57 5
02 74 63 300 40 2024 4 25 18 57 5
02 75 13 331 30 2024 4 25 18 57 5
02 80 07 162 48 2024 4 25 18 57 5
02 83 38 033 29 2024 4 25 18 57 5
02 84 61 279 33 2024 4 25 18 57 5
02 85 11 243 45 2024 4 25 18 57 5
06 12 15 254 36 2024 4 25 18 57 5
10 19 13 115 42 2024 4 25 18 57 5
10 20 13 067 38 2024 4 25 18 57 5
10 24 33 306 44 2024 4 25 18 57 5
10 26 57 234 44 2024 4 25 18 57 5
10 29 29 060 42 2024 4 25 18 57 5
10 44 36 263 40 2024 4 25 18 57 5
10 45 23 172 48 2024 4 25 18 57 5
11 19 13 115 42 2024 4 25 18 57 5
11 20 13 067 37 2024 4 25 18 57 5
11 24 33 306 36 2024 4 25 18 57 5
11 26 57 234 43 2024 4 25 18 57 5
11 29 29 060 22 2024 4 25 18 57 5
11 44 36 263 37 2024 4 25 18 57 5
11 45 23 172 49 2024 4 25 18 57 5
07 13 33 044 26 2024 4 25 18 57 5
07 21 44 140 39 2024 4 25 18 57 5
07 26 88 118 46 2024 4 25 18 57 5
07 33 38 222 45 2024 4 25 18 57 5
12 13 33 044 29 2024 4 25 18 57 5
12 21 44 140 46 2024 4 25 18 57 5
12 26 88 118 45 2024 4 25 18 57 5
12 31 26 313 30 2024 4 25 18 57 5
12 33 38 222 48 2024 4 25 18 57 5
01 06 62 047 46 2024 4 25 18 57 10
01 11 75 209 48 2024 4 25 18 57 10
01 12 53 311 38 2024 4 25 18 57 10
01 17 16 080 36 2024 4 25 18 57 10
01 19 39 067 40 2024 4 25 18 57 10
01 20 27 166 50 2024 4 25 18 57 10
01 22 19 134 47 2024 4 25 18 57 10
01 24 26 234 44 2024 4 25 18 57 10
01 25 23 313 34 2024 4 25 18 57 10
08 06 62 047 46 2024 4 25 18 57 10
08 24 26 234 51 2024 4 25 18 57 10
08 25 23 313 35 2024 4 25 18 57 10
02 67 10 045 31 2024 4 25 18 57 10
02 68 07 091 38 2024 4 25 18 57 10
02 73 57 187 46 2024 4 25 18 57 10
02 74 63 300 39 2024 4 25 18 57 10
02 75 13 331 30 2024 4 25 18 57 10
02 80 07 162 47 2024 4 25 18 57 10
02 83 38 033 27 2024 4 25 18 57 10
02 84 61 279 33 2024 4 25 18 57 10
02 85 11 243 45 2024 4 25 18 57 10
06 12 15 254 37 2024 4 25 18 57 10
10 19 13 115 43 2024 4 25 18 57 10
10 20 13 067 39 2024 4 25 18 57 10
10 24 33 306 44 2024 4 25 18 57 10
10 26 57 234 44 2024 4 25 18 57 10
10 29 29 060 41 2024 4 25 18 57 10
10 44 36 263 41 2024 4 25 18 57 10
10 45 23 172 47 2024 4 25 18 57 10
11 19 13 115 41 2024 4 25 18 57 10
11 20 13 067 38 2024 4 25 18 57 10
11 24 33 306 35 2024 4 25 18 57 10
11 26 57 234 43 2024 4 25 18 57 10
11 29 29 060 19 2024 4 25 18 57 10
11 44 36 263 36 2024 4 25 18 57 10
11 45 23 172 48 2024 4 25 18 57 10
07 21 44 140 39 2024 4 25 18 57 10
07 26 88 118 46 2024 4 25 18 57 10
07 33 38 222 45 2024 4 25 18 57 10
12 13 33 044 29 2024 4 25 18 57 10
12 21 44 140 47 2024 4 25 18 57 10
12 26 88 118 45 2024 4 25 18 57 10
12 31 26 313 29 2024 4 25 18 57 10
12 33 38 222 47 2024 4 25 18 57 10
01 06 62 047 45 2024 4 25 18 57 15
01 11 75 209 49 2024 4 25 18 57 15
01 12 53 311 38 2024 4 25 18 57 15
01 17 16 080 37 2024 4 25 18 57 15
01 19 39 067 39 2024 4 25 18 57 15
01 20 27 166 51 2024 4 25 18 57 15
01 22 19 134 47 2024 4 25 18 57 15
01 24 26 234 44 2024 4 25 18 57 15
01 25 23 313 33 2024 4 25 18 57 15
08 06 62 047 46 2024 4 25 18 57 15
08 24 26 234 51 2024 4 25 18 57 15
08 25 23 313 35 2024 4 25 18 57 15
02 67 10 045 33 2024 4 25 18 57 15
02 68 07 091 37 2024 4 25 18 57 15
02 73 57 187 45 2024 4 25 18 57 15
02 74 63 300 38 2024 4 25 18 57 15
02 75 13 331 32 2024 4 25 18 57 15
02 80 07 162 47 2024 4 25 18 57 15
02 83 38 033 26 2024 4 25 18 57 15
02 84 61 279 34 2024 4 25 18 57 15
02 85 11 243 45 2024 4 25 18 57 15
06 12 15 254 39 2024 4 25 18 57 15
10 19 13 115 43 2024 4 25 18 57 15
10 20 13 067 39 2024 4 25 18 57 15
10 24 33 306 43 2024 4 25 18 57 15
10 26 57 234 44 2024 4 25 18 57 15
10 29 29 060 41 2024 4 25 18 57 15
10 44 36 263 42 2024 4 25 18 57 15
10 45 23 172 47 2024 4 25 18 57 15
11 19 13 115 41 2024 4 25 18 57 15
11 20 13 067 37 2024 4 25 18 57 15
11 24 33 306 34 2024 4 25 18 57 15
11 26 57 234 44 2024 4 25 18 57 15
11 29 29 060 20 2024 4 25 18 57 15
11 44 36 263 36 2024 4 25 18 57 15
11 45 23 172 49 2024 4 25 18 57 15
07 21 44 140 40 2024 4 25 18 57 15
07 26 88 115 46 2024 4 25 18 57 15
07 33 38 222 45 2024 4 25 18 57 15
12 13 33 044 31 2024 4 25 18 57 15
12 21 44 140 47 2024 4 25 18 57 15
12 26 88 115 45 2024 4 25 18 57 15
12 31 26 313 28 2024 4 25 18 57 15
12 33 38 222 47 2024 4 25 18 57 15
01 06 62 047 45 2024 4 25 18 57 20
01 11 75 209 49 2024 4 25 18 57 20
01 12 53 311 39 2024 4 25 18 57 20
01 17 16 080 39 2024 4 25 18 57 20
01 19 39 068 37 2024 4 25 18 57 20
01 20 27 166 48 2024 4 25 18 57 20
01 22 19 134 47 2024 4 25 18 57 20
01 24 26 234 45 2024 4 25 18 57 20
01 25 23 313 33 2024 4 25 18 57 20
08 06 62 047 46 2024 4 25 18 57 20
08 24 26 234 51 2024 4 25 18 57 20
08 25 23 313 35 2024 4 25 18 57 20
02 67 10 045 31 2024 4 25 18 57 20
02 68 07 091 38 2024 4 25 18 57 20
02 73 57 187 45 2024 4 25 18 57 20
02 74 63 300 40 2024 4 25 18 57 20
02 75 13 331 33 2024 4 25 18 57 20
02 80 07 162 47 2024 4 25 18 57 20
02 83 38 033 28 2024 4 25 18 57 20
02 84 61 279 33 2024 4 25 18 57 20
02 85 11 243 44 2024 4 25 18 57 20
06 12 15 254 39 2024 4 25 18 57 20
10 19 13 115 42 2024 4 25 18 57 20
10 20 13 067 39 2024 4 25 18 57 20
10 24 33 306 43 2024 4 25 18 57 20
10 26 57 234 46 2024 4 25 18 57 20
10 29 29 060 41 2024 4 25 18 57 20
10 44 36 263 42 2024 4 25 18 57 20
10 45 23 172 47 2024 4 25 18 57 20
11 19 13 115 41 2024 4 25 18 57 20
11 20 13 067 37 2024 4 25 18 57 20
11 24 33 306 34 2024 4 25 18 57 20
11 26 57 234 44 2024 4 25 18 57 20
11 29 29 060 19 2024 4 25 18 57 20
11 44 36 263 36 2024 4 25 18 57 20
11 45 23 172 49 2024 4 25 18 57 20
07 21 44 140 40 2024 4 25 18 57 20
07 26 88 115 46 2024 4 25 18 57 20
07 33 38 222 45 2024 4 25 18 57 20
12 13 33 044 30 2024 4 25 18 57 20
12 21 44 140 47 2024 4 25 18 57 20
12 26 88 115 46 2024 4 25 18 57 20
12 31 26 313 28 2024 4 25 18 57 20
12 33 38 222 47 2024 4 25 18 57 20
01 06 62 047 45 2024 4 25 18 57 25
01 11 75 209 50 2024 4 25 18 57 25
01 12 53 311 38 2024 4 25 18 57 25
01 17 16 080 40 2024 4 25 18 57 25
01 19 39 068 39 2024 4 25 18 57 25
01 20 27 166 46 2024 4 25 18 57 25
01 22 19 134 47 2024 4 25 18 57 25
01 24 26 234 45 2024 4 25 18 57 25
01 25 23 313 32 2024 4 25 18 57 25
08 06 62 047 46 2024 4 25 18 57 25
08 24 26 234 51 2024 4 25 18 57 25
08 25 23 313 35 2024 4 25 18 57 25
02 67 10 045 31 2024 4 25 18 57 25
02 68 07 091 36 2024 4 25 18 57 25
02 73 57 187 45 2024 4 25 18 57 25
02 74 63 300 38 2024 4 25 18 57 25
02 75 13 331 35 2024 4 25 18 57 25
02 80 06 162 46 2024 4 25 18 57 25
02 83 37 033 31 2024 4 25 18 57 25
02 84 61 280 34 2024 4 25 18 57 25
02 85 11 243 44 2024 4 25 18 57 25
06 12 15 254 38 2024 4 25 18 57 25
10 19 13 115 41 2024 4 25 18 57 25
10 20 13 067 39 2024 4 25 18 57 25
10 24 33 306 44 2024 4 25 18 57 25
10 26 56 234 45 2024 4 25 18 57 25
10 29 29 060 41 2024 4 25 18 57 25
10 44 36 263 42 2024 4 25 18 57 25
10 45 23 172 47 2024 4 25 18 57 25
11 19 13 115 42 2024 4 25 18 57 25
11 20 13 067 37 2024 4 25 18 57 25
11 24 33 306 34 2024 4 25 18 57 25
11 26 56 234 44 2024 4 25 18 57 25
11 29 29 060 16 2024 4 25 18 57 25
11 44 36 263 35 2024 4 25 18 57 25
11 45 23 172 50 2024 4 25 18 57 25
07 21 44 140 41 2024 4 25 18 57 25
07 26 88 115 46 2024 4 25 18 57 25
07 33 38 222 45 2024 4 25 18 57 25
12 13 33 044 31 2024 4 25 18 57 25
12 21 44 140 47 2024 4 25 18 57 25
12 26 88 115 45 2024 4 25 18 57 25
12 31 26 313 27 2024 4 25 18 57 25
12 33 38 222 47 2024 4 25 18 57 25
01 06 62 047 44 2024 4 25 18 57 30
01 11 75 209 50 2024 4 25 18 57 30
01 12 53 311 39 2024 4 25 18 57 30
01 17 16 080 40 2024 4 25 18 57 30
01 19 39 068 41 2024 4 25 18 57 30
01 20 27 166 46 2024 4 25 18 57 30
01 22 19 134 46 2024 4 25 18 57 30
01 24 26 234 46 2024 4 25 18 57 30
01 25 23 313 34 2024 4 25 18 57 30
08 06 62 047 46 2024 4 25 18 57 30
08 24 26 234 51 2024 4 25 18 57 30
08 25 23 313 33 2024 4 25 18 57 30
02 67 10 045 38 2024 4 25 18 57 30
02 68 07 091 40 2024 4 25 18 57 30
02 73 57 187 45 2024 4 25 18 57 30
02 74 63 300 37 2024 4 25 18 57 30
02 75 13 331 36 2024 4 25 18 57 30
02 80 06 162 45 2024 4 25 18 57 30
02 83 37 033 31 2024 4 25 18 57 30
02 84 61 280 35 2024 4 25 18 57 30
02 85 11 243 44 2024 4 25 18 57 30
06 12 15 254 36 2024 4 25 18 57 30
10 19 13 115 41 2024 4 25 18 57 30
10 20 13 067 39 2024 4 25 18 57 30
10 24 33 306 44 2024 4 25 18 57 30
10 26 56 234 45 2024 4 25 18 57 30
10 29 29 060 41 2024 4 25 18 57 30
10 44 36 263 40 2024 4 25 18 57 30
10 45 23 172 46 2024 4 25 18 57 30
11 19 13 115 42 2024 4 25 18 57 30
11 20 13 067 38 2024 4 25 18 57 30
11 24 33 306 33 2024 4 25 18 57 30
11 26 56 234 44 2024 4 25 18 57 30
11 29 29 060 15 2024 4 25 18 57 30
11 44 36 263 35 2024 4 25 18 57 30
11 45 23 172 50 2024 4 25 18 57 30
07 21 44 140 41 2024 4 25 18 57 30
07 26 88 112 45 2024 4 25 18 57 30
07 33 38 222 46 2024 4 25 18 57 30
12 13 33 044 30 2024 4 25 18 57 30
12 21 44 140 47 2024 4 25 18 57 30
12 26 88 112 46 2024 4 25 18 57 30
12 31 27 313 28 2024 4 25 18 57 30
12 33 38 222 47 2024 4 25 18 57 30
01 06 61 047 44 2024 4 25 18 57 35
01 11 75 209 49 2024 4 25 18 57 35
01 12 53 311 40 2024 4 25 18 57 35
01 17 16 080 41 2024 4 25 18 57 35
01 19 39 068 42 2024 4 25 18 57 35
01 20 27 166 49 2024 4 25 18 57 35
01 22 19 134 46 2024 4 25 18 57 35
01 24 26 234 46 2024 4 25 18 57 35
01 25 23 313 33 2024 4 25 18 57 35
08 06 61 047 46 2024 4 25 18 57 35
08 24 26 234 51 2024 4 25 18 57 35
08 25 23 313 33 2024 4 25 18 57 35
02 67 10 044 36 2024 4 25 18 57 35
02 68 07 091 43 2024 4 25 18 57 35
02 73 57 187 45 2024 4 25 18 57 35
02 74 63 300 38 2024 4 25 18 57 35
02 75 13 331 33 2024 4 25 18 57 35
02 80 06 162 45 2024 4 25 18 57 35
02 83 37 033 32 2024 4 25 18 57 35
02 84 61 280 35 2024 4 25 18 57 35
02 85 11 244 44 2024 4 25 18 57 35
06 12 15 254 37 2024 4 25 18 57 35
10 19 13 115 41 2024 4 25 18 57 35
10 20 13 067 41 2024 4 25 18 57 35
10 24 33 306 45 2024 4 25 18 57 35
10 26 56 234 46 2024 4 25 18 57 35
10 29 29 060 39 2024 4 25 18 57 35
10 44 36 263 40 2024 4 25 18 57 35
10 45 23 172 47 2024 4 25 18 57 35
11 19 13 115 42 2024 4 25 18 57 35
11 20 13 067 38 2024 4 25 18 57 35
11 24 33 306 33 2024 4 25 18 57 35
11 26 56 234 44 2024 4 25 18 57 35
11 29 29 060 16 2024 4 25 18 57 35
11 44 36 263 34 2024 4 25 18 57 35
11 45 23 172 50 2024 4 25 18 57 35
07 21 44 140 40 2024 4 25 18 57 35
07 26 88 112 45 2024 4 25 18 57 35
07 33 38 222 46 2024 4 25 18 57 35
12 13 33 044 31 2024 4 25 18 57 35
12 21 44 140 47 2024 4 25 18 57 35
12 26 88 112 45 2024 4 25 18 57 35
12 31 27 313 28 2024 4 25 18 57 35
12 33 38 222 47 2024 4 25 18 57 35
01 06 61 047 44 2024 4 25 18 57 40
01 11 75 209 49 2024 4 25 18 57 40
01 12 53 311 39 2024 4 25 18 57 40
01 17 16 080 42 2024 4 25 18 57 40
01 19 39 068 41 2024 4 25 18 57 40
01 20 27 166 49 2024 4 25 18 57 40
01 22 19 134 48 2024 4 25 18 57 40
01 24 26 234 46 2024 4 25 18 57 40
01 25 23 313 33 2024 4 25 18 57 40
08 06 61 047 46 2024 4 25 18 57 40
08 24 26 234 51 2024 4 25 18 57 40
08 25 23 313 33 2024 4 25 18 57 40
02 67 10 044 28 2024 4 25 18 57 40
02 68 07 091 43 2024 4 25 18 57 40
02 73 57 187 45 2024 4 25 18 57 40
02 74 63 300 38 2024 4 25 18 57 40
02 75 13 331 30 2024 4 25 18 57 40
02 80 06 162 45 2024 4 25 18 57 40
02 83 37 033 31 2024 4 25 18 57 40
02 84 61 280 35 2024 4 25 18 57 40
02 85 11 244 45 2024 4 25 18 57 40
06 12 15 254 38 2024 4 25 18 57 40
10 19 13 114 41 2024 4 25 18 57 40
10 20 13 067 38 2024 4 25 18 57 40
10 24 33 306 46 2024 4 25 18 57 40
10 26 56 234 46 2024 4 25 18 57 40
10 29 29 060 38 2024 4 25 18 57 40
10 44 36 263 40 2024 4 25 18 57 40
10 45 23 172 48 2024 4 25 18 57 40
11 19 13 114 43 2024 4 25 18 57 40
11 20 13 067 38 2024 4 25 18 57 40
11 24 33 306 34 2024 4 25 18 57 40
11 26 56 234 44 2024 4 25 18 57 40
11 29 29 060 19 2024 4 25 18 57 40
11 44 36 263 34 2024 4 25 18 57 40
11 45 23 172 50 2024 4 25 18 57 40
07 21 44 140 41 2024 4 25 18 57 40
07 26 88 109 45 2024 4 25 18 57 40
07 33 38 222 45 2024 4 25 18 57 40
12 13 33 044 31 2024 4 25 18 57 40
12 21 44 140 47 2024 4 25 18 57 40
12 26 88 109 45 2024 4 25 18 57 40
12 31 27 313 28 2024 4 25 18 57 40
12 33 38 222 46 2024 4 25 18 57 40
01 06 61 047 44 2024 4 25 18 57 45
01 11 75 209 50 2024 4 25 18 57 45
01 12 53 311 37 2024 4 25 18 57 45
01 17 16 080 43 2024 4 25 18 57 45
01 19 39 068 42 2024 4 25 18 57 45
01 20 27 166 46 2024 4 25 18 57 45
01 22 19 134 49 2024 4 25 18 57 45
01 24 26 234 46 2024 4 25 18 57 45
01 25 23 313 30 2024 4 25 18 57 45
08 06 61 047 46 2024 4 25 18 57 45
08 24 26 234 51 2024 4 25 18 57 45
08 25 23 313 32 2024 4 25 18 57 45
02 67 10 044 29 2024 4 25 18 57 45
02 68 07 091 41 2024 4 25 18 57 45
02 73 57 187 47 2024 4 25 18 57 45
02 74 63 300 38 2024 4 25 18 57 45
02 75 13 331 30 2024 4 25 18 57 45
02 80 06 162 45 2024 4 25 18 57 45
02 83 37 033 31 2024 4 25 18 57 45
02 84 61 280 36 2024 4 25 18 57 45
02 85 11 244 44 2024 4 25 18 57 45
06 12 15 254 38 2024 4 25 18 57 45
10 19 13 114 42 2024 4 25 18 57 45
10 20 13 067 39 2024 4 25 18 57 45
10 24 33 306 46 2024 4 25 18 57 45
10 26 56 234 46 2024 4 25 18 57 45
10 29 29 060 37 2024 4 25 18 57 45
10 44 36 263 39 2024 4 25 18 57 45
10 45 23 172 48 2024 4 25 18 57 45
11 19 13 114 43 2024 4 25 18 57 45
11 20 13 067 39 2024 4 25 18 57 45
11 24 33 306 34 2024 4 25 18 57 45
11 26 56 234 44 2024 4 25 18 57 45
11 29 29 060 22 2024 4 25 18 57 45
11 44 36 263 33 2024 4 25 18 57 45
11 45 23 172 50 2024 4 25 18 57 45
07 21 44 140 43 2024 4 25 18 57 45
07 26 88 109 45 2024 4 25 18 57 45
07 33 38 222 45 2024 4 25 18 57 45
12 13 33 044 31 2024 4 25 18 57 45
12 21 44 140 47 2024 4 25 18 57 45
12 26 88 109 46 2024 4 25 18 57 45
12 31 27 313 29 2024 4 25 18 57 45
12 33 38 222 46 2024 4 25 18 57 45
01 06 61 047 44 2024 4 25 18 57 50
01 11 75 209 50 2024 4 25 18 57 50
01 12 53 311 38 2024 4 25 18 57 50
01 17 16 080 42 2024 4 25 18 57 50
01 19 39 068 41 2024 4 25 18 57 50
01 20 28 166 44 2024 4 25 18 57 50
01 22 19 135 49 2024 4 25 18 57 50
01 24 26 234 46 2024 4 25 18 57 50
01 25 23 313 28 2024 4 25 18 57 50
08 06 61 047 46 2024 4 25 18 57 50
08 24 26 234 51 2024 4 25 18 57 50
08 25 23 313 32 2024 4 25 18 57 50
02 67 10 044 30 2024 4 25 18 57 50
02 68 07 091 41 2024 4 25 18 57 50
02 73 56 187 46 2024 4 25 18 57 50
02 74 64 299 39 2024 4 25 18 57 50
02 75 13 331 30 2024 4 25 18 57 50
02 80 06 162 44 2024 4 25 18 57 50
02 83 37 034 30 2024 4 25 18 57 50
02 84 61 280 37 2024 4 25 18 57 50
02 85 11 244 43 2024 4 25 18 57 50
06 12 15 254 38 2024 4 25 18 57 50
10 19 13 114 43 2024 4 25 18 57 50
10 20 13 067 39 2024 4 25 18 57 50
10 24 34 306 46 2024 4 25 18 57 50
10 26 56 234 45 2024 4 25 18 57 50
10 29 28 060 36 2024 4 25 18 57 50
10 44 36 263 38 2024 4 25 18 57 50
10 45 23 172 47 2024 4 25 18 57 50
11 19 13 114 42 2024 4 25 18 57 50
11 20 13 067 39 2024 4 25 18 57 50
11 24 34 306 34 2024 4 25 18 57 50
11 26 56 234 44 2024 4 25 18 57 50
11 29 28 060 23 2024 4 25 18 57 50
11 44 36 263 33 2024 4 25 18 57 50
11 45 23 172 50 2024 4 25 18 57 50
07 21 44 140 44 2024 4 25 18 57 50
07 26 88 109 46 2024 4 25 18 57 50
07 33 38 222 45 2024 4 25 18 57 50
12 13 33 044 31 2024 4 25 18 57 50
12 21 44 140 47 2024 4 25 18 57 50
12 26 88 109 45 2024 4 25 18 57 50
12 31 27 313 29 2024 4 25 18 57 50
12 33 38 222 46 2024 4 25 18 57 50
01 06 61 047 42 2024 4 25 18 57 55
01 11 75 209 50 2024 4 25 18 57 55
01 12 53 311 36 2024 4 25 18 57 55
01 17 16 080 42 2024 4 25 18 57 55
01 19 39 068 40 2024 4 25 18 57 55
01 20 28 166 46 2024 4 25 18 57 55
01 22 19 135 50 2024 4 25 18 57 55
01 24 26 234 45 2024 4 25 18 57 55
01 25 23 313 25 2024 4 25 18 57 55
08 06 61 047 46 2024 4 25 18 57 55
08 24 26 234 50 2024 4 25 18 57 55
08 25 23 313 31 2024 4 25 18 57 55
02 67 10 044 37 2024 4 25 18 57 55
02 68 07 091 41 2024 4 25 18 57 55
02 73 56 187 45 2024 4 25 18 57 55
02 74 64 299 38 2024 4 25 18 57 55
02 75 13 331 29 2024 4 25 18 57 55
02 80 06 162 44 2024 4 25 18 57 55
02 83 37 034 29 2024 4 25 18 57 55
02 84 61 280 35 2024 4 25 18 57 55
02 85 11 244 44 2024 4 25 18 57 55
06 12 15 254 37 2024 4 25 18 57 55
10 19 13 114 43 2024 4 25 18 57 55
10 20 13 067 42 2024 4 25 18 57 55
10 24 34 306 45 2024 4 25 18 57 55
10 26 56 234 46 2024 4 25 18 57 55
10 29 28 060 36 2024 4 25 18 57 55
10 44 36 263 38 2024 4 25 18 57 55
10 45 23 172 47 2024 4 25 18 57 55
11 19 13 114 43 2024 4 25 18 57 55
11 20 13 067 39 2024 4 25 18 57 55
11 24 34 306 34 2024 4 25 18 57 55
11 26 56 234 44 2024 4 25 18 57 55
11 29 28 060 24 2024 4 25 18 57 55
11 44 36 263 32 2024 4 25 18 57 55
11 45 23 172 49 2024 4 25 18 57 55
07 13 33 044 23 2024 4 25 18 57 55
07 21 44 140 43 2024 4 25 18 57 55
07 26 88 106 46 2024 4 25 18 57 55
07 33 39 222 45 2024 4 25 18 57 55
12 13 33 044 32 2024 4 25 18 57 55
12 21 44 140 47 2024 4 25 18 57 55
12 26 88 106 46 2024 4 25 18 57 55
12 31 27 313 29 2024 4 25 18 57 55
12 33 39 222 46 2024 4 25 18 57 55
01 06 61 047 43 2024 4 25 18 58 0
01 11 75 209 49 2024 4 25 18 58 0
01 12 53 311 33 2024 4 25 18 58 0
01 17 16 080 44 2024 4 25 18 58 0
01 19 39 068 41 2024 4 25 18 58 0
01 20 28 166 48 2024 4 25 18 58 0
01 22 19 135 50 2024 4 25 18 58 0
01 24 26 234 46 2024 4 25 18 58 0
01 25 23 313 23 2024 4 25 18 58 0
08 06 61 047 46 2024 4 25 18 58 0
08 24 26 234 51 2024 4 25 18 58 0
08 25 23 313 32 2024 4 25 18 58 0
02 67 10 044 32 2024 4 25 18 58 0
02 68 07 091 43 2024 4 25 18 58 0
02 73 56 187 47 2024 4 25 18 58 0
02 74 64 299 39 2024 4 25 18 58 0
02 75 13 331 29 2024 4 25 18 58 0
02 80 06 162 44 2024 4 25 18 58 0
02 83 37 034 31 2024 4 25 18 58 0
02 84 61 280 34 2024 4 25 18 58 0
02 85 11 244 46 2024 4 25 18 58 0
06 12 15 254 37 2024 4 25 18 58 0
10 19 13 114 43 2024 4 25 18 58 0
10 20 13 067 41 2024 4 25 18 58 0
10 24 34 306 45 2024 4 25 18 58 0
10 26 56 234 46 2024 4 25 18 58 0
10 29 28 060 36 2024 4 25 18 58 0
10 44 36 263 38 2024 4 25 18 58 0
10 45 23 172 46 2024 4 25 18 58 0
11 19 13 114 42 2024 4 25 18 58 0
11 20 13 067 39 2024 4 25 18 58 0
11 24 34 306 35 2024 4 25 18 58 0
11 26 56 234 44 2024 4 25 18 58 0
11 29 28 060 24 2024 4 25 18 58 0
11 44 36 263 32 2024 4 25 18 58 0
11 45 23 172 48 2024 4 25 18 58 0
07 13 33 044 23 2024 4 25 18 58 0
07 21 44 140 43 2024 4 25 18 58 0
07 26 88 106 46 2024 4 25 18 58 0
07 33 39 222 46 2024 4 25 18 58 0
12 13 33 044 33 2024 4 25 18 58 0
12 21 44 140 48 2024 4 25 18 58 0
12 26 88 106 46 2024 4 25 18 58 0
12 31 27 313 30 2024 4 25 18 58 0
12 33 39 222 46 2024 4 25 18 58 0
01 06 61 047 42 2024 4 25 18 58 5
01 11 75 209 49 2024 4 25 18 58 5
01 12 53 311 34 2024 4 25 18 58 5
01 17 16 080 43 2024 4 25 18 58 5
01 19 39 068 43 2024 4 25 18 58 5
01 20 28 166 48 2024 4 25 18 58 5
01 22 19 135 49 2024 4 25 18 58 5
01 24 26 234 46 2024 4 25 18 58 5
01 25 23 313 25 2024 4 25 18 58 5
08 06 61 047 46 2024 4 25 18 58 5
08 24 26 234 51 2024 4 25 18 58 5
08 25 23 313 32 2024 4 25 18 58 5
02 67 10 044 25 2024 4 25 18 58 5
02 68 07 091 45 2024 4 25 18 58 5
02 73 56 187 48 2024 4 25 18 58 5
02 74 64 299 39 2024 4 25 18 58 5
02 75 13 331 30 2024 4 25 18 58 5
02 80 06 162 44 2024 4 25 18 58 5
02 83 37 034 32 2024 4 25 18 58 5
02 84 61 280 34 2024 4 25 18 58 5
02 85 11 244 46 2024 4 25 18 58 5
06 12 15 254 37 2024 4 25 18 58 5
10 19 13 114 42 2024 4 25 18 58 5
10 20 13 067 41 2024 4 25 18 58 5
10 24 34 306 45 2024 4 25 18 58 5
10 26 56 233 46 2024 4 25 18 58 5
10 29 28 060 37 2024 4 25 18 58 5
10 44 36 263 37 2024 4 25 18 58 5
10 45 22 172 46 2024 4 25 18 58 5
11 19 13 114 41 2024 4 25 18 58 5
11 20 13 067 39 2024 4 25 18 58 5
11 24 34 306 35 2024 4 25 18 58 5
11 26 56 233 44 2024 4 25 18 58 5
11 29 28 060 26 2024 4 25 18 58 5
11 44 36 263 32 2024 4 25 18 58 5
11 45 22 172 47 2024 4 25 18 58 5
07 13 33 044 26 2024 4 25 18 58 5
07 21 44 140 43 2024 4 25 18 58 5
07 26 88 106 46 2024 4 25 18 58 5
07 33 39 222 46 2024 4 25 18 58 5
12 13 33 044 34 2024 4 25 18 58 5
12 21 44 140 47 2024 4 25 18 58 5
12 26 88 106 46 2024 4 25 18 58 5
12 31 27 313 30 2024 4 25 18 58 5
12 33 39 222 46 2024 4 25 18 58 5
01 06 61 047 41 2024 4 25 18 58 10
01 11 75 209 51 2024 4 25 18 58 10
01 12 53 311 39 2024 4 25 18 58 10
01 17 16 080 42 2024 4 25 18 58 10
01 19 39 068 42 2024 4 25 18 58 10
01 20 28 166 47 2024 4 25 18 58 10
01 22 19 135 48 2024 4 25 18 58 10
01 24 26 234 47 2024 4 25 18 58 10
01 25 23 313 26 2024 4 25 18 58 10
08 06 61 047 46 2024 4 25 18 58 10
08 24 26 234 51 2024 4 25 18 58 10
08 25 23 313 32 2024 4 25 18 58 10
02 67 10 044 30 2024 4 25 18 58 10
02 68 07 091 43 2024 4 25 18 58 10
02 73 56 187 47 2024 4 25 18 58 10
02 74 64 299 39 2024 4 25 18 58 10
02 75 13 331 33 2024 4 25 18 58 10
02 80 06 162 44 2024 4 25 18 58 10
02 83 37 034 31 2024 4 25 18 58 10
02 84 61 280 34 2024 4 25 18 58 10
02 85 11 244 45 2024 4 25 18 58 10
06 12 15 254 36 2024 4 25 18 58 10
10 19 13 114 41 2024 4 25 18 58 10
10 20 13 067 40 2024 4 25 18 58 10
10 24 34 306 45 2024 4 25 18 58 10
10 26 56 233 46 2024 4 25 18 58 10
10 29 28 060 37 2024 4 25 18 58 10
10 44 36 263 37 2024 4 25 18 58 10
10 45 22 172 46 2024 4 25 18 58 10
11 19 13 114 40 2024 4 25 18 58 10
11 20 13 067 39 2024 4 25 18 58 10
11 24 34 306 36 2024 4 25 18 58 10
11 26 56 233 44 2024 4 25 18 58 10
11 29 28 060 27 2024 4 25 18 58 10
11 44 36 263 32 2024 4 25 18 58 10
11 45 22 172 47 2024 4 25 18 58 10
07 13 33 044 27 2024 4 25 18 58 10
07 21 44 140 44 2024 4 25 18 58 10
07 26 88 103 46 2024 4 25 18 58 10
07 33 39 223 46 2024 4 25 18 58 10
12 13 33 044 34 2024 4 25 18 58 10
12 21 44 140 47 2024 4 25 18 58 10
12 26 88 103 46 2024 4 25 18 58 10
12 31 27 314 31 2024 4 25 18 58 10
12 33 39 223 45 2024 4 25 18 58 10
01 06 61 047 41 2024 4 25 18 58 15
01 11 75 210 50 2024 4 25 18 58 15
01 12 53 311 38 2024 4 25 18 58 15
01 17 16 080 40 2024 4 25 18 58 15
01 19 39 068 39 2024 4 25 18 58 15
01 20 28 166 45 2024 4 25 18 58 15
01 22 19 135 48 2024 4 25 18 58 15
01 24 26 234 48 2024 4 25 18 58 15
01 25 23 313 28 2024 4 25 18 58 15
08 06 61 047 46 2024 4 25 18 58 15
08 24 26 234 51 2024 4 25 18 58 15
08 25 23 313 32 2024 4 25 18 58 15
02 67 10 044 31 2024 4 25 18 58 15
02 68 07 090 42 2024 4 25 18 58 15
02 73 56 187 47 2024 4 25 18 58 15
02 74 64 299 40 2024 4 25 18 58 15
02 75 13 331 34 2024 4 25 18 58 15
02 80 06 162 44 2024 4 25 18 58 15
02 83 37 034 30 2024 4 25 18 58 15
02 84 61 281 33 2024 4 25 18 58 15
02 85 11 244 44 2024 4 25 18 58 15
06 12 15 254 36 2024 4 25 18 58 15
10 19 13 114 42 2024 4 25 18 58 15
10 20 13 067 39 2024 4 25 18 58 15
10 24 34 306 45 2024 4 25 18 58 15
10 26 56 233 46 2024 4 25 18 58 15
10 29 28 060 36 2024 4 25 18 58 15
10 44 36 263 37 2024 4 25 18 58 15
10 45 22 172 47 2024 4 25 18 58 15
11 19 13 114 40 2024 4 25 18 58 15
11 20 13 067 39 2024 4 25 18 58 15
11 24 34 306 36 2024 4 25 18 58 15
11 26 56 233 44 2024 4 25 18 58 15
11 29 28 060 28 2024 4 25 18 58 15
11 44 36 263 33 2024 4 25 18 58 15
11 45 22 172 48 2024 4 25 18 58 15
07 13 33 044 28 2024 4 25 18 58 15
07 21 44 140 45 2024 4 25 18 58 15
07 26 88 103 45 2024 4 25 18 58 15
07 33 39 223 45 2024 4 25 18 58 15
12 13 33 044 34 2024 4 25 18 58 15
12 21 44 140 48 2024 4 25 18 58 15
12 26 88 103 46 2024 4 25 18 58 15
12 31 27 314 32 2024 4 25 18 58 15
12 33 39 223 45 2024 4 25 18 58 15
01 06 61 047 41 2024 4 25 18 58 20
01 11 75 210 50 2024 4 25 18 58 20
01 12 53 311 38 2024 4 25 18 58 20
01 17 16 080 41 2024 4 25 18 58 20
01 19 39 068 37 2024 4 25 18 58 20
01 20 28 166 46 2024 4 25 18 58 20
01 22 19 135 50 2024 4 25 18 58 20
01 24 26 234 47 2024 4 25 18 58 20
01 25 23 313 29 2024 4 25 18 58 20
08 06 61 047 46 2024 4 25 18 58 20
08 24 26 234 51 2024 4 25 18 58 20
08 25 23 313 32 2024 4 25 18 58 20
02 67 10 044 32 2024 4 25 18 58 20
02 68 07 090 43 2024 4 25 18 58 20
02 73 56 187 46 2024 4 25 18 58 20
02 74 64 299 39 2024 4 25 18 58 20
02 75 13 331 34 2024 4 25 18 58 20
02 80 06 162 45 2024 4 25 18 58 20
02 83 37 034 30 2024 4 25 18 58 20
02 84 61 281 33 2024 4 25 18 58 20
02 85 11 244 45 2024 4 25 18 58 20
06 12 15 254 37 2024 4 25 18 58 20
10 19 13 114 44 2024 4 25 18 58 20
10 20 13 067 40 2024 4 25 18 58 20
10 24 34 306 44 2024 4 25 18 58 20
10 26 56 233 47 2024 4 25 18 58 20
10 29 28 060 35 2024 4 25 18 58 20
10 44 37 263 38 2024 4 25 18 58 20
10 45 22 172 47 2024 4 25 18 58 20
11 19 13 114 40 2024 4 25 18 58 20
11 20 13 067 38 2024 4 25 18 58 20
11 24 34 306 36 2024 4 25 18 58 20
11 26 56 233 44 2024 4 25 18 58 20
11 29 28 060 28 2024 4 25 18 58 20
11 44 37 263 34 2024 4 25 18 58 20
11 45 22 172 49 2024 4 25 18 58 20
07 13 33 044 26 2024 4 25 18 58 20
07 21 44 140 44 2024 4 25 18 58 20
07 26 88 100 45 2024 4 25 18 58 20
07 33 39 223 45 2024 4 25 18 58 20
12 13 33 044 34 2024 4 25 18 58 20
12 21 44 140 48 2024 4 25 18 58 20
12 26 88 100 46 2024 4 25 18 58 20
12 31 27 314 32 2024 4 25 18 58 20
12 33 39 223 45 2024 4 25 18 58 20
01 06 61 047 40 2024 4 25 18 58 25
01 11 75 210 49 2024 4 25 18 58 25
01 12 53 311 40 2024 4 25 18 58 25
01 17 16 080 41 2024 4 25 18 58 25
01 19 39 068 40 2024 4 25 18 58 25
01 20 28 166 48 2024 4 25 18 58 25
01 22 19 135 50 2024 4 25 18 58 25
01 24 26 234 46 2024 4 25 18 58 25
01 25 23 313 28 2024 4 25 18 58 25
08 06 61 047 46 2024 4 25 18 58 25
08 24 26 234 51 2024 4 25 18 58 25
08 25 23 313 32 2024 4 25 18 58 25
02 67 10 044 26 2024 4 25 18 58 25
02 68 07 090 43 2024 4 25 18 58 25
02 73 56 187 47 2024 4 25 18 58 25
02 74 64 299 38 2024 4 25 18 58 25
02 75 13 331 33 2024 4 25 18 58 25
02 80 06 162 45 2024 4 25 18 58 25
02 83 37 034 32 2024 4 25 18 58 25
02 84 61 281 33 2024 4 25 18 58 25
02 85 11 244 46 2024 4 25 18 58 25
06 12 15 254 36 2024 4 25 18 58 25
10 19 13 114 43 2024 4 25 18 58 25
10 20 13 067 40 2024 4 25 18 58 25
10 24 34 306 44 2024 4 25 18 58 25
10 26 56 233 47 2024 4 25 18 58 25
10 29 28 060 35 2024 4 25 18 58 25
10 44 37 263 39 2024 4 25 18 58 25
10 45 22 172 47 2024 4 25 18 58 25
11 19 13 114 40 2024 4 25 18 58 25
11 20 13 067 39 2024 4 25 18 58 25
11 24 34 306 36 2024 4 25 18 58 25
11 26 56 233 44 2024 4 25 18 58 25
11 29 28 060 28 2024 4 25 18 58 25
11 44 37 263 34 2024 4 25 18 58 25
11 45 22 172 49 2024 4 25 18 58 25
07 13 33 044 24 2024 4 25 18 58 25
07 21 44 140 43 2024 4 25 18 58 25
07 26 88 100 45 2024 4 25 18 58 25
07 33 39 223 45 2024 4 25 18 58 25
12 13 33 044 34 2024 4 25 18 58 25
12 21 44 140 48 2024 4 25 18 58 25
12 26 88 100 46 2024 4 25 18 58 25
12 31 27 314 32 2024 4 25 18 58 25
12 33 39 223 44 2024 4 25 18 58 25
01 06 61 047 42 2024 4 25 18 58 30
01 11 75 210 50 2024 4 25 18 58 30
01 12 53 311 38 2024 4 25 18 58 30
01 17 16 080 41 2024 4 25 18 58 30
01 19 38 068 39 2024 4 25 18 58 30
01 20 28 166 48 2024 4 25 18 58 30
01 22 19 135 51 2024 4 25 18 58 30
01 24 25 234 46 2024 4 25 18 58 30
01 25 23 313 26 2024 4 25 18 58 30
08 06 61 047 46 2024 4 25 18 58 30
08 24 25 234 51 2024 4 25 18 58 30
08 25 23 313 32 2024 4 25 18 58 30
02 67 10 044 34 2024 4 25 18 58 30
02 68 08 090 42 2024 4 25 18 58 30
02 73 56 187 47 2024 4 25 18 58 30
02 74 64 299 39 2024 4 25 18 58 30
02 75 13 331 31 2024 4 25 18 58 30
02 80 06 162 44 2024 4 25 18 58 30
02 83 37 034 33 2024 4 25 18 58 30
02 84 61 281 32 2024 4 25 18 58 30
02 85 11 244 46 2024 4 25 18 58 30
06 12 15 254 36 2024 4 25 18 58 30
10 19 13 114 43 2024 4 25 18 58 30
10 20 14 067 41 2024 4 25 18 58 30
10 24 34 306 43 2024 4 25 18 58 30
10 26 56 233 47 2024 4 25 18 58 30
10 29 28 060 34 2024 4 25 18 58 30
10 44 37 263 39 2024 4 25 18 58 30
10 45 22 172 48 2024 4 25 18 58 30
11 19 13 114 40 2024 4 25 18 58 30
11 20 14 067 39 2024 4 25 18 58 30
11 24 34 306 37 2024 4 25 18 58 30
11 26 56 233 44 2024 4 25 18 58 30
11 29 28 060 28 2024 4 25 18 58 30
11 44 37 263 35 2024 4 25 18 58 30
11 45 22 172 50 2024 4 25 18 58 30
07 13 33 044 24 2024 4 25 18 58 30
07 21 44 140 43 2024 4 25 18 58 30
07 26 88 100 44 2024 4 25 18 58 30
07 33 39 223 45 2024 4 25 18 58 30
12 13 33 044 35 2024 4 25 18 58 30
12 21 44 140 48 2024 4 25 18 58 30
12 26 88 100 46 2024 4 25 18 58 30
12 31 27 314 31 2024 4 25 18 58 30
12 33 39 223 44 2024 4 25 18 58 30
01 06 61 047 43 2024 4 25 18 58 35
01 11 75 210 49 2024 4 25 18 58 35
01 12 53 311 36 2024 4 25 18 58 35
01 17 16 080 39 2024 4 25 18 58 35
01 19 38 068 40 2024 4 25 18 58 35
01 20 28 166 46 2024 4 25 18 58 35
01 22 19 135 51 2024 4 25 18 58 35
01 24 25 234 46 2024 4 25 18 58 35
01 25 23 313 23 2024 4 25 18 58 35
08 06 61 047 46 2024 4 25 18 58 35
08 24 25 234 51 2024 4 25 18 58 35
08 25 23 313 32 2024 4 25 18 58 35
02 67 10 044 34 2024 4 25 18 58 35
02 68 08 090 44 2024 4 25 18 58 35
02 73 56 187 47 2024 4 25 18 58 35
02 74 64 299 39 2024 4 25 18 58 35
02 75 13 331 31 2024 4 25 18 58 35
02 80 06 162 44 2024 4 25 18 58 35
02 83 37 034 32 2024 4 25 18 58 35
02 84 61 281 34 2024 4 25 18 58 35
02 85 11 244 47 2024 4 25 18 58 35
06 12 15 254 35 2024 4 25 18 58 35
10 19 13 114 45 2024 4 25 18 58 35
10 20 14 067 41 2024 4 25 18 58 35
10 24 34 306 43 2024 4 25 18 58 35
10 26 56 233 47 2024 4 25 18 58 35
10 29 28 060 33 2024 4 25 18 58 35
10 44 37 263 39 2024 4 25 18 58 35
10 45 22 172 48 2024 4 25 18 58 35
11 19 13 114 41 2024 4 25 18 58 35
11 20 14 067 39 2024 4 25 18 58 35
11 24 34 306 37 2024 4 25 18 58 35
11 26 56 233 43 2024 4 25 18 58 35
11 29 28 060 29 2024 4 25 18 58 35
11 44 37 263 35 2024 4 25 18 58 35
11 45 22 172 50 2024 4 25 18 58 35
07 13 33 044 22 2024 4 25 18 58 35
07 21 43 140 43 2024 4 25 18 58 35
07 26 88 098 45 2024 4 25 18 58 35
07 33 39 223 45 2024 4 25 18 58 35
12 13 33 044 35 2024 4 25 18 58 35
12 21 43 140 48 2024 4 25 18 58 35
12 26 88 098 45 2024 4 25 18 58 35
12 31 27 314 32 2024 4 25 18 58 35
12 33 39 223 44 2024 4 25 18 58 35
01 06 61 047 45 2024 4 25 18 58 40
01 11 76 210 50 2024 4 25 18 58 40
01 12 53 311 36 2024 4 25 18 58 40
01 17 16 080 36 2024 4 25 18 58 40
01 19 38 068 40 2024 4 25 18 58 40
01 20 28 166 45 2024 4 25 18 58 40
01 22 19 135 50 2024 4 25 18 58 40
01 24 25 234 46 2024 4 25 18 58 40
01 25 23 313 19 2024 4 25 18 58 40
08 06 61 047 46 2024 4 25 18 58 40
08 24 25 234 51 2024 4 25 18 58 40
08 25 23 313 32 2024 4 25 18 58 40
02 67 10 044 34 2024 4 25 18 58 40
02 68 08 090 45 2024 4 25 18 58 40
02 73 56 187 48 2024 4 25 18 58 40
02 74 64 299 40 2024 4 25 18 58 40
02 75 13 331 30 2024 4 25 18 58 40
02 80 06 162 44 2024 4 25 18 58 40
02 83 37 034 32 2024 4 25 18 58 40
02 84 61 281 34 2024 4 25 18 58 40
02 85 11 244 45 2024 4 25 18 58 40
06 12 15 254 36 2024 4 25 18 58 40
10 19 13 114 46 2024 4 25 18 58 40
10 20 14 067 40 2024 4 25 18 58 40
10 24 34 306 43 2024 4 25 18 58 40
10 26 56 233 47 2024 4 25 18 58 40
10 29 28 060 32 2024 4 25 18 58 40
10 44 37 263 39 2024 4 25 18 58 40
10 45 22 172 47 2024 4 25 18 58 40
11 19 13 114 42 2024 4 25 18 58 40
11 20 14 067 39 2024 4 25 18 58 40
11 24 34 306 37 2024 4 25 18 58 40
11 26 56 233 44 2024 4 25 18 58 40
11 29 28 060 30 2024 4 25 18 58 40
11 44 37 263 36 2024 4 25 18 58 40
11 45 22 172 50 2024 4 25 18 58 40
07 13 33 044 22 2024 4 25 18 58 40
07 21 43 140 44 2024 4 25 18 58 40
07 26 88 098 45 2024 4 25 18 58 40
07 33 39 223 45 2024 4 25 18 58 40
12 13 33 044 36 2024 4 25 18 58 40
12 21 43 140 48 2024 4 25 18 58 40
12 26 88 098 45 2024 4 25 18 58 40
12 31 27 314 32 2024 4 25 18 58 40
12 33 39 223 44 2024 4 25 18 58 40
01 06 61 047 46 2024 4 25 18 58 45
01 11 76 210 50 2024 4 25 18 58 45
01 12 53 311 36 2024 4 25 18 58 45
01 17 16 080 35 2024 4 25 18 58 45
01 19 38 068 38 2024 4 25 18 58 45
01 20 28 166 47 2024 4 25 18 58 45
01 22 18 135 50 2024 4 25 18 58 45
01 24 25 233 44 2024 4 25 18 58 45
01 25 23 313 21 2024 4 25 18 58 45
08 06 61 047 46 2024 4 25 18 58 45
08 24 25 233 51 2024 4 25 18 58 45
08 25 23 313 32 2024 4 25 18 58 45
02 67 10 044 35 2024 4 25 18 58 45
02 68 08 090 45 2024 4 25 18 58 45
02 73 56 187 47 2024 4 25 18 58 45
02 74 64 298 40 2024 4 25 18 58 45
02 75 14 331 31 2024 4 25 18 58 45
02 80 06 162 42 2024 4 25 18 58 45
02 83 37 034 31 2024 4 25 18 58 45
02 84 61 281 33 2024 4 25 18 58 45
02 85 11 244 44 2024 4 25 18 58 45
06 12 15 254 38 2024 4 25 18 58 45
10 19 13 114 47 2024 4 25 18 58 45
10 20 14 067 40 2024 4 25 18 58 45
10 24 34 305 42 2024 4 25 18 58 45
10 26 56 233 47 2024 4 25 18 58 45
10 29 28 060 30 2024 4 25 18 58 45
10 44 37 264 39 2024 4 25 18 58 45
10 45 22 172 47 2024 4 25 18 58 45
11 19 13 114 42 2024 4 25 18 58 45
11 20 14 067 40 2024 4 25 18 58 45
11 24 34 305 37 2024 4 25 18 58 45
11 26 56 233 44 2024 4 25 18 58 45
11 29 28 060 30 2024 4 25 18 58 45
11 44 37 264 36 2024 4 25 18 58 45
11 45 22 172 50 2024 4 25 18 58 45
07 13 33 044 21 2024 4 25 18 58 45
07 21 43 140 45 2024 4 25 18 58 45
07 26 88 098 45 2024 4 25 18 58 45
07 33 39 223 44 2024 4 25 18 58 45
12 13 33 044 36 2024 4 25 18 58 45
12 21 43 140 48 2024 4 25 18 58 45
12 26 88 098 46 2024 4 25 18 58 45
12 31 27 314 31 2024 4 25 18 58 45
12 33 39 223 45 2024 4 25 18 58 45
01 06 61 047 45 2024 4 25 18 58 50
01 11 76 210 50 2024 4 25 18 58 50
01 12 53 311 36 2024 4 25 18 58 50
01 17 16 080 38 2024 4 25 18 58 50
01 19 38 068 41 2024 4 25 18 58 50
01 20 28 166 49 2024 4 25 18 58 50
01 22 18 135 50 2024 4 25 18 58 50
01 24 25 233 45 2024 4 25 18 58 50
01 25 23 313 22 2024 4 25 18 58 50
08 06 61 047 47 2024 4 25 18 58 50
08 24 25 233 52 2024 4 25 18 58 50
08 25 23 313 32 2024 4 25 18 58 50
02 67 10 044 38 2024 4 25 18 58 50
02 68 08 090 43 2024 4 25 18 58 50
02 73 56 187 48 2024 4 25 18 58 50
02 74 64 298 39 2024 4 25 18 58 50
02 75 14 331 33 2024 4 25 18 58 50
02 80 06 162 42 2024 4 25 18 58 50
02 83 37 034 30 2024 4 25 18 58 50
02 84 61 281 33 2024 4 25 18 58 50
02 85 11 244 45 2024 4 25 18 58 50
06 12 15 254 39 2024 4 25 18 58 50
10 19 13 114 47 2024 4 25 18 58 50
10 20 14 067 41 2024 4 25 18 58 50
10 24 34 305 42 2024 4 25 18 58 50
10 26 56 233 46 2024 4 25 18 58 50
10 29 28 060 27 2024 4 25 18 58 50
10 44 37 264 37 2024 4 25 18 58 50
10 45 22 172 47 2024 4 25 18 58 50
11 19 13 114 42 2024 4 25 18 58 50
11 20 14 067 40 2024 4 25 18 58 50
11 24 34 305 37 2024 4 25 18 58 50
11 26 56 233 44 2024 4 25 18 58 50
11 29 28 060 31 2024 4 25 18 58 50
11 44 37 264 37 2024 4 25 18 58 50
11 45 22 172 49 2024 4 25 18 58 50
07 13 33 044 25 2024 4 25 18 58 50
07 21 43 140 45 2024 4 25 18 58 50
07 26 88 095 45 2024 4 25 18 58 50
07 33 39 223 44 2024 4 25 18 58 50
12 13 33 044 36 2024 4 25 18 58 50
12 21 43 140 48 2024 4 25 18 58 50
12 26 88 095 45 2024 4 25 18 58 50
12 31 27 314 31 2024 4 25 18 58 50
12 33 39 223 45 2024 4 25 18 58 50
01 06 61 047 44 2024 4 25 18 58 55
01 11 76 210 49 2024 4 25 18 58 55
01 12 54 310 35 2024 4 25 18 58 55
01 17 16 080 35 2024 4 25 18 58 55
01 19 38 068 40 2024 4 25 18 58 55
01 20 28 166 47 2024 4 25 18 58 55
01 22 18 135 50 2024 4 25 18 58 55
01 24 25 233 45 2024 4 25 18 58 55
01 25 23 313 24 2024 4 25 18 58 55
08 06 61 047 46 2024 4 25 18 58 55
08 24 25 233 51 2024 4 25 18 58 55
08 25 23 313 32 2024 4 25 18 58 55
02 67 10 044 40 2024 4 25 18 58 55
02 68 08 090 43 2024 4 25 18 58 55
02 73 56 187 48 2024 4 25 18 58 55
02 74 64 298 40 2024 4 25 18 58 55
02 75 14 331 34 2024 4 25 18 58 55
02 80 06 162 42 2024 4 25 18 58 55
02 83 37 034 28 2024 4 25 18 58 55
02 84 61 281 34 2024 4 25 18 58 55
02 85 11 244 46 2024 4 25 18 58 55
06 12 15 254 38 2024 4 25 18 58 55
10 19 13 114 46 2024 4 25 18 58 55
10 20 14 067 40 2024 4 25 18 58 55
10 24 34 305 42 2024 4 25 18 58 55
10 26 56 233 46 2024 4 25 18 58 55
10 29 28 060 26 2024 4 25 18 58 55
10 44 37 264 34 2024 4 25 18 58 55
10 45 22 172 47 2024 4 25 18 58 55
11 19 13 114 42 2024 4 25 18 58 55
11 20 14 067 41 2024 4 25 18 58 55
11 24 34 305 38 2024 4 25 18 58 55
11 26 56 233 44 2024 4 25 18 58 55
11 29 28 060 32 2024 4 25 18 58 55
11 44 37 264 37 2024 4 25 18 58 55
11 45 22 172 48 2024 4 25 18 58 55
07 13 33 044 25 2024 4 25 18 58 55
07 21 43 140 45 2024 4 25 18 58 55
07 26 88 095 44 2024 4 25 18 58 55
07 33 39 223 44 2024 4 25 18 58 55
12 13 33 044 37 2024 4 25 18 58 55
12 21 43 140 48 2024 4 25 18 58 55
12 26 88 095 45 2024 4 25 18 58 55
12 31 27 314 31 2024 4 25 18 58 55
12 33 39 223 45 2024 4 25 18 58 55
01 06 61 047 43 2024 4 25 18 59 0
01 11 76 210 49 2024 4 25 18 59 0
01 12 54 310 36 2024 4 25 18 59 0
01 17 16 080 36 2024 4 25 18 59 0
01 19 38 068 42 2024 4 25 18 59 0
01 20 28 166 43 2024 4 25 18 59 0
01 22 18 135 49 2024 4 25 18 59 0
01 24 25 233 44 2024 4 25 18 59 0
01 25 23 313 23 2024 4 25 18 59 0
08 06 61 047 46 2024 4 25 18 59 0
08 24 25 233 52 2024 4 25 18 59 0
08 25 23 313 32 2024 4 25 18 59 0
02 67 10 044 40 2024 4 25 18 59 0
02 68 08 090 44 2024 4 25 18 59 0
02 73 56 187 48 2024 4 25 18 59 0
02 74 64 298 40 2024 4 25 18 59 0
02 75 14 331 34 2024 4 25 18 59 0
02 80 06 162 41 2024 4 25 18 59 0
02 83 37 034 32 2024 4 25 18 59 0
02 84 61 281 33 2024 4 25 18 59 0
02 85 12 244 47 2024 4 25 18 59 0
06 12 15 254 36 2024 4 25 18 59 0
10 19 13 114 46 2024 4 25 18 59 0
10 20 14 067 39 2024 4 25 18 59 0
10 24 34 305 43 2024 4 25 18 59 0
10 26 56 233 46 2024 4 25 18 59 0
10 29 28 060 29 2024 4 25 18 59 0
10 44 37 264 34 2024 4 25 18 59 0
10 45 22 172 47 2024 4 25 18 59 0
11 19 13 114 41 2024 4 25 18 59 0
11 20 14 067 41 2024 4 25 18 59 0
11 24 34 305 38 2024 4 25 18 59 0
11 26 56 233 44 2024 4 25 18 59 0
11 29 28 060 32 2024 4 25 18 59 0
11 44 37 264 38 2024 4 25 18 59 0
11 45 22 172 47 2024 4 25 18 59 0
07 13 33 044 25 2024 4 25 18 59 0
07 21 43 140 45 2024 4 25 18 59 0
07 26 88 095 45 2024 4 25 18 59 0
07 33 39 223 44 2024 4 25 18 59 0
12 13 33 044 37 2024 4 25 18 59 0
12 21 43 140 48 2024 4 25 18 59 0
12 26 88 095 45 2024 4 25 18 59 0
12 31 27 314 30 2024 4 25 18 59 0
12 33 39 223 44 2024 4 25 18 59 0
01 06 61 047 42 2024 4 25 18 59 5
01 11 76 210 49 2024 4 25 18 59 5
01 12 54 310 37 2024 4 25 18 59 5
01 17 16 080 36 2024 4 25 18 59 5
01 19 38 068 43 2024 4 25 18 59 5
01 20 28 166 42 2024 4 25 18 59 5
01 22 18 135 51 2024 4 25 18 59 5
01 24 25 233 46 2024 4 25 18 59 5
01 25 23 313 19 2024 4 25 18 59 5
08 06 61 047 46 2024 4 25 18 59 5
08 24 25 233 52 2024 4 25 18 59 5
08 25 23 313 33 2024 4 25 18 59 5
02 67 10 044 37 2024 4 25 18 59 5
02 68 08 090 44 2024 4 25 18 59 5
02 73 56 187 48 2024 4 25 18 59 5
02 74 64 298 39 2024 4 25 18 59 5
02 75 14 331 34 2024 4 25 18 59 5
02 80 06 162 40 2024 4 25 18 59 5
02 83 37 034 33 2024 4 25 18 59 5
02 84 61 281 32 2024 4 25 18 59 5
02 85 12 244 46 2024 4 25 18 59 5
06 12 15 254 36 2024 4 25 18 59 5
10 19 13 114 46 2024 4 25 18 59 5
10 20 14 067 41 2024 4 25 18 59 5
10 24 34 305 43 2024 4 25 18 59 5
10 26 56 233 47 2024 4 25 18 59 5
10 29 28 060 29 2024 4 25 18 59 5
10 44 37 264 35 2024 4 25 18 59 5
10 45 22 172 47 2024 4 25 18 59 5
11 19 13 114 41 2024 4 25 18 59 5
11 20 14 067 41 2024 4 25 18 59 5
11 24 34 305 38 2024 4 25 18 59 5
11 26 56 233 44 2024 4 25 18 59 5
11 29 28 060 33 2024 4 25 18 59 5
11 44 37 264 39 2024 4 25 18 59 5
11 45 22 172 46 2024 4 25 18 59 5
07 13 33 045 25 2024 4 25 18 59 5
07 21 43 140 45 2024 4 25 18 59 5
07 26 88 092 45 2024 4 25 18 59 5
07 33 39 223 45 2024 4 25 18 59 5
12 13 33 045 37 2024 4 25 18 59 5
12 21 43 140 48 2024 4 25 18 59 5
12 26 88 092 45 2024 4 25 18 59 5
12 31 27 314 29 2024 4 25 18 59 5
12 33 39 223 45 2024 4 25 18 59 5
01 06 61 046 42 2024 4 25 18 59 10
01 11 76 210 49 2024 4 25 18 59 10
01 12 54 310 38 2024 4 25 18 59 10
01 17 16 080 36 2024 4 25 18 59 10
01 19 38 068 41 2024 4 25 18 59 10
01 20 28 166 47 2024 4 25 18 59 10
01 22 18 135 51 2024 4 25 18 59 10
01 24 25 233 45 2024 4 25 18 59 10
01 25 24 313 21 2024 4 25 18 59 10
08 06 61 046 46 2024 4 25 18 59 10
08 24 25 233 52 2024 4 25 18 59 10
08 25 24 313 33 2024 4 25 18 59 10
02 67 10 044 33 2024 4 25 18 59 10
02 68 08 090 44 2024 4 25 18 59 10
02 73 56 187 48 2024 4 25 18 59 10
02 74 64 298 39 2024 4 25 18 59 10
02 75 14 331 34 2024 4 25 18 59 10
02 80 06 162 40 2024 4 25 18 59 10
02 83 37 034 32 2024 4 25 18 59 10
02 84 61 282 32 2024 4 25 18 59 10
02 85 12 244 47 2024 4 25 18 59 10
06 12 15 254 36 2024 4 25 18 59 10
10 19 13 114 45 2024 4 25 18 59 10
10 20 14 067 39 2024 4 25 18 59 10
10 24 34 305 43 2024 4 25 18 59 10
10 26 56 233 46 2024 4 25 18 59 10
10 29 28 060 28 2024 4 25 18 59 10
10 44 37 264 34 2024 4 25 18 59 10
10 45 22 172 47 2024 4 25 18 59 10
11 19 13 114 41 2024 4 25 18 59 10
11 20 14 067 41 2024 4 25 18 59 10
11 24 34 305 38 2024 4 25 18 59 10
11 26 56 233 44 2024 4 25 18 59 10
11 29 28 060 34 2024 4 25 18 59 10
11 44 37 264 38 2024 4 25 18 59 10
11 45 22 172 46 2024 4 25 18 59 10
07 13 33 045 18 2024 4 25 18 59 10
07 21 43 140 46 2024 4 25 18 59 10
07 26 88 092 45 2024 4 25 18 59 10
07 33 39 223 45 2024 4 25 18 59 10
12 13 33 045 37 2024 4 25 18 59 10
12 21 43 140 48 2024 4 25 18 59 10
12 26 88 092 45 2024 4 25 18 59 10
12 31 27 314 29 2024 4 25 18 59 10
12 33 39 223 44 2024 4 25 18 59 10
01 06 61 046 41 2024 4 25 18 59 15
01 11 76 210 49 2024 4 25 18 59 15
01 12 54 310 37 2024 4 25 18 59 15
01 17 16 080 39 2024 4 25 18 59 15
01 19 38 068 42 2024 4 25 18 59 15
01 20 28 166 48 2024 4 25 18 59 15
01 22 18 135 51 2024 4 25 18 59 15
01 24 25 233 46 2024 4 25 18 59 15
01 25 24 313 22 2024 4 25 18 59 15
08 06 61 046 46 2024 4 25 18 59 15
08 24 25 233 51 2024 4 25 18 59 15
08 25 24 313 33 2024 4 25 18 59 15
02 67 10 044 36 2024 4 25 18 59 15
02 68 08 090 43 2024 4 25 18 59 15
02 73 56 187 47 2024 4 25 18 59 15
02 74 64 298 39 2024 4 25 18 59 15
02 75 14 331 34 2024 4 25 18 59 15
02 80 06 162 40 2024 4 25 18 59 15
02 83 37 034 31 2024 4 25 18 59 15
02 84 61 282 32 2024 4 25 18 59 15
02 85 12 244 45 2024 4 25 18 59 15
06 12 16 254 36 2024 4 25 18 59 15
10 19 13 114 46 2024 4 25 18 59 15
10 20 14 067 37 2024 4 25 18 59 15
10 24 34 305 43 2024 4 25 18 59 15
10 26 56 233 46 2024 4 25 18 59 15
10 29 28 061 29 2024 4 25 18 59 15
10 44 37 264 35 2024 4 25 18 59 15
10 45 22 172 47 2024 4 25 18 59 15
11 19 13 114 42 2024 4 25 18 59 15
11 20 14 067 40 2024 4 25 18 59 15
11 24 34 305 38 2024 4 25 18 59 15
11 26 56 233 44 2024 4 25 18 59 15
11 29 28 061 34 2024 4 25 18 59 15
11 44 37 264 38 2024 4 25 18 59 15
11 45 22 172 47 2024 4 25 18 59 15
07 13 32 045 17 2024 4 25 18 59 15
07 21 43 140 46 2024 4 25 18 59 15
07 26 88 089 45 2024 4 25 18 59 15
07 33 39 223 45 2024 4 25 18 59 15
12 13 32 045 37 2024 4 25 18 59 15
12 21 43 140 49 2024 4 25 18 59 15
12 26 88 089 45 2024 4 25 18 59 15
12 31 27 314 28 2024 4 25 18 59 15
12 33 39 223 44 2024 4 25 18 59 15
01 06 61 046 41 2024 4 25 18 59 20
01 11 76 210 49 2024 4 25 18 59 20
01 12 54 310 38 2024 4 25 18 59 20
01 17 16 080 40 2024 4 25 18 59 20
01 19 38 068 41 2024 4 25 18 59 20
01 20 28 166 47 2024 4 25 18 59 20
01 22 18 135 51 2024 4 25 18 59 20
01 24 25 233 45 2024 4 25 18 59 20
01 25 24 313 26 2024 4 25 18 59 20
08 06 61 046 46 2024 4 25 18 59 20
08 24 25 233 51 2024 4 25 18 59 20
08 25 24 313 33 2024 4 25 18 59 20
02 67 10 044 38 2024 4 25 18 59 20
02 68 08 090 41 2024 4 25 18 59 20
02 73 56 187 48 2024 4 25 18 59 20
02 74 64 298 39 2024 4 25 18 59 20
02 75 14 331 33 2024 4 25 18 59 20
02 80 06 162 40 2024 4 25 18 59 20
02 83 37 034 29 2024 4 25 18 59 20
02 84 61 282 32 2024 4 25 18 59 20
02 85 12 244 43 2024 4 25 18 59 20
06 12 16 254 36 2024 4 25 18 59 20
10 19 13 114 47 2024 4 25 18 59 20
10 20 14 067 36 2024 4 25 18 59 20
10 24 34 305 42 2024 4 25 18 59 20
10 26 56 233 46 2024 4 25 18 59 20
10 29 28 061 28 2024 4 25 18 59 20
10 44 37 264 36 2024 4 25 18 59 20
10 45 22 172 47 2024 4 25 18 59 20
11 19 13 114 42 2024 4 25 18 59 20
11 20 14 067 40 2024 4 25 18 59 20
11 24 34 305 38 2024 4 25 18 59 20
11 26 56 233 44 2024 4 25 18 59 20
11 29 28 061 34 2024 4 25 18 59 20
11 44 37 264 38 2024 4 25 18 59 20
11 45 22 172 48 2024 4 25 18 59 20
07 13 32 045 20 2024 4 25 18 59 20
07 21 43 140 45 2024 4 25 18 59 20
07 26 88 089 45 2024 4 25 18 59 20
07 33 39 223 45 2024 4 25 18 59 20
12 13 32 045 38 2024 4 25 18 59 20
12 21 43 140 48 2024 4 25 18 59 20
12 26 88 089 45 2024 4 25 18 59 20
12 31 27 314 27 2024 4 25 18 59 20
12 33 39 223 44 2024 4 25 18 59 20
01 06 61 046 41 2024 4 25 18 59 25
01 11 76 210 49 2024 4 25 18 59 25
01 12 54 310 38 2024 4 25 18 59 25
01 17 16 081 38 2024 4 25 18 59 25
01 19 38 068 39 2024 4 25 18 59 25
01 20 28 166 44 2024 4 25 18 59 25
01 22 18 135 52 2024 4 25 18 59 25
01 24 25 233 44 2024 4 25 18 59 25
01 25 24 313 26 2024 4 25 18 59 25
08 06 61 046 47 2024 4 25 18 59 25
08 24 25 233 51 2024 4 25 18 59 25
08 25 24 313 33 2024 4 25 18 59 25
02 67 10 044 36 2024 4 25 18 59 25
02 68 08 090 42 2024 4 25 18 59 25
02 73 55 187 48 2024 4 25 18 59 25
02 74 64 298 40 2024 4 25 18 59 25
02 75 14 331 34 2024 4 25 18 59 25
02 80 06 162 40 2024 4 25 18 59 25
02 83 37 034 27 2024 4 25 18 59 25
02 84 61 282 33 2024 4 25 18 59 25
02 85 12 244 43 2024 4 25 18 59 25
06 12 16 255 37 2024 4 25 18 59 25
10 19 13 114 47 2024 4 25 18 59 25
10 20 14 067 37 2024 4 25 18 59 25
10 24 34 305 42 2024 4 25 18 59 25
10 26 56 233 46 2024 4 25 18 59 25
10 29 28 061 27 2024 4 25 18 59 25
10 44 37 264 35 2024 4 25 18 59 25
10 45 22 172 46 2024 4 25 18 59 25
11 19 13 114 43 2024 4 25 18 59 25
11 20 14 067 40 2024 4 25 18 59 25
11 24 34 305 38 2024 4 25 18 59 25
11 26 56 233 44 2024 4 25 18 59 25
11 29 28 061 34 2024 4 25 18 59 25
11 44 37 264 38 2024 4 25 18 59 25
11 45 22 172 49 2024 4 25 18 59 25
07 13 32 045 26 2024 4 25 18 59 25
07 21 43 140 45 2024 4 25 18 59 25
07 26 88 089 46 2024 4 25 18 59 25
07 33 39 223 45 2024 4 25 18 59 25
12 13 32 045 38 2024 4 25 18 59 25
12 21 43 140 48 2024 4 25 18 59 25
12 26 88 089 45 2024 4 25 18 59 25
12 31 27 314 26 2024 4 25 18 59 25
12 33 39 223 44 2024 4 25 18 59 25
01 06 61 046 41 2024 4 25 18 59 30
01 11 76 210 48 2024 4 25 18 59 30
01 12 54 310 40 2024 4 25 18 59 30
01 17 16 081 39 2024 4 25 18 59 30
01 19 38 068 40 2024 4 25 18 59 30
01 20 28 166 46 2024 4 25 18 59 30
01 22 18 135 51 2024 4 25 18 59 30
01 24 25 233 44 2024 4 25 18 59 30
01 25 24 313 26 2024 4 25 18 59 30
08 06 61 046 46 2024 4 25 18 59 30
08 24 25 233 50 2024 4 25 18 59 30
08 25 24 313 33 2024 4 25 18 59 30
02 67 10 044 35 2024 4 25 18 59 30
02 68 08 090 42 2024 4 25 18 59 30
02 73 55 187 49 2024 4 25 18 59 30
02 74 64 298 40 2024 4 25 18 59 30
02 75 14 331 33 2024 4 25 18 59 30
02 80 06 162 40 2024 4 25 18 59 30
02 83 37 034 26 2024 4 25 18 59 30
02 84 61 282 33 2024 4 25 18 59 30
02 85 12 244 45 2024 4 25 18 59 30
06 12 16 255 38 2024 4 25 18 59 30
10 19 13 114 47 2024 4 25 18 59 30
10 20 14 067 37 2024 4 25 18 59 30
10 24 34 305 43 2024 4 25 18 59 30
10 26 56 233 46 2024 4 25 18 59 30
10 29 28 061 27 2024 4 25 18 59 30
10 44 37 264 31 2024 4 25 18 59 30
10 45 22 172 46 2024 4 25 18 59 30
11 19 13 114 43 2024 4 25 18 59 30
11 20 14 067 39 2024 4 25 18 59 30
11 24 34 305 38 2024 4 25 18 59 30
11 26 56 233 44 2024 4 25 18 59 30
11 29 28 061 34 2024 4 25 18 59 30
11 44 37 264 38 2024 4 25 18 59 30
11 45 22 172 50 2024 4 25 18 59 30
07 13 32 045 28 2024 4 25 18 59 30
07 21 43 140 45 2024 4 25 18 59 30
07 26 88 087 45 2024 4 25 18 59 30
07 33 39 223 46 2024 4 25 18 59 30
12 13 32 045 39 2024 4 25 18 59 30
12 21 43 140 48 2024 4 25 18 59 30
12 26 88 087 45 2024 4 25 18 59 30
12 31 27 314 25 2024 4 25 18 59 30
12 33 39 223 44 2024 4 25 18 59 30
01 06 60 046 41 2024 4 25 18 59 35
01 11 76 210 49 2024 4 25 18 59 35
01 12 54 310 40 2024 4 25 18 59 35
01 17 15 081 40 2024 4 25 18 59 35
01 19 38 068 41 2024 4 25 18 59 35
01 20 28 166 48 2024 4 25 18 59 35
01 22 18 135 51 2024 4 25 18 59 35
01 24 25 233 43 2024 4 25 18 59 35
01 25 24 313 28 2024 4 25 18 59 35
08 06 60 046 47 2024 4 25 18 59 35
08 24 25 233 50 2024 4 25 18 59 35
08 25 24 313 31 2024 4 25 18 59 35
02 67 10 044 34 2024 4 25 18 59 35
02 68 08 090 43 2024 4 25 18 59 35
02 73 55 187 49 2024 4 25 18 59 35
02 74 64 298 38 2024 4 25 18 59 35
02 75 14 331 33 2024 4 25 18 59 35
02 80 06 162 41 2024 4 25 18 59 35
02 83 37 034 27 2024 4 25 18 59 35
02 84 61 282 32 2024 4 25 18 59 35
02 85 12 244 44 2024 4 25 18 59 35
06 12 16 255 38 2024 4 25 18 59 35
10 19 13 114 46 2024 4 25 18 59 35
10 20 14 067 36 2024 4 25 18 59 35
10 24 34 305 44 2024 4 25 18 59 35
10 26 56 233 46 2024 4 25 18 59 35
10 29 28 061 30 2024 4 25 18 59 35
10 44 37 264 28 2024 4 25 18 59 35
10 45 22 172 46 2024 4 25 18 59 35
11 19 13 114 43 2024 4 25 18 59 35
11 20 14 067 39 2024 4 25 18 59 35
11 24 34 305 38 2024 4 25 18 59 35
11 26 56 233 44 2024 4 25 18 59 35
11 29 28 061 33 2024 4 25 18 59 35
11 44 37 264 38 2024 4 25 18 59 35
11 45 22 172 50 2024 4 25 18 59 35
07 13 32 045 27 2024 4 25 18 59 35
07 21 43 140 45 2024 4 25 18 59 35
07 26 88 087 45 2024 4 25 18 59 35
07 33 39 223 46 2024 4 25 18 59 35
12 13 32 045 38 2024 4 25 18 59 35
12 21 43 140 48 2024 4 25 18 59 35
12 26 88 087 45 2024 4 25 18 59 35
12 31 27 314 24 2024 4 25 18 59 35
12 33 39 223 44 2024 4 25 18 59 35
01 06 60 046 41 2024 4 25 18 59 40
01 11 76 210 49 2024 4 25 18 59 40
01 12 54 310 40 2024 4 25 18 59 40
01 17 15 081 38 2024 4 25 18 59 40
01 19 38 068 39 2024 4 25 18 59 40
01 20 28 166 49 2024 4 25 18 59 40
01 22 18 135 50 2024 4 25 18 59 40
01 24 25 233 41 2024 4 25 18 59 40
01 25 24 313 29 2024 4 25 18 59 40
08 06 60 046 47 2024 4 25 18 59 40
08 24 25 233 50 2024 4 25 18 59 40
08 25 24 313 31 2024 4 25 18 59 40
02 67 10 043 30 2024 4 25 18 59 40
02 68 08 090 43 2024 4 25 18 59 40
02 73 55 187 49 2024 4 25 18 59 40
02 74 64 297 39 2024 4 25 18 59 40
02 75 14 331 31 2024 4 25 18 59 40
02 80 05 162 41 2024 4 25 18 59 40
02 83 36 034 30 2024 4 25 18 59 40
02 84 61 282 32 2024 4 25 18 59 40
02 85 12 244 43 2024 4 25 18 59 40
06 12 16 255 36 2024 4 25 18 59 40
10 19 13 114 45 2024 4 25 18 59 40
10 20 14 066 34 2024 4 25 18 59 40
10 24 34 305 45 2024 4 25 18 59 40
10 26 56 232 46 2024 4 25 18 59 40
10 29 28 061 30 2024 4 25 18 59 40
10 44 37 264 30 2024 4 25 18 59 40
10 45 22 172 47 2024 4 25 18 59 40
11 19 13 114 43 2024 4 25 18 59 40
11 20 14 066 38 2024 4 25 18 59 40
11 24 34 305 38 2024 4 25 18 59 40
11 26 56 232 44 2024 4 25 18 59 40
11 29 28 061 33 2024 4 25 18 59 40
11 44 37 264 38 2024 4 25 18 59 40
11 45 22 172 50 2024 4 25 18 59 40
07 13 32 045 25 2024 4 25 18 59 40
07 21 43 140 45 2024 4 25 18 59 40
07 26 88 087 45 2024 4 25 18 59 40
07 33 39 223 45 2024 4 25 18 59 40
12 13 32 045 39 2024 4 25 18 59 40
12 21 43 140 48 2024 4 25 18 59 40
12 26 88 087 45 2024 4 25 18 59 40
12 31 27 314 22 2024 4 25 18 59 40
12 33 39 223 44 2024 4 25 18 59 40
01 06 60 046 42 2024 4 25 18 59 45
01 11 76 210 49 2024 4 25 18 59 45
01 12 54 310 40 2024 4 25 18 59 45
01 17 15 081 38 2024 4 25 18 59 45
01 19 38 068 37 2024 4 25 18 59 45
01 20 28 166 47 2024 4 25 18 59 45
01 22 18 135 51 2024 4 25 18 59 45
01 24 25 233 40 2024 4 25 18 59 45
01 25 24 313 31 2024 4 25 18 59 45
08 06 60 046 47 2024 4 25 18 59 45
08 24 25 233 50 2024 4 25 18 59 45
08 25 24 313 31 2024 4 25 18 59 45
02 67 10 043 37 2024 4 25 18 59 45
02 68 08 090 43 2024 4 25 18 59 45
02 73 55 187 49 2024 4 25 18 59 45
02 74 64 297 39 2024 4 25 18 59 45
02 75 14 331 31 2024 4 25 18 59 45
02 80 05 162 41 2024 4 25 18 59 45
02 83 36 034 30 2024 4 25 18 59 45
02 84 61 282 32 2024 4 25 18 59 45
02 85 12 244 44 2024 4 25 18 59 45
06 12 16 255 34 2024 4 25 18 59 45
10 19 13 114 46 2024 4 25 18 59 45
10 20 14 066 36 2024 4 25 18 59 45
10 24 34 305 45 2024 4 25 18 59 45
10 26 56 232 46 2024 4 25 18 59 45
10 29 28 061 32 2024 4 25 18 59 45
10 44 37 264 32 2024 4 25 18 59 45
10 45 22 172 46 2024 4 25 18 59 45
11 19 13 114 43 2024 4 25 18 59 45
11 20 14 066 38 2024 4 25 18 59 45
11 24 34 305 38 2024 4 25 18 59 45
11 26 56 232 45 2024 4 25 18 59 45
11 29 28 061 33 2024 4 25 18 59 45
11 44 37 264 38 2024 4 25 18 59 45
11 45 22 172 50 2024 4 25 18 59 45
07 13 32 045 25 2024 4 25 18 59 45
07 21 43 140 46 2024 4 25 18 59 45
07 26 88 084 44 2024 4 25 18 59 45
07 33 39 223 45 2024 4 25 18 59 45
12 13 32 045 40 2024 4 25 18 59 45
12 21 43 140 48 2024 4 25 18 59 45
12 26 88 084 45 2024 4 25 18 59 45
12 31 27 314 21 2024 4 25 18 59 45
12 33 39 223 44 2024 4 25 18 59 45
01 06 60 046 43 2024 4 25 18 59 50
01 11 76 210 48 2024 4 25 18 59 50
01 12 54 310 41 2024 4 25 18 59 50
01 17 15 081 38 2024 4 25 18 59 50
01 19 38 069 36 2024 4 25 18 59 50
01 20 28 166 46 2024 4 25 18 59 50
01 22 18 135 51 2024 4 25 18 59 50
01 24 25 233 43 2024 4 25 18 59 50
01 25 24 313 28 2024 4 25 18 59 50
08 06 60 046 47 2024 4 25 18 59 50
08 24 25 233 50 2024 4 25 18 59 50
08 25 24 313 30 2024 4 25 18 59 50
02 67 10 043 35 2024 4 25 18 59 50
02 68 08 090 35 2024 4 25 18 59 50
02 73 55 187 49 2024 4 25 18 59 50
02 74 64 297 39 2024 4 25 18 59 50
02 75 14 331 32 2024 4 25 18 59 50
02 80 05 162 41 2024 4 25 18 59 50
02 83 36 034 27 2024 4 25 18 59 50
02 84 61 282 32 2024 4 25 18 59 50
02 85 12 244 46 2024 4 25 18 59 50
06 12 16 255 30 2024 4 25 18 59 50
10 19 13 114 46 2024 4 25 18 59 50
10 20 14 066 37 2024 4 25 18 59 50
10 24 34 305 44 2024 4 25 18 59 50
10 26 56 232 46 2024 4 25 18 59 50
10 29 28 061 32 2024 4 25 18 59 50
10 44 37 264 33 2024 4 25 18 59 50
10 45 22 172 46 2024 4 25 18 59 50
11 19 13 114 42 2024 4 25 18 59 50
11 20 14 066 38 2024 4 25 18 59 50
11 24 34 305 38 2024 4 25 18 59 50
11 26 56 232 45 2024 4 25 18 59 50
11 29 28 061 34 2024 4 25 18 59 50
11 44 37 264 38 2024 4 25 18 59 50
11 45 22 172 50 2024 4 25 18 59 50
07 13 32 045 28 2024 4 25 18 59 50
07 21 43 140 46 2024 4 25 18 59 50
07 26 88 084 44 2024 4 25 18 59 50
07 33 39 223 45 2024 4 25 18 59 50
12 13 32 045 40 2024 4 25 18 59 50
12 21 43 140 48 2024 4 25 18 59 50
12 26 88 084 45 2024 4 25 18 59 50
12 31 27 314 20 2024 4 25 18 59 50
12 33 39 223 44 2024 4 25 18 59 50
01 06 60 046 43 2024 4 25 18 59 55
01 11 76 210 49 2024 4 25 18 59 55
01 12 54 310 42 2024 4 25 18 59 55
01 17 15 081 32 2024 4 25 18 59 55
01 19 38 069 39 2024 4 25 18 59 55
01 20 28 166 48 2024 4 25 18 59 55
01 22 18 135 51 2024 4 25 18 59 55
01 24 25 233 43 2024 4 25 18 59 55
01 25 24 313 28 2024 4 25 18 59 55
08 06 60 046 47 2024 4 25 18 59 55
08 24 25 233 50 2024 4 25 18 59 55
08 25 24 313 30 2024 4 25 18 59 55
02 67 10 043 29 2024 4 25 18 59 55
02 68 08 090 40 2024 4 25 18 59 55
02 73 55 187 49 2024 4 25 18 59 55
02 74 64 297 39 2024 4 25 18 59 55
02 75 14 331 32 2024 4 25 18 59 55
02 80 05 162 41 2024 4 25 18 59 55
02 83 36 034 23 2024 4 25 18 59 55
02 84 61 282 32 2024 4 25 18 59 55
02 85 12 244 46 2024 4 25 18 59 55
06 12 16 255 30 2024 4 25 18 59 55
10 19 13 114 47 2024 4 25 18 59 55
10 20 14 066 39 2024 4 25 18 59 55
10 24 34 305 44 2024 4 25 18 59 55
10 26 56 232 46 2024 4 25 18 59 55
10 29 28 061 31 2024 4 25 18 59 55
10 44 37 264 31 2024 4 25 18 59 55
10 45 22 172 46 2024 4 25 18 59 55
11 19 13 114 42 2024 4 25 18 59 55
11 20 14 066 38 2024 4 25 18 59 55
11 24 34 305 37 2024 4 25 18 59 55
11 26 56 232 45 2024 4 25 18 59 55
11 29 28 061 34 2024 4 25 18 59 55
11 44 37 264 39 2024 4 25 18 59 55
11 45 22 172 49 2024 4 25 18 59 55
07 13 32 045 30 2024 4 25 18 59 55
07 21 43 140 47 2024 4 25 18 59 55
07 26 88 084 44 2024 4 25 18 59 55
07 33 39 223 45 2024 4 25 18 59 55
12 13 32 045 40 2024 4 25 18 59 55
12 21 43 140 49 2024 4 25 18 59 55
12 26 88 084 45 2024 4 25 18 59 55
12 31 27 314 18 2024 4 25 18 59 55
12 33 39 223 44 2024 4 25 18 59 55
01 06 60 046 43 2024 4 25 19 0 0
01 11 76 210 49 2024 4 25 19 0 0
01 12 54 310 41 2024 4 25 19 0 0
01 17 15 081 31 2024 4 25 19 0 0
01 19 38 069 39 2024 4 25 19 0 0
01 20 28 166 49 2024 4 25 19 0 0
01 22 18 135 50 2024 4 25 19 0 0
01 24 25 233 43 2024 4 25 19 0 0
01 25 24 313 28 2024 4 25 19 0 0
08 06 60 046 47 2024 4 25 19 0 0
08 24 25 233 50 2024 4 25 19 0 0
08 25 24 313 29 2024 4 25 19 0 0
02 67 10 043 32 2024 4 25 19 0 0
02 68 08 090 43 2024 4 25 19 0 0
02 73 55 187 49 2024 4 25 19 0 0
02 74 64 297 37 2024 4 25 19 0 0
02 75 14 331 33 2024 4 25 19 0 0
02 80 05 162 41 2024 4 25 19 0 0
02 83 36 034 21 2024 4 25 19 0 0
02 84 61 282 31 2024 4 25 19 0 0
02 85 12 244 44 2024 4 25 19 0 0
06 12 16 255 30 2024 4 25 19 0 0
10 19 13 114 47 2024 4 25 19 0 0
10 20 14 066 38 2024 4 25 19 0 0
10 24 34 305 44 2024 4 25 19 0 0
10 26 56 232 46 2024 4 25 19 0 0
10 29 28 061 24 2024 4 25 19 0 0
10 44 37 264 30 2024 4 25 19 0 0
10 45 22 172 46 2024 4 25 19 0 0
11 19 13 114 43 2024 4 25 19 0 0
11 20 14 066 39 2024 4 25 19 0 0
11 24 34 305 37 2024 4 25 19 0 0
11 26 56 232 45 2024 4 25 19 0 0
11 29 28 061 34 2024 4 25 19 0 0
11 44 37 264 39 2024 4 25 19 0 0
11 45 22 172 48 2024 4 25 19 0 0
07 13 32 045 30 2024 4 25 19 0 0
07 21 43 140 46 2024 4 25 19 0 0
07 26 88 082 44 2024 4 25 19 0 0
07 33 39 223 45 2024 4 25 19 0 0
12 13 32 045 40 2024 4 25 19 0 0
12 21 43 140 48 2024 4 25 19 0 0
12 26 88 082 45 2024 4 25 19 0 0
12 31 27 314 17 2024 4 25 19 0 0
12 33 39 223 44 2024 4 25 19 0 0
