01 20 30 165 34 2024 4 5 20 23 18
01 24 24 232 28 2024 4 5 20 23 18
02 76 05 162 32 2024 4 5 20 23 18
02 81 12 246 32 2024 4 5 20 23 18
01 20 30 165 34 2024 4 5 20 23 19
01 22 17 135 25 2024 4 5 20 23 19
01 24 24 232 28 2024 4 5 20 23 19
08 24 24 232 23 2024 4 5 20 23 19
02 76 05 162 33 2024 4 5 20 23 19
02 81 12 246 34 2024 4 5 20 23 19
01 20 30 165 34 2024 4 5 20 23 20
01 22 17 135 21 2024 4 5 20 23 20
01 24 24 232 28 2024 4 5 20 23 20
08 24 24 232 23 2024 4 5 20 23 20
02 76 05 162 33 2024 4 5 20 23 20
02 81 12 246 34 2024 4 5 20 23 20
01 20 30 165 34 2024 4 5 20 23 21
01 22 17 135 24 2024 4 5 20 23 21
01 24 24 232 28 2024 4 5 20 23 21
08 24 24 232 23 2024 4 5 20 23 21
02 76 05 162 32 2024 4 5 20 23 21
02 81 12 246 34 2024 4 5 20 23 21
01 20 30 165 34 2024 4 5 20 23 22
01 22 17 135 24 2024 4 5 20 23 22
01 24 24 232 28 2024 4 5 20 23 22
08 24 24 232 23 2024 4 5 20 23 22
02 76 05 162 35 2024 4 5 20 23 22
02 77 47 179 17 2024 4 5 20 23 22
02 81 12 246 34 2024 4 5 20 23 22
01 05 02 183 34 2024 4 5 20 23 23
01 20 30 165 34 2024 4 5 20 23 23
01 22 17 135 26 2024 4 5 20 23 23
01 24 24 232 27 2024 4 5 20 23 23
08 24 24 232 24 2024 4 5 20 23 23
02 76 05 162 34 2024 4 5 20 23 23
02 77 47 179 17 2024 4 5 20 23 23
02 81 12 246 35 2024 4 5 20 23 23
01 05 02 183 34 2024 4 5 20 23 24
01 20 30 165 34 2024 4 5 20 23 24
01 22 17 135 27 2024 4 5 20 23 24
01 24 24 232 28 2024 4 5 20 23 24
08 24 24 232 25 2024 4 5 20 23 24
02 76 05 162 34 2024 4 5 20 23 24
02 77 47 179 17 2024 4 5 20 23 24
02 81 12 246 33 2024 4 5 20 23 24
01 05 02 183 34 2024 4 5 20 23 26
01 20 30 165 34 2024 4 5 20 23 26
01 22 17 135 26 2024 4 5 20 23 26
01 24 24 232 28 2024 4 5 20 23 26
08 24 24 232 24 2024 4 5 20 23 26
02 76 05 162 34 2024 4 5 20 23 26
02 77 47 179 17 2024 4 5 20 23 26
02 81 12 246 34 2024 4 5 20 23 26
01 05 02 183 35 2024 4 5 20 23 27
01 20 30 165 34 2024 4 5 20 23 27
01 22 17 135 26 2024 4 5 20 23 27
01 24 24 232 30 2024 4 5 20 23 27
08 24 24 232 24 2024 4 5 20 23 27
02 76 05 162 34 2024 4 5 20 23 27
02 77 47 179 16 2024 4 5 20 23 27
02 81 12 246 34 2024 4 5 20 23 27
01 05 02 183 34 2024 4 5 20 23 28
01 20 30 165 34 2024 4 5 20 23 28
01 22 17 135 25 2024 4 5 20 23 28
01 24 24 232 29 2024 4 5 20 23 28
08 24 24 232 23 2024 4 5 20 23 28
02 76 05 162 35 2024 4 5 20 23 28
02 77 47 179 16 2024 4 5 20 23 28
02 81 12 246 34 2024 4 5 20 23 28
01 05 02 183 34 2024 4 5 20 23 29
01 20 30 165 34 2024 4 5 20 23 29
01 22 17 135 24 2024 4 5 20 23 29
01 24 24 232 29 2024 4 5 20 23 29
08 24 24 232 24 2024 4 5 20 23 29
02 76 05 162 35 2024 4 5 20 23 29
02 77 47 179 12 2024 4 5 20 23 29
02 81 12 246 33 2024 4 5 20 23 29
01 05 02 183 34 2024 4 5 20 23 30
01 20 30 165 34 2024 4 5 20 23 30
01 22 17 135 22 2024 4 5 20 23 30
01 24 24 232 29 2024 4 5 20 23 30
08 24 24 232 23 2024 4 5 20 23 30
02 76 05 162 35 2024 4 5 20 23 30
02 77 47 179 14 2024 4 5 20 23 30
02 81 12 246 33 2024 4 5 20 23 30
01 20 30 165 35 2024 4 5 20 23 31
01 22 17 135 21 2024 4 5 20 23 31
01 24 24 232 30 2024 4 5 20 23 31
08 24 24 232 23 2024 4 5 20 23 31
02 76 05 162 35 2024 4 5 20 23 31
02 77 47 179 15 2024 4 5 20 23 31
02 81 12 246 33 2024 4 5 20 23 31
01 20 30 165 35 2024 4 5 20 23 32
01 22 17 135 19 2024 4 5 20 23 32
01 24 24 232 30 2024 4 5 20 23 32
08 24 24 232 23 2024 4 5 20 23 32
02 76 05 162 36 2024 4 5 20 23 32
02 77 47 179 16 2024 4 5 20 23 32
02 81 12 246 33 2024 4 5 20 23 32
01 20 30 165 35 2024 4 5 20 23 33
01 22 17 135 17 2024 4 5 20 23 33
01 24 24 232 30 2024 4 5 20 23 33
08 24 24 232 24 2024 4 5 20 23 33
02 77 47 179 15 2024 4 5 20 23 33
02 81 12 246 33 2024 4 5 20 23 33
01 20 30 165 35 2024 4 5 20 23 34
01 22 17 135 13 2024 4 5 20 23 34
01 24 24 232 30 2024 4 5 20 23 34
08 24 24 232 23 2024 4 5 20 23 34
02 77 47 179 12 2024 4 5 20 23 34
02 81 12 246 32 2024 4 5 20 23 34
01 20 30 165 35 2024 4 5 20 23 35
01 22 17 135 12 2024 4 5 20 23 35
01 24 24 232 30 2024 4 5 20 23 35
08 24 24 232 22 2024 4 5 20 23 35
02 77 47 179 17 2024 4 5 20 23 35
02 81 12 246 31 2024 4 5 20 23 35
01 20 30 165 34 2024 4 5 20 23 36
01 24 24 232 30 2024 4 5 20 23 36
08 24 24 232 24 2024 4 5 20 23 36
02 77 47 179 16 2024 4 5 20 23 36
02 81 12 246 31 2024 4 5 20 23 36
01 20 30 165 33 2024 4 5 20 23 37
01 22 17 135 16 2024 4 5 20 23 37
01 24 24 232 31 2024 4 5 20 23 37
08 24 24 232 25 2024 4 5 20 23 37
02 76 05 162 35 2024 4 5 20 23 37
02 77 47 179 16 2024 4 5 20 23 37
02 81 12 246 31 2024 4 5 20 23 37
01 20 30 165 34 2024 4 5 20 23 38
01 22 17 135 22 2024 4 5 20 23 38
01 24 24 232 31 2024 4 5 20 23 38
08 24 24 232 25 2024 4 5 20 23 38
02 76 05 162 36 2024 4 5 20 23 38
02 77 47 179 16 2024 4 5 20 23 38
02 81 12 246 30 2024 4 5 20 23 38
01 20 30 165 33 2024 4 5 20 23 39
01 22 17 135 23 2024 4 5 20 23 39
01 24 24 232 31 2024 4 5 20 23 39
08 24 24 232 24 2024 4 5 20 23 39
02 76 05 162 36 2024 4 5 20 23 39
02 77 47 179 15 2024 4 5 20 23 39
02 81 12 246 31 2024 4 5 20 23 39
01 20 30 165 33 2024 4 5 20 23 40
01 22 17 135 25 2024 4 5 20 23 40
01 24 24 232 31 2024 4 5 20 23 40
08 24 24 232 25 2024 4 5 20 23 40
02 72 09 090 18 2024 4 5 20 23 40
02 76 05 162 36 2024 4 5 20 23 40
02 77 47 179 20 2024 4 5 20 23 40
02 81 12 246 31 2024 4 5 20 23 40
01 20 30 165 33 2024 4 5 20 23 41
01 22 17 135 25 2024 4 5 20 23 41
01 24 24 232 32 2024 4 5 20 23 41
08 24 24 232 25 2024 4 5 20 23 41
02 72 09 090 20 2024 4 5 20 23 41
02 76 05 162 36 2024 4 5 20 23 41
02 77 47 179 19 2024 4 5 20 23 41
02 81 12 246 31 2024 4 5 20 23 41
01 20 30 165 34 2024 4 5 20 23 42
01 22 17 135 26 2024 4 5 20 23 42
01 24 24 232 31 2024 4 5 20 23 42
08 24 24 232 26 2024 4 5 20 23 42
02 72 09 090 20 2024 4 5 20 23 42
02 76 05 162 36 2024 4 5 20 23 42
02 77 47 179 17 2024 4 5 20 23 42
02 81 12 246 31 2024 4 5 20 23 42
06 20 12 123 02 2024 4 5 20 23 42
01 20 30 165 34 2024 4 5 20 23 43
01 22 17 135 27 2024 4 5 20 23 43
01 24 24 232 31 2024 4 5 20 23 43
08 24 24 232 25 2024 4 5 20 23 43
02 72 09 090 18 2024 4 5 20 23 43
02 76 05 162 36 2024 4 5 20 23 43
02 77 47 179 18 2024 4 5 20 23 43
02 81 12 246 31 2024 4 5 20 23 43
01 20 30 165 34 2024 4 5 20 23 44
01 22 17 135 27 2024 4 5 20 23 44
01 24 24 232 31 2024 4 5 20 23 44
08 24 24 232 25 2024 4 5 20 23 44
02 72 09 090 16 2024 4 5 20 23 44
02 76 05 162 36 2024 4 5 20 23 44
02 77 47 179 19 2024 4 5 20 23 44
02 81 12 246 31 2024 4 5 20 23 44
01 20 30 165 34 2024 4 5 20 23 45
01 22 17 135 26 2024 4 5 20 23 45
01 24 24 232 31 2024 4 5 20 23 45
08 24 24 232 26 2024 4 5 20 23 45
02 72 09 090 14 2024 4 5 20 23 45
02 76 05 162 37 2024 4 5 20 23 45
02 77 47 179 18 2024 4 5 20 23 45
02 81 12 246 31 2024 4 5 20 23 45
06 20 12 123 02 2024 4 5 20 23 45
11 20 12 123 09 2024 4 5 20 23 45
01 20 30 165 34 2024 4 5 20 23 46
01 22 17 135 25 2024 4 5 20 23 46
01 24 24 232 32 2024 4 5 20 23 46
08 24 24 232 26 2024 4 5 20 23 46
02 72 09 090 13 2024 4 5 20 23 46
02 76 05 162 37 2024 4 5 20 23 46
02 77 47 179 20 2024 4 5 20 23 46
02 81 12 246 31 2024 4 5 20 23 46
06 20 12 123 07 2024 4 5 20 23 46
11 20 12 123 25 2024 4 5 20 23 46
01 20 30 165 34 2024 4 5 20 23 47
01 22 17 135 26 2024 4 5 20 23 47
01 24 24 232 31 2024 4 5 20 23 47
08 24 24 232 25 2024 4 5 20 23 47
02 72 09 090 11 2024 4 5 20 23 47
02 77 47 179 20 2024 4 5 20 23 47
02 81 12 246 31 2024 4 5 20 23 47
11 20 12 123 28 2024 4 5 20 23 47
01 20 30 165 34 2024 4 5 20 23 48
01 22 17 135 25 2024 4 5 20 23 48
01 24 24 232 30 2024 4 5 20 23 48
08 24 24 232 25 2024 4 5 20 23 48
02 72 09 090 11 2024 4 5 20 23 48
02 77 47 179 20 2024 4 5 20 23 48
02 81 12 246 31 2024 4 5 20 23 48
06 20 12 123 24 2024 4 5 20 23 48
11 20 12 123 29 2024 4 5 20 23 48
01 20 30 165 34 2024 4 5 20 23 49
01 22 17 135 24 2024 4 5 20 23 49
01 24 24 232 30 2024 4 5 20 23 49
08 24 24 232 25 2024 4 5 20 23 49
02 72 09 090 13 2024 4 5 20 23 49
02 77 47 179 18 2024 4 5 20 23 49
02 81 12 246 31 2024 4 5 20 23 49
06 20 12 123 26 2024 4 5 20 23 49
11 20 12 123 29 2024 4 5 20 23 49
01 20 30 165 34 2024 4 5 20 23 50
01 22 17 135 25 2024 4 5 20 23 50
01 24 24 232 30 2024 4 5 20 23 50
08 24 24 232 26 2024 4 5 20 23 50
02 72 09 090 17 2024 4 5 20 23 50
02 77 47 179 17 2024 4 5 20 23 50
02 81 12 246 31 2024 4 5 20 23 50
06 20 12 123 26 2024 4 5 20 23 50
11 20 12 123 30 2024 4 5 20 23 50
01 20 30 165 33 2024 4 5 20 23 51
01 22 17 135 24 2024 4 5 20 23 51
01 24 24 232 30 2024 4 5 20 23 51
08 24 24 232 26 2024 4 5 20 23 51
02 72 09 090 15 2024 4 5 20 23 51
02 77 47 179 19 2024 4 5 20 23 51
02 81 12 246 32 2024 4 5 20 23 51
06 20 12 123 26 2024 4 5 20 23 51
11 20 12 123 30 2024 4 5 20 23 51
01 20 30 165 33 2024 4 5 20 23 52
01 22 17 135 24 2024 4 5 20 23 52
01 24 24 232 30 2024 4 5 20 23 52
08 24 24 232 27 2024 4 5 20 23 52
02 72 09 090 15 2024 4 5 20 23 52
02 77 47 179 18 2024 4 5 20 23 52
02 81 12 246 32 2024 4 5 20 23 52
06 20 12 123 26 2024 4 5 20 23 52
11 20 12 123 30 2024 4 5 20 23 52
01 20 30 165 32 2024 4 5 20 23 53
01 22 17 135 25 2024 4 5 20 23 53
01 24 24 232 31 2024 4 5 20 23 53
08 24 24 232 27 2024 4 5 20 23 53
02 72 09 090 16 2024 4 5 20 23 53
02 77 47 179 17 2024 4 5 20 23 53
02 81 12 246 33 2024 4 5 20 23 53
06 20 12 123 26 2024 4 5 20 23 53
11 20 12 123 30 2024 4 5 20 23 53
01 20 30 165 32 2024 4 5 20 23 54
01 22 17 135 24 2024 4 5 20 23 54
01 24 24 232 31 2024 4 5 20 23 54
08 24 24 232 28 2024 4 5 20 23 54
02 72 09 090 14 2024 4 5 20 23 54
02 77 47 179 20 2024 4 5 20 23 54
02 81 12 246 33 2024 4 5 20 23 54
06 20 12 123 26 2024 4 5 20 23 54
11 20 12 123 30 2024 4 5 20 23 54
01 20 30 165 32 2024 4 5 20 23 55
01 22 17 135 25 2024 4 5 20 23 55
01 24 24 232 31 2024 4 5 20 23 55
08 24 24 232 27 2024 4 5 20 23 55
02 72 09 090 17 2024 4 5 20 23 55
02 77 47 179 19 2024 4 5 20 23 55
02 81 12 246 33 2024 4 5 20 23 55
06 20 12 123 27 2024 4 5 20 23 55
11 20 12 123 30 2024 4 5 20 23 55
01 20 30 165 31 2024 4 5 20 23 56
01 22 17 135 24 2024 4 5 20 23 56
01 24 24 232 31 2024 4 5 20 23 56
08 24 24 232 28 2024 4 5 20 23 56
02 72 09 090 17 2024 4 5 20 23 56
02 77 47 179 19 2024 4 5 20 23 56
02 81 12 246 33 2024 4 5 20 23 56
06 20 12 123 27 2024 4 5 20 23 56
11 20 12 123 30 2024 4 5 20 23 56
01 20 30 165 31 2024 4 5 20 23 57
01 22 17 135 25 2024 4 5 20 23 57
01 24 24 232 31 2024 4 5 20 23 57
08 24 24 232 28 2024 4 5 20 23 57
02 72 09 090 19 2024 4 5 20 23 57
02 77 47 179 19 2024 4 5 20 23 57
02 81 12 246 33 2024 4 5 20 23 57
06 20 12 123 28 2024 4 5 20 23 57
11 20 12 123 30 2024 4 5 20 23 57
01 20 30 165 30 2024 4 5 20 23 58
01 22 17 135 26 2024 4 5 20 23 58
01 24 24 232 32 2024 4 5 20 23 58
08 24 24 232 28 2024 4 5 20 23 58
02 72 09 090 17 2024 4 5 20 23 58
02 77 47 179 19 2024 4 5 20 23 58
02 81 12 246 33 2024 4 5 20 23 58
06 20 12 123 27 2024 4 5 20 23 58
11 20 12 123 29 2024 4 5 20 23 58
01 20 30 165 29 2024 4 5 20 23 59
01 22 17 135 26 2024 4 5 20 23 59
01 24 24 232 32 2024 4 5 20 23 59
08 24 24 232 28 2024 4 5 20 23 59
02 72 09 089 18 2024 4 5 20 23 59
02 77 47 179 19 2024 4 5 20 23 59
02 81 12 246 33 2024 4 5 20 23 59
06 20 12 123 28 2024 4 5 20 23 59
11 20 12 123 30 2024 4 5 20 23 59
01 20 30 165 28 2024 4 5 20 24 0
01 22 17 135 25 2024 4 5 20 24 0
01 24 24 232 32 2024 4 5 20 24 0
08 24 24 232 29 2024 4 5 20 24 0
02 72 09 089 14 2024 4 5 20 24 0
02 77 47 179 19 2024 4 5 20 24 0
02 81 12 246 33 2024 4 5 20 24 0
06 20 12 123 28 2024 4 5 20 24 0
11 20 12 123 30 2024 4 5 20 24 0
07 21 43 141 27 2024 4 5 20 24 0
01 20 30 165 28 2024 4 5 20 24 1
01 22 17 135 27 2024 4 5 20 24 1
01 24 24 232 33 2024 4 5 20 24 1
08 24 24 232 29 2024 4 5 20 24 1
02 72 09 089 15 2024 4 5 20 24 1
02 77 47 179 21 2024 4 5 20 24 1
02 81 12 246 32 2024 4 5 20 24 1
06 20 12 123 28 2024 4 5 20 24 1
11 20 12 123 29 2024 4 5 20 24 1
07 21 43 141 27 2024 4 5 20 24 1
01 20 30 165 28 2024 4 5 20 24 2
01 22 17 135 27 2024 4 5 20 24 2
01 24 24 232 32 2024 4 5 20 24 2
08 24 24 232 28 2024 4 5 20 24 2
02 72 09 089 18 2024 4 5 20 24 2
02 77 47 179 19 2024 4 5 20 24 2
02 81 12 246 32 2024 4 5 20 24 2
06 20 12 123 28 2024 4 5 20 24 2
11 20 12 123 29 2024 4 5 20 24 2
07 21 43 141 26 2024 4 5 20 24 2
01 20 30 165 27 2024 4 5 20 24 3
01 22 17 135 28 2024 4 5 20 24 3
01 24 24 232 32 2024 4 5 20 24 3
08 24 24 232 28 2024 4 5 20 24 3
02 72 09 089 20 2024 4 5 20 24 3
02 77 47 179 18 2024 4 5 20 24 3
02 81 12 246 31 2024 4 5 20 24 3
06 20 12 123 28 2024 4 5 20 24 3
11 20 12 123 29 2024 4 5 20 24 3
07 21 43 141 28 2024 4 5 20 24 3
01 20 30 165 28 2024 4 5 20 24 4
01 22 17 135 28 2024 4 5 20 24 4
01 24 24 232 32 2024 4 5 20 24 4
08 24 24 232 28 2024 4 5 20 24 4
02 72 09 089 18 2024 4 5 20 24 4
02 77 47 179 18 2024 4 5 20 24 4
02 81 12 246 30 2024 4 5 20 24 4
06 20 12 123 28 2024 4 5 20 24 4
11 20 12 123 29 2024 4 5 20 24 4
07 21 43 141 28 2024 4 5 20 24 4
01 20 30 165 29 2024 4 5 20 24 5
01 22 17 135 29 2024 4 5 20 24 5
01 24 24 232 31 2024 4 5 20 24 5
08 24 24 232 28 2024 4 5 20 24 5
02 72 09 089 21 2024 4 5 20 24 5
02 77 47 179 19 2024 4 5 20 24 5
02 81 12 246 30 2024 4 5 20 24 5
06 20 12 123 28 2024 4 5 20 24 5
11 20 12 123 29 2024 4 5 20 24 5
07 21 43 141 27 2024 4 5 20 24 5
01 20 30 165 29 2024 4 5 20 24 6
01 22 17 135 28 2024 4 5 20 24 6
01 24 24 232 31 2024 4 5 20 24 6
08 24 24 232 29 2024 4 5 20 24 6
02 72 09 089 20 2024 4 5 20 24 6
02 77 47 179 20 2024 4 5 20 24 6
02 81 12 246 30 2024 4 5 20 24 6
06 20 12 123 28 2024 4 5 20 24 6
11 20 12 123 29 2024 4 5 20 24 6
07 21 43 141 28 2024 4 5 20 24 6
01 20 30 165 30 2024 4 5 20 24 7
01 22 17 135 28 2024 4 5 20 24 7
01 24 24 232 31 2024 4 5 20 24 7
08 24 24 232 29 2024 4 5 20 24 7
02 72 09 089 18 2024 4 5 20 24 7
02 77 47 179 21 2024 4 5 20 24 7
02 81 12 246 30 2024 4 5 20 24 7
06 20 12 123 28 2024 4 5 20 24 7
11 20 12 123 29 2024 4 5 20 24 7
07 21 43 141 28 2024 4 5 20 24 7
12 21 43 141 06 2024 4 5 20 24 7
01 20 30 165 30 2024 4 5 20 24 8
01 22 17 135 29 2024 4 5 20 24 8
01 24 24 232 30 2024 4 5 20 24 8
08 24 24 232 28 2024 4 5 20 24 8
02 72 09 089 12 2024 4 5 20 24 8
02 77 47 179 20 2024 4 5 20 24 8
02 81 12 246 30 2024 4 5 20 24 8
06 20 12 123 28 2024 4 5 20 24 8
11 20 12 123 30 2024 4 5 20 24 8
07 21 43 141 29 2024 4 5 20 24 8
12 21 43 141 10 2024 4 5 20 24 8
01 20 30 165 30 2024 4 5 20 24 9
01 22 17 135 28 2024 4 5 20 24 9
01 24 24 232 30 2024 4 5 20 24 9
08 24 24 232 28 2024 4 5 20 24 9
02 72 09 089 17 2024 4 5 20 24 9
02 77 47 179 20 2024 4 5 20 24 9
02 81 12 246 30 2024 4 5 20 24 9
06 20 12 123 27 2024 4 5 20 24 9
11 20 12 123 30 2024 4 5 20 24 9
07 21 43 141 29 2024 4 5 20 24 9
01 20 30 165 30 2024 4 5 20 24 10
01 22 17 135 26 2024 4 5 20 24 10
01 24 24 232 31 2024 4 5 20 24 10
08 24 24 232 29 2024 4 5 20 24 10
02 72 09 089 17 2024 4 5 20 24 10
02 77 47 179 21 2024 4 5 20 24 10
02 81 12 246 30 2024 4 5 20 24 10
06 20 12 123 28 2024 4 5 20 24 10
11 20 12 123 30 2024 4 5 20 24 10
07 21 43 141 29 2024 4 5 20 24 10
12 21 43 141 08 2024 4 5 20 24 10
01 20 30 165 31 2024 4 5 20 24 11
01 22 17 136 26 2024 4 5 20 24 11
01 24 24 232 30 2024 4 5 20 24 11
08 24 24 232 29 2024 4 5 20 24 11
02 72 09 089 20 2024 4 5 20 24 11
02 77 47 179 22 2024 4 5 20 24 11
02 81 12 246 30 2024 4 5 20 24 11
06 20 12 123 27 2024 4 5 20 24 11
11 20 12 123 30 2024 4 5 20 24 11
07 21 43 141 30 2024 4 5 20 24 11
12 21 43 141 04 2024 4 5 20 24 11
01 20 30 165 31 2024 4 5 20 24 12
01 22 17 136 28 2024 4 5 20 24 12
01 24 24 232 30 2024 4 5 20 24 12
08 24 24 232 28 2024 4 5 20 24 12
02 72 09 089 20 2024 4 5 20 24 12
02 77 46 179 23 2024 4 5 20 24 12
02 81 12 246 31 2024 4 5 20 24 12
06 20 12 123 24 2024 4 5 20 24 12
11 20 12 123 30 2024 4 5 20 24 12
07 21 43 141 30 2024 4 5 20 24 12
12 21 43 141 04 2024 4 5 20 24 12
01 20 30 165 31 2024 4 5 20 24 13
01 22 17 136 26 2024 4 5 20 24 13
01 24 24 232 30 2024 4 5 20 24 13
08 24 24 232 28 2024 4 5 20 24 13
02 72 09 089 19 2024 4 5 20 24 13
02 77 46 179 22 2024 4 5 20 24 13
02 81 13 246 31 2024 4 5 20 24 13
06 20 12 123 23 2024 4 5 20 24 13
11 20 12 123 30 2024 4 5 20 24 13
07 21 43 141 29 2024 4 5 20 24 13
12 21 43 141 12 2024 4 5 20 24 13
01 20 30 165 31 2024 4 5 20 24 14
01 22 17 136 26 2024 4 5 20 24 14
01 24 24 232 31 2024 4 5 20 24 14
08 24 24 232 29 2024 4 5 20 24 14
02 72 09 089 20 2024 4 5 20 24 14
02 77 46 179 21 2024 4 5 20 24 14
02 81 13 246 32 2024 4 5 20 24 14
06 20 12 123 24 2024 4 5 20 24 14
11 20 12 123 30 2024 4 5 20 24 14
07 21 43 141 30 2024 4 5 20 24 14
12 21 43 141 15 2024 4 5 20 24 14
01 20 30 165 31 2024 4 5 20 24 15
01 22 17 136 27 2024 4 5 20 24 15
01 24 24 232 31 2024 4 5 20 24 15
08 24 24 232 29 2024 4 5 20 24 15
02 72 09 089 22 2024 4 5 20 24 15
02 77 46 179 21 2024 4 5 20 24 15
02 81 13 246 32 2024 4 5 20 24 15
06 20 12 123 24 2024 4 5 20 24 15
11 20 12 123 31 2024 4 5 20 24 15
07 21 43 141 30 2024 4 5 20 24 15
12 21 43 141 17 2024 4 5 20 24 15
01 20 30 165 30 2024 4 5 20 24 16
01 22 17 136 26 2024 4 5 20 24 16
01 24 24 232 31 2024 4 5 20 24 16
08 24 24 232 30 2024 4 5 20 24 16
02 72 09 089 23 2024 4 5 20 24 16
02 77 46 179 21 2024 4 5 20 24 16
02 81 13 246 32 2024 4 5 20 24 16
06 20 12 123 24 2024 4 5 20 24 16
11 20 12 123 30 2024 4 5 20 24 16
07 21 43 141 30 2024 4 5 20 24 16
12 21 43 141 19 2024 4 5 20 24 16
01 20 30 165 30 2024 4 5 20 24 17
01 22 17 136 26 2024 4 5 20 24 17
01 24 24 232 31 2024 4 5 20 24 17
08 24 24 232 29 2024 4 5 20 24 17
02 72 09 089 25 2024 4 5 20 24 17
02 77 46 179 20 2024 4 5 20 24 17
02 81 13 246 32 2024 4 5 20 24 17
06 20 12 123 24 2024 4 5 20 24 17
11 20 12 123 30 2024 4 5 20 24 17
07 21 43 141 30 2024 4 5 20 24 17
12 21 43 141 18 2024 4 5 20 24 17
01 20 30 165 29 2024 4 5 20 24 18
01 22 17 136 26 2024 4 5 20 24 18
01 24 24 232 31 2024 4 5 20 24 18
08 24 24 232 30 2024 4 5 20 24 18
02 72 09 089 24 2024 4 5 20 24 18
02 77 46 179 21 2024 4 5 20 24 18
02 81 13 246 32 2024 4 5 20 24 18
06 20 12 123 24 2024 4 5 20 24 18
11 20 12 123 30 2024 4 5 20 24 18
07 21 43 141 29 2024 4 5 20 24 18
12 21 43 141 15 2024 4 5 20 24 18
01 20 30 165 29 2024 4 5 20 24 19
01 22 17 136 27 2024 4 5 20 24 19
01 24 24 232 30 2024 4 5 20 24 19
08 24 24 232 30 2024 4 5 20 24 19
02 72 09 089 23 2024 4 5 20 24 19
02 77 46 179 20 2024 4 5 20 24 19
02 81 13 246 32 2024 4 5 20 24 19
06 20 12 123 24 2024 4 5 20 24 19
11 20 12 123 31 2024 4 5 20 24 19
07 21 43 141 29 2024 4 5 20 24 19
12 21 43 141 20 2024 4 5 20 24 19
01 20 30 165 28 2024 4 5 20 24 20
01 22 17 136 26 2024 4 5 20 24 20
01 24 24 232 30 2024 4 5 20 24 20
08 24 24 232 29 2024 4 5 20 24 20
02 72 09 089 22 2024 4 5 20 24 20
02 77 46 179 21 2024 4 5 20 24 20
02 81 13 246 32 2024 4 5 20 24 20
06 20 12 123 24 2024 4 5 20 24 20
11 20 12 123 31 2024 4 5 20 24 20
07 21 43 141 28 2024 4 5 20 24 20
12 21 43 141 20 2024 4 5 20 24 20
01 20 30 165 29 2024 4 5 20 24 21
01 22 17 136 26 2024 4 5 20 24 21
01 24 24 232 30 2024 4 5 20 24 21
08 24 24 232 29 2024 4 5 20 24 21
02 72 09 089 23 2024 4 5 20 24 21
02 77 46 179 21 2024 4 5 20 24 21
02 81 13 246 32 2024 4 5 20 24 21
06 20 12 123 24 2024 4 5 20 24 21
11 20 12 123 31 2024 4 5 20 24 21
07 21 43 141 28 2024 4 5 20 24 21
12 21 43 141 21 2024 4 5 20 24 21
01 20 30 165 30 2024 4 5 20 24 22
01 22 17 136 27 2024 4 5 20 24 22
01 24 24 232 30 2024 4 5 20 24 22
08 24 24 232 30 2024 4 5 20 24 22
02 72 09 089 23 2024 4 5 20 24 22
02 77 46 179 21 2024 4 5 20 24 22
02 81 13 246 32 2024 4 5 20 24 22
06 20 12 123 23 2024 4 5 20 24 22
11 20 12 123 31 2024 4 5 20 24 22
07 21 43 141 28 2024 4 5 20 24 22
12 21 43 141 21 2024 4 5 20 24 22
01 20 30 165 28 2024 4 5 20 24 23
01 22 17 136 28 2024 4 5 20 24 23
01 24 24 232 29 2024 4 5 20 24 23
08 24 24 232 29 2024 4 5 20 24 23
02 72 09 089 23 2024 4 5 20 24 23
02 77 46 179 22 2024 4 5 20 24 23
02 81 13 246 32 2024 4 5 20 24 23
06 20 12 123 22 2024 4 5 20 24 23
11 20 12 123 30 2024 4 5 20 24 23
07 21 43 141 28 2024 4 5 20 24 23
07 33 41 224 04 2024 4 5 20 24 23
12 21 43 141 21 2024 4 5 20 24 23
01 20 30 165 28 2024 4 5 20 24 24
01 22 17 136 30 2024 4 5 20 24 24
01 24 24 232 30 2024 4 5 20 24 24
08 24 24 232 30 2024 4 5 20 24 24
02 72 09 089 23 2024 4 5 20 24 24
02 77 46 179 22 2024 4 5 20 24 24
02 81 13 246 31 2024 4 5 20 24 24
06 20 12 123 21 2024 4 5 20 24 24
11 20 12 123 30 2024 4 5 20 24 24
07 21 43 141 28 2024 4 5 20 24 24
07 33 41 224 26 2024 4 5 20 24 24
12 21 43 141 20 2024 4 5 20 24 24
01 20 30 165 27 2024 4 5 20 24 25
01 22 17 136 30 2024 4 5 20 24 25
01 24 24 232 30 2024 4 5 20 24 25
08 24 24 232 30 2024 4 5 20 24 25
02 72 09 089 23 2024 4 5 20 24 25
02 77 46 179 22 2024 4 5 20 24 25
02 81 13 246 30 2024 4 5 20 24 25
06 20 12 123 23 2024 4 5 20 24 25
11 20 12 123 30 2024 4 5 20 24 25
07 21 43 141 28 2024 4 5 20 24 25
07 33 41 224 26 2024 4 5 20 24 25
12 21 43 141 21 2024 4 5 20 24 25
01 20 30 165 27 2024 4 5 20 24 26
01 22 17 136 31 2024 4 5 20 24 26
01 24 24 232 30 2024 4 5 20 24 26
08 24 24 232 31 2024 4 5 20 24 26
02 72 09 089 22 2024 4 5 20 24 26
02 77 46 179 22 2024 4 5 20 24 26
02 81 13 246 30 2024 4 5 20 24 26
06 20 12 123 23 2024 4 5 20 24 26
11 20 12 123 30 2024 4 5 20 24 26
07 21 43 141 28 2024 4 5 20 24 26
07 33 41 224 27 2024 4 5 20 24 26
12 21 43 141 21 2024 4 5 20 24 26
01 20 30 165 26 2024 4 5 20 24 27
01 22 17 136 31 2024 4 5 20 24 27
01 24 24 232 30 2024 4 5 20 24 27
08 24 24 232 31 2024 4 5 20 24 27
02 72 09 089 19 2024 4 5 20 24 27
02 77 46 179 22 2024 4 5 20 24 27
02 81 13 246 29 2024 4 5 20 24 27
06 20 12 122 23 2024 4 5 20 24 27
11 20 12 122 30 2024 4 5 20 24 27
07 21 43 141 28 2024 4 5 20 24 27
07 33 41 224 28 2024 4 5 20 24 27
12 21 43 141 20 2024 4 5 20 24 27
01 20 30 165 26 2024 4 5 20 24 28
01 22 17 136 32 2024 4 5 20 24 28
01 24 24 232 31 2024 4 5 20 24 28
08 24 24 232 30 2024 4 5 20 24 28
02 72 09 089 14 2024 4 5 20 24 28
02 77 46 179 24 2024 4 5 20 24 28
02 81 13 246 27 2024 4 5 20 24 28
06 20 12 122 23 2024 4 5 20 24 28
11 20 12 122 30 2024 4 5 20 24 28
07 21 43 141 28 2024 4 5 20 24 28
07 33 41 224 29 2024 4 5 20 24 28
12 21 43 141 21 2024 4 5 20 24 28
01 20 30 165 25 2024 4 5 20 24 29
01 22 17 136 32 2024 4 5 20 24 29
01 24 24 232 30 2024 4 5 20 24 29
08 24 24 232 31 2024 4 5 20 24 29
02 72 09 089 13 2024 4 5 20 24 29
02 77 46 179 23 2024 4 5 20 24 29
02 81 13 246 26 2024 4 5 20 24 29
06 20 12 122 24 2024 4 5 20 24 29
11 20 12 122 30 2024 4 5 20 24 29
07 21 43 141 28 2024 4 5 20 24 29
07 33 41 224 27 2024 4 5 20 24 29
12 21 43 141 22 2024 4 5 20 24 29
12 33 41 224 06 2024 4 5 20 24 29
01 20 30 165 27 2024 4 5 20 24 30
01 22 17 136 32 2024 4 5 20 24 30
01 24 24 232 30 2024 4 5 20 24 30
08 24 24 232 30 2024 4 5 20 24 30
02 72 09 089 12 2024 4 5 20 24 30
02 77 46 179 24 2024 4 5 20 24 30
02 81 13 246 26 2024 4 5 20 24 30
06 20 12 122 25 2024 4 5 20 24 30
11 20 12 122 30 2024 4 5 20 24 30
07 21 43 141 28 2024 4 5 20 24 30
07 33 41 224 28 2024 4 5 20 24 30
12 21 43 141 20 2024 4 5 20 24 30
01 20 30 165 27 2024 4 5 20 24 31
01 22 17 136 32 2024 4 5 20 24 31
01 24 24 232 30 2024 4 5 20 24 31
08 24 24 232 30 2024 4 5 20 24 31
02 72 09 089 15 2024 4 5 20 24 31
02 77 46 179 23 2024 4 5 20 24 31
02 81 13 246 26 2024 4 5 20 24 31
06 20 12 122 26 2024 4 5 20 24 31
11 20 12 122 30 2024 4 5 20 24 31
07 21 43 141 28 2024 4 5 20 24 31
07 33 41 224 28 2024 4 5 20 24 31
12 21 43 141 21 2024 4 5 20 24 31
12 33 41 224 23 2024 4 5 20 24 31
01 20 30 165 27 2024 4 5 20 24 32
01 22 17 136 32 2024 4 5 20 24 32
01 24 24 232 30 2024 4 5 20 24 32
08 24 24 232 30 2024 4 5 20 24 32
02 72 09 089 13 2024 4 5 20 24 32
02 77 46 179 23 2024 4 5 20 24 32
02 81 13 246 26 2024 4 5 20 24 32
06 20 12 122 25 2024 4 5 20 24 32
11 20 12 122 30 2024 4 5 20 24 32
07 21 43 141 28 2024 4 5 20 24 32
07 33 41 224 29 2024 4 5 20 24 32
12 21 43 141 20 2024 4 5 20 24 32
12 33 41 224 23 2024 4 5 20 24 32
01 20 30 165 27 2024 4 5 20 24 33
01 22 17 136 32 2024 4 5 20 24 33
01 24 24 232 30 2024 4 5 20 24 33
08 24 24 232 30 2024 4 5 20 24 33
02 72 09 089 10 2024 4 5 20 24 33
02 77 46 179 23 2024 4 5 20 24 33
02 81 13 246 27 2024 4 5 20 24 33
06 20 12 122 24 2024 4 5 20 24 33
11 20 12 122 30 2024 4 5 20 24 33
07 21 43 141 27 2024 4 5 20 24 33
07 33 41 224 29 2024 4 5 20 24 33
12 21 43 141 19 2024 4 5 20 24 33
12 33 41 224 23 2024 4 5 20 24 33
01 20 30 165 29 2024 4 5 20 24 34
01 22 17 136 32 2024 4 5 20 24 34
01 24 24 232 30 2024 4 5 20 24 34
08 24 24 232 29 2024 4 5 20 24 34
02 72 09 089 16 2024 4 5 20 24 34
02 77 46 179 23 2024 4 5 20 24 34
02 81 13 246 28 2024 4 5 20 24 34
06 20 12 122 23 2024 4 5 20 24 34
11 20 12 122 30 2024 4 5 20 24 34
07 21 43 141 27 2024 4 5 20 24 34
07 33 41 224 29 2024 4 5 20 24 34
12 21 43 141 21 2024 4 5 20 24 34
12 33 41 224 24 2024 4 5 20 24 34
01 20 30 165 29 2024 4 5 20 24 35
01 22 17 136 32 2024 4 5 20 24 35
01 24 24 232 30 2024 4 5 20 24 35
08 24 24 232 29 2024 4 5 20 24 35
02 72 09 089 17 2024 4 5 20 24 35
02 77 46 179 23 2024 4 5 20 24 35
02 81 13 246 28 2024 4 5 20 24 35
06 20 12 122 24 2024 4 5 20 24 35
11 20 12 122 30 2024 4 5 20 24 35
07 21 43 141 28 2024 4 5 20 24 35
07 33 41 224 29 2024 4 5 20 24 35
12 21 43 141 21 2024 4 5 20 24 35
12 33 41 224 23 2024 4 5 20 24 35
01 20 30 165 29 2024 4 5 20 24 36
01 22 17 136 32 2024 4 5 20 24 36
01 24 24 232 30 2024 4 5 20 24 36
08 24 24 232 30 2024 4 5 20 24 36
02 72 09 089 19 2024 4 5 20 24 36
02 77 46 179 23 2024 4 5 20 24 36
02 81 13 246 27 2024 4 5 20 24 36
06 20 12 122 22 2024 4 5 20 24 36
11 20 12 122 30 2024 4 5 20 24 36
07 21 43 141 28 2024 4 5 20 24 36
07 33 41 224 29 2024 4 5 20 24 36
12 21 43 141 21 2024 4 5 20 24 36
12 33 41 224 24 2024 4 5 20 24 36
01 20 30 164 29 2024 4 5 20 24 37
01 22 17 136 31 2024 4 5 20 24 37
01 24 24 232 29 2024 4 5 20 24 37
08 24 24 232 29 2024 4 5 20 24 37
02 72 09 089 19 2024 4 5 20 24 37
02 76 04 162 38 2024 4 5 20 24 37
02 77 46 179 23 2024 4 5 20 24 37
02 81 13 246 26 2024 4 5 20 24 37
06 20 12 122 23 2024 4 5 20 24 37
11 20 12 122 30 2024 4 5 20 24 37
07 21 43 141 28 2024 4 5 20 24 37
07 33 41 224 29 2024 4 5 20 24 37
12 21 43 141 20 2024 4 5 20 24 37
12 33 41 224 24 2024 4 5 20 24 37
01 20 30 164 29 2024 4 5 20 24 38
01 22 17 136 31 2024 4 5 20 24 38
01 24 24 232 29 2024 4 5 20 24 38
08 24 24 232 29 2024 4 5 20 24 38
02 72 09 089 21 2024 4 5 20 24 38
02 77 46 179 23 2024 4 5 20 24 38
02 81 13 246 26 2024 4 5 20 24 38
06 20 12 122 23 2024 4 5 20 24 38
11 20 12 122 30 2024 4 5 20 24 38
07 21 43 141 28 2024 4 5 20 24 38
07 33 41 224 28 2024 4 5 20 24 38
12 21 43 141 21 2024 4 5 20 24 38
12 33 41 224 23 2024 4 5 20 24 38
01 20 30 164 28 2024 4 5 20 24 39
01 22 17 136 31 2024 4 5 20 24 39
01 24 24 232 31 2024 4 5 20 24 39
08 24 24 232 29 2024 4 5 20 24 39
02 72 09 089 21 2024 4 5 20 24 39
02 77 46 179 23 2024 4 5 20 24 39
02 81 13 246 26 2024 4 5 20 24 39
06 20 12 122 21 2024 4 5 20 24 39
11 20 12 122 29 2024 4 5 20 24 39
07 21 43 141 27 2024 4 5 20 24 39
07 33 41 224 28 2024 4 5 20 24 39
12 21 43 141 20 2024 4 5 20 24 39
12 33 41 224 24 2024 4 5 20 24 39
01 20 30 164 30 2024 4 5 20 24 40
01 22 17 136 31 2024 4 5 20 24 40
01 24 24 232 31 2024 4 5 20 24 40
08 24 24 232 28 2024 4 5 20 24 40
02 72 09 089 22 2024 4 5 20 24 40
02 77 46 179 24 2024 4 5 20 24 40
02 81 13 246 26 2024 4 5 20 24 40
06 20 12 122 20 2024 4 5 20 24 40
11 20 12 122 29 2024 4 5 20 24 40
07 21 43 141 27 2024 4 5 20 24 40
07 33 41 224 28 2024 4 5 20 24 40
12 21 43 141 21 2024 4 5 20 24 40
12 33 41 224 24 2024 4 5 20 24 40
01 20 30 164 31 2024 4 5 20 24 41
01 22 17 136 31 2024 4 5 20 24 41
01 24 24 232 31 2024 4 5 20 24 41
08 24 24 232 28 2024 4 5 20 24 41
02 72 09 089 22 2024 4 5 20 24 41
02 77 46 179 24 2024 4 5 20 24 41
02 81 13 246 26 2024 4 5 20 24 41
06 20 12 122 19 2024 4 5 20 24 41
11 20 12 122 29 2024 4 5 20 24 41
07 21 43 141 27 2024 4 5 20 24 41
07 33 41 224 28 2024 4 5 20 24 41
12 21 43 141 21 2024 4 5 20 24 41
12 33 41 224 24 2024 4 5 20 24 41
01 20 30 164 31 2024 4 5 20 24 42
01 22 17 136 31 2024 4 5 20 24 42
01 24 24 232 30 2024 4 5 20 24 42
08 24 24 232 29 2024 4 5 20 24 42
02 72 09 089 24 2024 4 5 20 24 42
02 77 46 179 24 2024 4 5 20 24 42
02 81 13 246 27 2024 4 5 20 24 42
06 20 12 122 19 2024 4 5 20 24 42
11 20 12 122 29 2024 4 5 20 24 42
07 21 43 141 27 2024 4 5 20 24 42
07 33 41 224 28 2024 4 5 20 24 42
12 21 43 141 20 2024 4 5 20 24 42
12 33 41 224 24 2024 4 5 20 24 42
01 20 30 164 30 2024 4 5 20 24 43
01 22 17 136 31 2024 4 5 20 24 43
01 24 24 232 30 2024 4 5 20 24 43
08 24 24 232 29 2024 4 5 20 24 43
02 72 09 089 25 2024 4 5 20 24 43
02 77 46 179 27 2024 4 5 20 24 43
02 81 13 246 27 2024 4 5 20 24 43
06 20 12 122 21 2024 4 5 20 24 43
11 20 12 122 29 2024 4 5 20 24 43
07 21 43 142 27 2024 4 5 20 24 43
07 33 41 224 28 2024 4 5 20 24 43
12 21 43 142 23 2024 4 5 20 24 43
12 33 41 224 23 2024 4 5 20 24 43
01 20 30 164 29 2024 4 5 20 24 44
01 22 17 136 31 2024 4 5 20 24 44
01 24 24 232 31 2024 4 5 20 24 44
08 24 24 232 29 2024 4 5 20 24 44
02 72 09 089 24 2024 4 5 20 24 44
02 77 46 179 25 2024 4 5 20 24 44
02 81 13 246 27 2024 4 5 20 24 44
06 20 12 122 23 2024 4 5 20 24 44
11 20 12 122 30 2024 4 5 20 24 44
07 21 43 142 28 2024 4 5 20 24 44
07 33 41 224 28 2024 4 5 20 24 44
12 21 43 142 23 2024 4 5 20 24 44
12 33 41 224 24 2024 4 5 20 24 44
01 20 30 164 29 2024 4 5 20 24 45
01 22 17 136 31 2024 4 5 20 24 45
01 24 24 232 31 2024 4 5 20 24 45
08 24 24 232 29 2024 4 5 20 24 45
02 72 09 089 24 2024 4 5 20 24 45
02 77 46 179 25 2024 4 5 20 24 45
02 81 13 246 28 2024 4 5 20 24 45
06 20 12 122 24 2024 4 5 20 24 45
11 20 12 122 30 2024 4 5 20 24 45
07 21 43 142 28 2024 4 5 20 24 45
07 33 41 224 28 2024 4 5 20 24 45
12 21 43 142 23 2024 4 5 20 24 45
12 33 41 224 24 2024 4 5 20 24 45
01 20 30 164 28 2024 4 5 20 24 46
01 22 17 136 31 2024 4 5 20 24 46
01 24 24 232 31 2024 4 5 20 24 46
08 24 24 232 29 2024 4 5 20 24 46
02 72 09 089 23 2024 4 5 20 24 46
02 77 46 179 24 2024 4 5 20 24 46
02 81 13 246 28 2024 4 5 20 24 46
06 20 12 122 23 2024 4 5 20 24 46
11 20 12 122 30 2024 4 5 20 24 46
07 21 43 142 28 2024 4 5 20 24 46
07 33 41 224 28 2024 4 5 20 24 46
12 21 43 142 23 2024 4 5 20 24 46
12 33 41 224 24 2024 4 5 20 24 46
01 20 30 164 29 2024 4 5 20 24 47
01 22 17 136 31 2024 4 5 20 24 47
01 24 24 232 31 2024 4 5 20 24 47
08 24 24 232 29 2024 4 5 20 24 47
02 72 09 089 21 2024 4 5 20 24 47
02 77 46 179 24 2024 4 5 20 24 47
02 81 13 246 27 2024 4 5 20 24 47
06 20 12 122 22 2024 4 5 20 24 47
11 20 12 122 30 2024 4 5 20 24 47
07 21 43 142 28 2024 4 5 20 24 47
07 33 41 224 28 2024 4 5 20 24 47
12 21 43 142 24 2024 4 5 20 24 47
12 33 41 224 25 2024 4 5 20 24 47
01 20 30 164 30 2024 4 5 20 24 48
01 22 17 136 31 2024 4 5 20 24 48
01 24 24 232 31 2024 4 5 20 24 48
08 24 24 232 29 2024 4 5 20 24 48
02 72 09 089 20 2024 4 5 20 24 48
02 77 46 179 23 2024 4 5 20 24 48
02 81 13 246 26 2024 4 5 20 24 48
06 20 12 122 23 2024 4 5 20 24 48
11 20 12 122 30 2024 4 5 20 24 48
07 21 43 142 29 2024 4 5 20 24 48
07 33 41 224 28 2024 4 5 20 24 48
12 21 43 142 24 2024 4 5 20 24 48
12 33 41 224 24 2024 4 5 20 24 48
01 20 30 164 31 2024 4 5 20 24 49
01 22 17 136 32 2024 4 5 20 24 49
01 24 24 232 29 2024 4 5 20 24 49
08 24 24 232 30 2024 4 5 20 24 49
02 72 09 089 21 2024 4 5 20 24 49
02 77 46 179 23 2024 4 5 20 24 49
02 81 13 246 24 2024 4 5 20 24 49
06 20 12 122 20 2024 4 5 20 24 49
11 20 12 122 30 2024 4 5 20 24 49
07 21 43 142 28 2024 4 5 20 24 49
07 33 41 224 28 2024 4 5 20 24 49
12 21 43 142 22 2024 4 5 20 24 49
12 33 41 224 25 2024 4 5 20 24 49
01 20 30 164 31 2024 4 5 20 24 50
01 22 16 136 32 2024 4 5 20 24 50
01 24 24 232 29 2024 4 5 20 24 50
08 24 24 232 30 2024 4 5 20 24 50
02 72 09 089 19 2024 4 5 20 24 50
02 77 46 179 23 2024 4 5 20 24 50
02 81 13 246 23 2024 4 5 20 24 50
06 20 12 122 18 2024 4 5 20 24 50
11 20 12 122 30 2024 4 5 20 24 50
07 21 43 142 28 2024 4 5 20 24 50
07 33 41 224 28 2024 4 5 20 24 50
12 21 43 142 23 2024 4 5 20 24 50
12 33 41 224 25 2024 4 5 20 24 50
01 20 30 164 31 2024 4 5 20 24 51
01 22 16 136 33 2024 4 5 20 24 51
01 24 24 232 30 2024 4 5 20 24 51
08 24 24 232 30 2024 4 5 20 24 51
02 72 09 089 19 2024 4 5 20 24 51
02 77 46 179 23 2024 4 5 20 24 51
02 81 13 246 22 2024 4 5 20 24 51
06 20 12 122 16 2024 4 5 20 24 51
11 20 12 122 30 2024 4 5 20 24 51
07 21 43 142 28 2024 4 5 20 24 51
07 33 41 224 28 2024 4 5 20 24 51
12 21 43 142 23 2024 4 5 20 24 51
12 33 41 224 25 2024 4 5 20 24 51
01 20 30 164 32 2024 4 5 20 24 52
01 22 16 136 33 2024 4 5 20 24 52
01 24 24 232 30 2024 4 5 20 24 52
08 24 24 232 30 2024 4 5 20 24 52
02 72 09 089 16 2024 4 5 20 24 52
02 77 46 179 23 2024 4 5 20 24 52
02 81 13 246 22 2024 4 5 20 24 52
06 20 12 122 15 2024 4 5 20 24 52
11 20 12 122 30 2024 4 5 20 24 52
07 21 43 142 28 2024 4 5 20 24 52
07 33 41 224 28 2024 4 5 20 24 52
12 21 43 142 21 2024 4 5 20 24 52
12 33 41 224 26 2024 4 5 20 24 52
01 20 30 164 31 2024 4 5 20 24 53
01 22 16 136 33 2024 4 5 20 24 53
01 24 24 232 30 2024 4 5 20 24 53
08 24 24 232 30 2024 4 5 20 24 53
02 72 09 089 19 2024 4 5 20 24 53
02 77 46 179 23 2024 4 5 20 24 53
02 81 13 246 23 2024 4 5 20 24 53
06 20 12 122 08 2024 4 5 20 24 53
11 20 12 122 30 2024 4 5 20 24 53
07 21 43 142 27 2024 4 5 20 24 53
07 33 41 224 28 2024 4 5 20 24 53
12 21 43 142 23 2024 4 5 20 24 53
12 33 41 224 25 2024 4 5 20 24 53
01 20 30 164 31 2024 4 5 20 24 54
01 22 16 136 33 2024 4 5 20 24 54
01 24 24 232 29 2024 4 5 20 24 54
08 24 24 232 30 2024 4 5 20 24 54
02 72 09 089 18 2024 4 5 20 24 54
02 77 46 179 23 2024 4 5 20 24 54
02 81 13 246 23 2024 4 5 20 24 54
11 20 12 122 30 2024 4 5 20 24 54
07 21 43 142 27 2024 4 5 20 24 54
07 33 41 224 28 2024 4 5 20 24 54
12 21 43 142 23 2024 4 5 20 24 54
12 33 41 224 25 2024 4 5 20 24 54
01 20 30 164 30 2024 4 5 20 24 55
01 22 16 136 33 2024 4 5 20 24 55
01 24 24 232 29 2024 4 5 20 24 55
08 24 24 232 30 2024 4 5 20 24 55
02 72 09 089 21 2024 4 5 20 24 55
02 77 46 179 23 2024 4 5 20 24 55
02 81 13 246 23 2024 4 5 20 24 55
11 20 12 122 32 2024 4 5 20 24 55
07 21 43 142 28 2024 4 5 20 24 55
07 33 41 224 28 2024 4 5 20 24 55
12 21 43 142 23 2024 4 5 20 24 55
12 33 41 224 24 2024 4 5 20 24 55
01 20 30 164 30 2024 4 5 20 24 56
01 22 16 136 33 2024 4 5 20 24 56
01 24 24 232 29 2024 4 5 20 24 56
08 24 24 232 30 2024 4 5 20 24 56
02 72 09 089 18 2024 4 5 20 24 56
02 77 46 179 24 2024 4 5 20 24 56
02 81 13 246 24 2024 4 5 20 24 56
11 20 12 122 31 2024 4 5 20 24 56
07 21 42 142 28 2024 4 5 20 24 56
07 33 41 224 29 2024 4 5 20 24 56
12 21 42 142 24 2024 4 5 20 24 56
12 33 41 224 24 2024 4 5 20 24 56
01 20 30 164 30 2024 4 5 20 24 57
01 22 16 136 33 2024 4 5 20 24 57
01 24 24 232 30 2024 4 5 20 24 57
08 24 24 232 30 2024 4 5 20 24 57
02 72 09 089 16 2024 4 5 20 24 57
02 77 46 179 24 2024 4 5 20 24 57
02 81 13 246 23 2024 4 5 20 24 57
11 20 12 122 30 2024 4 5 20 24 57
07 21 42 142 28 2024 4 5 20 24 57
07 33 41 224 29 2024 4 5 20 24 57
12 21 42 142 23 2024 4 5 20 24 57
12 33 41 224 24 2024 4 5 20 24 57
01 20 30 164 31 2024 4 5 20 24 58
01 22 16 136 33 2024 4 5 20 24 58
01 24 24 232 30 2024 4 5 20 24 58
08 24 24 232 29 2024 4 5 20 24 58
02 72 09 089 18 2024 4 5 20 24 58
02 77 46 179 23 2024 4 5 20 24 58
02 81 13 246 25 2024 4 5 20 24 58
06 20 12 122 08 2024 4 5 20 24 58
11 20 12 122 30 2024 4 5 20 24 58
07 21 42 142 28 2024 4 5 20 24 58
07 33 41 224 29 2024 4 5 20 24 58
12 21 42 142 23 2024 4 5 20 24 58
12 33 41 224 24 2024 4 5 20 24 58
01 20 30 164 31 2024 4 5 20 24 59
01 22 16 136 33 2024 4 5 20 24 59
01 24 24 232 30 2024 4 5 20 24 59
08 24 24 232 29 2024 4 5 20 24 59
02 72 09 089 20 2024 4 5 20 24 59
02 77 46 179 23 2024 4 5 20 24 59
02 81 13 246 26 2024 4 5 20 24 59
06 20 12 122 09 2024 4 5 20 24 59
11 20 12 122 30 2024 4 5 20 24 59
07 21 42 142 28 2024 4 5 20 24 59
07 33 41 224 29 2024 4 5 20 24 59
12 21 42 142 23 2024 4 5 20 24 59
12 33 41 224 24 2024 4 5 20 24 59
01 20 30 164 31 2024 4 5 20 25 0
01 22 16 136 33 2024 4 5 20 25 0
01 24 24 232 28 2024 4 5 20 25 0
08 24 24 232 29 2024 4 5 20 25 0
02 72 09 089 20 2024 4 5 20 25 0
02 77 46 179 24 2024 4 5 20 25 0
02 81 13 246 26 2024 4 5 20 25 0
06 20 12 122 05 2024 4 5 20 25 0
11 20 12 122 30 2024 4 5 20 25 0
07 21 42 142 28 2024 4 5 20 25 0
07 33 41 224 29 2024 4 5 20 25 0
12 21 42 142 23 2024 4 5 20 25 0
12 33 41 224 25 2024 4 5 20 25 0
01 20 30 164 31 2024 4 5 20 25 1
01 22 16 136 33 2024 4 5 20 25 1
01 24 24 232 29 2024 4 5 20 25 1
08 24 24 232 29 2024 4 5 20 25 1
02 72 09 089 22 2024 4 5 20 25 1
02 77 46 179 24 2024 4 5 20 25 1
02 81 13 246 26 2024 4 5 20 25 1
06 20 12 122 06 2024 4 5 20 25 1
11 20 12 122 29 2024 4 5 20 25 1
07 21 42 142 28 2024 4 5 20 25 1
07 33 41 224 29 2024 4 5 20 25 1
12 21 42 142 24 2024 4 5 20 25 1
12 33 41 224 25 2024 4 5 20 25 1
01 20 31 164 31 2024 4 5 20 25 2
01 22 16 136 33 2024 4 5 20 25 2
01 24 24 232 28 2024 4 5 20 25 2
08 24 24 232 30 2024 4 5 20 25 2
02 72 09 089 25 2024 4 5 20 25 2
02 77 46 179 24 2024 4 5 20 25 2
02 81 13 246 26 2024 4 5 20 25 2
06 20 12 122 13 2024 4 5 20 25 2
11 20 12 122 29 2024 4 5 20 25 2
07 21 42 142 27 2024 4 5 20 25 2
07 33 41 224 29 2024 4 5 20 25 2
12 21 42 142 24 2024 4 5 20 25 2
12 33 41 224 25 2024 4 5 20 25 2
01 20 31 164 31 2024 4 5 20 25 3
01 22 16 136 34 2024 4 5 20 25 3
01 24 24 231 27 2024 4 5 20 25 3
08 24 24 231 30 2024 4 5 20 25 3
02 72 09 089 25 2024 4 5 20 25 3
02 77 46 179 24 2024 4 5 20 25 3
02 81 13 246 27 2024 4 5 20 25 3
06 20 12 122 13 2024 4 5 20 25 3
11 20 12 122 29 2024 4 5 20 25 3
07 21 42 142 27 2024 4 5 20 25 3
07 33 41 224 29 2024 4 5 20 25 3
12 21 42 142 23 2024 4 5 20 25 3
12 33 41 224 26 2024 4 5 20 25 3
01 20 31 164 30 2024 4 5 20 25 4
01 22 16 136 33 2024 4 5 20 25 4
01 24 24 231 27 2024 4 5 20 25 4
08 24 24 231 30 2024 4 5 20 25 4
02 72 09 089 25 2024 4 5 20 25 4
02 77 46 179 24 2024 4 5 20 25 4
02 81 13 246 28 2024 4 5 20 25 4
06 20 12 122 15 2024 4 5 20 25 4
11 20 12 122 29 2024 4 5 20 25 4
07 21 42 142 27 2024 4 5 20 25 4
07 33 41 224 29 2024 4 5 20 25 4
12 21 42 142 24 2024 4 5 20 25 4
12 33 41 224 24 2024 4 5 20 25 4
01 20 31 164 30 2024 4 5 20 25 5
01 22 16 136 33 2024 4 5 20 25 5
01 24 24 231 29 2024 4 5 20 25 5
08 24 24 231 30 2024 4 5 20 25 5
02 72 09 089 23 2024 4 5 20 25 5
02 77 46 179 23 2024 4 5 20 25 5
02 81 13 246 28 2024 4 5 20 25 5
06 20 12 122 18 2024 4 5 20 25 5
11 20 12 122 29 2024 4 5 20 25 5
07 21 42 142 27 2024 4 5 20 25 5
07 33 41 224 29 2024 4 5 20 25 5
12 21 42 142 23 2024 4 5 20 25 5
12 33 41 224 23 2024 4 5 20 25 5
01 20 31 164 31 2024 4 5 20 25 6
01 22 16 136 33 2024 4 5 20 25 6
01 24 24 231 28 2024 4 5 20 25 6
08 24 24 231 30 2024 4 5 20 25 6
02 72 09 089 22 2024 4 5 20 25 6
02 77 46 179 24 2024 4 5 20 25 6
02 81 13 246 29 2024 4 5 20 25 6
06 20 12 122 19 2024 4 5 20 25 6
11 20 12 122 29 2024 4 5 20 25 6
07 21 42 142 28 2024 4 5 20 25 6
07 33 41 224 29 2024 4 5 20 25 6
12 21 42 142 24 2024 4 5 20 25 6
12 33 41 224 23 2024 4 5 20 25 6
01 20 31 164 31 2024 4 5 20 25 7
01 22 16 136 34 2024 4 5 20 25 7
01 24 24 231 28 2024 4 5 20 25 7
08 24 24 231 30 2024 4 5 20 25 7
02 72 09 089 23 2024 4 5 20 25 7
02 76 04 162 40 2024 4 5 20 25 7
02 77 46 179 24 2024 4 5 20 25 7
02 81 13 246 29 2024 4 5 20 25 7
06 20 12 122 19 2024 4 5 20 25 7
11 20 12 122 29 2024 4 5 20 25 7
07 21 42 142 28 2024 4 5 20 25 7
07 33 41 224 29 2024 4 5 20 25 7
12 21 42 142 23 2024 4 5 20 25 7
12 33 41 224 24 2024 4 5 20 25 7
01 20 31 164 30 2024 4 5 20 25 8
01 22 16 136 34 2024 4 5 20 25 8
01 24 24 231 28 2024 4 5 20 25 8
08 24 24 231 30 2024 4 5 20 25 8
02 72 09 089 21 2024 4 5 20 25 8
02 76 04 162 40 2024 4 5 20 25 8
02 77 46 179 23 2024 4 5 20 25 8
02 81 13 246 29 2024 4 5 20 25 8
06 20 12 122 17 2024 4 5 20 25 8
11 20 12 122 29 2024 4 5 20 25 8
07 21 42 142 27 2024 4 5 20 25 8
07 33 41 224 29 2024 4 5 20 25 8
12 21 42 142 23 2024 4 5 20 25 8
12 33 41 224 23 2024 4 5 20 25 8
01 20 31 164 30 2024 4 5 20 25 9
01 22 16 136 34 2024 4 5 20 25 9
01 24 24 231 28 2024 4 5 20 25 9
08 24 24 231 30 2024 4 5 20 25 9
02 72 09 089 17 2024 4 5 20 25 9
02 76 04 162 40 2024 4 5 20 25 9
02 77 46 179 24 2024 4 5 20 25 9
02 81 13 246 28 2024 4 5 20 25 9
06 20 12 122 20 2024 4 5 20 25 9
11 20 12 122 29 2024 4 5 20 25 9
07 21 42 142 27 2024 4 5 20 25 9
07 33 41 225 30 2024 4 5 20 25 9
12 21 42 142 24 2024 4 5 20 25 9
12 33 41 225 22 2024 4 5 20 25 9
01 20 31 164 30 2024 4 5 20 25 10
01 22 16 136 34 2024 4 5 20 25 10
01 24 24 231 28 2024 4 5 20 25 10
08 24 24 231 30 2024 4 5 20 25 10
02 72 09 089 15 2024 4 5 20 25 10
02 76 04 162 39 2024 4 5 20 25 10
02 77 46 179 24 2024 4 5 20 25 10
02 81 13 246 27 2024 4 5 20 25 10
06 20 12 122 18 2024 4 5 20 25 10
11 20 12 122 29 2024 4 5 20 25 10
07 21 42 142 27 2024 4 5 20 25 10
07 33 41 225 30 2024 4 5 20 25 10
12 21 42 142 24 2024 4 5 20 25 10
12 33 41 225 21 2024 4 5 20 25 10
01 20 31 164 31 2024 4 5 20 25 11
01 22 16 136 34 2024 4 5 20 25 11
01 24 24 231 27 2024 4 5 20 25 11
08 24 24 231 30 2024 4 5 20 25 11
02 72 09 089 12 2024 4 5 20 25 11
02 76 04 162 39 2024 4 5 20 25 11
02 77 46 179 24 2024 4 5 20 25 11
02 81 13 246 26 2024 4 5 20 25 11
06 20 12 122 16 2024 4 5 20 25 11
11 20 12 122 29 2024 4 5 20 25 11
07 21 42 142 27 2024 4 5 20 25 11
07 33 41 225 30 2024 4 5 20 25 11
12 21 42 142 23 2024 4 5 20 25 11
12 33 41 225 22 2024 4 5 20 25 11
01 20 31 164 30 2024 4 5 20 25 12
01 22 16 136 34 2024 4 5 20 25 12
01 24 24 231 28 2024 4 5 20 25 12
08 24 24 231 31 2024 4 5 20 25 12
02 72 09 089 10 2024 4 5 20 25 12
02 76 04 162 39 2024 4 5 20 25 12
02 77 46 179 24 2024 4 5 20 25 12
02 81 13 246 26 2024 4 5 20 25 12
06 20 12 122 12 2024 4 5 20 25 12
11 20 12 122 29 2024 4 5 20 25 12
07 21 42 142 27 2024 4 5 20 25 12
07 33 41 225 30 2024 4 5 20 25 12
12 21 42 142 24 2024 4 5 20 25 12
12 33 41 225 21 2024 4 5 20 25 12
01 20 31 164 31 2024 4 5 20 25 13
01 22 16 136 35 2024 4 5 20 25 13
01 24 24 231 29 2024 4 5 20 25 13
08 24 24 231 30 2024 4 5 20 25 13
02 72 09 089 13 2024 4 5 20 25 13
02 76 04 162 39 2024 4 5 20 25 13
02 77 46 179 24 2024 4 5 20 25 13
02 81 13 246 26 2024 4 5 20 25 13
06 20 12 122 12 2024 4 5 20 25 13
11 20 12 122 29 2024 4 5 20 25 13
07 21 42 142 27 2024 4 5 20 25 13
07 33 41 225 30 2024 4 5 20 25 13
12 21 42 142 22 2024 4 5 20 25 13
12 33 41 225 22 2024 4 5 20 25 13
01 20 31 164 31 2024 4 5 20 25 14
01 22 16 136 35 2024 4 5 20 25 14
01 24 24 231 29 2024 4 5 20 25 14
08 24 24 231 30 2024 4 5 20 25 14
02 72 09 089 12 2024 4 5 20 25 14
02 76 04 162 40 2024 4 5 20 25 14
02 77 46 179 23 2024 4 5 20 25 14
02 81 13 246 26 2024 4 5 20 25 14
06 20 12 122 15 2024 4 5 20 25 14
11 20 12 122 29 2024 4 5 20 25 14
07 21 42 142 27 2024 4 5 20 25 14
07 33 41 225 30 2024 4 5 20 25 14
12 21 42 142 22 2024 4 5 20 25 14
12 33 41 225 21 2024 4 5 20 25 14
01 20 31 164 31 2024 4 5 20 25 15
01 22 16 136 34 2024 4 5 20 25 15
01 24 24 231 27 2024 4 5 20 25 15
08 24 24 231 30 2024 4 5 20 25 15
02 76 04 162 40 2024 4 5 20 25 15
02 77 46 179 23 2024 4 5 20 25 15
02 81 13 246 25 2024 4 5 20 25 15
06 20 12 122 17 2024 4 5 20 25 15
11 20 12 122 29 2024 4 5 20 25 15
07 21 42 142 27 2024 4 5 20 25 15
07 33 41 225 30 2024 4 5 20 25 15
12 21 42 142 23 2024 4 5 20 25 15
12 33 41 225 21 2024 4 5 20 25 15
01 20 31 164 31 2024 4 5 20 25 16
01 22 16 136 34 2024 4 5 20 25 16
01 24 24 231 27 2024 4 5 20 25 16
08 24 24 231 30 2024 4 5 20 25 16
02 72 09 089 14 2024 4 5 20 25 16
02 76 04 162 40 2024 4 5 20 25 16
02 77 46 179 24 2024 4 5 20 25 16
02 81 13 246 24 2024 4 5 20 25 16
06 20 12 122 19 2024 4 5 20 25 16
11 20 12 122 29 2024 4 5 20 25 16
07 21 42 142 27 2024 4 5 20 25 16
07 33 41 225 30 2024 4 5 20 25 16
12 21 42 142 23 2024 4 5 20 25 16
12 33 41 225 21 2024 4 5 20 25 16
01 20 31 164 32 2024 4 5 20 25 17
01 22 16 136 34 2024 4 5 20 25 17
01 24 24 231 24 2024 4 5 20 25 17
08 24 24 231 30 2024 4 5 20 25 17
02 72 09 089 17 2024 4 5 20 25 17
02 77 46 179 24 2024 4 5 20 25 17
02 81 13 247 24 2024 4 5 20 25 17
06 20 12 122 16 2024 4 5 20 25 17
11 20 12 122 29 2024 4 5 20 25 17
07 21 42 142 27 2024 4 5 20 25 17
07 33 41 225 30 2024 4 5 20 25 17
12 21 42 142 21 2024 4 5 20 25 17
12 33 41 225 21 2024 4 5 20 25 17
01 20 31 164 32 2024 4 5 20 25 18
01 22 16 136 35 2024 4 5 20 25 18
01 24 24 231 26 2024 4 5 20 25 18
08 24 24 231 30 2024 4 5 20 25 18
02 72 09 089 16 2024 4 5 20 25 18
02 77 46 179 25 2024 4 5 20 25 18
02 81 13 247 25 2024 4 5 20 25 18
06 20 12 122 17 2024 4 5 20 25 18
11 20 12 122 29 2024 4 5 20 25 18
07 21 42 142 28 2024 4 5 20 25 18
07 33 41 225 30 2024 4 5 20 25 18
12 21 42 142 23 2024 4 5 20 25 18
12 33 41 225 20 2024 4 5 20 25 18
01 20 31 164 31 2024 4 5 20 25 19
01 22 16 136 35 2024 4 5 20 25 19
01 24 24 231 25 2024 4 5 20 25 19
08 24 24 231 30 2024 4 5 20 25 19
02 72 09 089 19 2024 4 5 20 25 19
02 77 46 179 24 2024 4 5 20 25 19
02 81 13 247 25 2024 4 5 20 25 19
06 20 12 122 19 2024 4 5 20 25 19
11 20 12 122 29 2024 4 5 20 25 19
07 21 42 142 27 2024 4 5 20 25 19
07 33 41 225 30 2024 4 5 20 25 19
12 21 42 142 23 2024 4 5 20 25 19
12 33 41 225 20 2024 4 5 20 25 19
01 20 31 164 31 2024 4 5 20 25 20
01 22 16 136 35 2024 4 5 20 25 20
01 24 24 231 25 2024 4 5 20 25 20
08 24 24 231 30 2024 4 5 20 25 20
02 72 09 089 20 2024 4 5 20 25 20
02 77 46 179 23 2024 4 5 20 25 20
02 81 13 247 25 2024 4 5 20 25 20
06 20 12 122 20 2024 4 5 20 25 20
11 20 12 122 29 2024 4 5 20 25 20
07 21 42 142 27 2024 4 5 20 25 20
07 33 41 225 30 2024 4 5 20 25 20
12 21 42 142 23 2024 4 5 20 25 20
12 33 41 225 20 2024 4 5 20 25 20
01 20 31 164 31 2024 4 5 20 25 21
01 22 16 136 35 2024 4 5 20 25 21
01 24 24 231 23 2024 4 5 20 25 21
08 24 24 231 30 2024 4 5 20 25 21
02 72 09 089 19 2024 4 5 20 25 21
02 77 46 179 23 2024 4 5 20 25 21
02 81 13 247 25 2024 4 5 20 25 21
06 20 12 122 22 2024 4 5 20 25 21
11 20 12 122 29 2024 4 5 20 25 21
07 21 42 142 27 2024 4 5 20 25 21
07 33 41 225 30 2024 4 5 20 25 21
12 21 42 142 22 2024 4 5 20 25 21
12 33 41 225 20 2024 4 5 20 25 21
01 20 31 164 31 2024 4 5 20 25 22
01 22 16 136 35 2024 4 5 20 25 22
01 24 24 231 24 2024 4 5 20 25 22
08 24 24 231 30 2024 4 5 20 25 22
02 72 09 089 20 2024 4 5 20 25 22
02 77 46 179 23 2024 4 5 20 25 22
02 81 13 247 25 2024 4 5 20 25 22
06 20 12 122 19 2024 4 5 20 25 22
11 20 12 122 29 2024 4 5 20 25 22
07 21 42 142 27 2024 4 5 20 25 22
07 33 41 225 30 2024 4 5 20 25 22
12 21 42 142 23 2024 4 5 20 25 22
12 33 41 225 20 2024 4 5 20 25 22
01 20 31 164 32 2024 4 5 20 25 23
01 22 16 136 35 2024 4 5 20 25 23
01 24 24 231 24 2024 4 5 20 25 23
08 24 24 231 30 2024 4 5 20 25 23
02 72 09 089 20 2024 4 5 20 25 23
02 77 46 179 23 2024 4 5 20 25 23
02 81 13 247 26 2024 4 5 20 25 23
06 20 12 122 22 2024 4 5 20 25 23
11 20 12 122 29 2024 4 5 20 25 23
07 21 42 142 27 2024 4 5 20 25 23
07 33 41 225 30 2024 4 5 20 25 23
12 21 42 142 23 2024 4 5 20 25 23
12 33 41 225 21 2024 4 5 20 25 23
01 20 31 164 32 2024 4 5 20 25 24
01 22 16 136 35 2024 4 5 20 25 24
01 24 24 231 24 2024 4 5 20 25 24
08 24 24 231 29 2024 4 5 20 25 24
02 72 09 089 19 2024 4 5 20 25 24
02 77 46 179 23 2024 4 5 20 25 24
02 81 13 247 27 2024 4 5 20 25 24
06 20 12 122 22 2024 4 5 20 25 24
11 20 12 122 29 2024 4 5 20 25 24
07 21 42 142 26 2024 4 5 20 25 24
07 33 41 225 30 2024 4 5 20 25 24
12 21 42 142 23 2024 4 5 20 25 24
12 33 41 225 21 2024 4 5 20 25 24
01 20 31 164 32 2024 4 5 20 25 25
01 22 16 136 35 2024 4 5 20 25 25
01 24 24 231 23 2024 4 5 20 25 25
08 24 24 231 29 2024 4 5 20 25 25
02 72 09 089 20 2024 4 5 20 25 25
02 77 46 179 23 2024 4 5 20 25 25
02 81 13 247 28 2024 4 5 20 25 25
06 20 12 122 23 2024 4 5 20 25 25
11 20 12 122 29 2024 4 5 20 25 25
07 21 42 142 26 2024 4 5 20 25 25
07 33 41 225 29 2024 4 5 20 25 25
12 21 42 142 23 2024 4 5 20 25 25
12 33 41 225 21 2024 4 5 20 25 25
01 20 31 164 32 2024 4 5 20 25 26
01 22 16 136 35 2024 4 5 20 25 26
01 24 24 231 24 2024 4 5 20 25 26
08 24 24 231 29 2024 4 5 20 25 26
02 72 09 089 18 2024 4 5 20 25 26
02 77 46 179 23 2024 4 5 20 25 26
02 81 13 247 29 2024 4 5 20 25 26
06 20 12 122 20 2024 4 5 20 25 26
11 20 12 122 29 2024 4 5 20 25 26
07 21 42 142 26 2024 4 5 20 25 26
07 33 41 225 29 2024 4 5 20 25 26
12 21 42 142 22 2024 4 5 20 25 26
12 33 41 225 20 2024 4 5 20 25 26
01 20 31 164 31 2024 4 5 20 25 27
01 22 16 136 34 2024 4 5 20 25 27
01 24 24 231 25 2024 4 5 20 25 27
08 24 24 231 29 2024 4 5 20 25 27
02 72 09 089 16 2024 4 5 20 25 27
02 77 46 179 23 2024 4 5 20 25 27
02 81 13 247 29 2024 4 5 20 25 27
06 20 12 122 18 2024 4 5 20 25 27
11 20 12 122 28 2024 4 5 20 25 27
07 21 42 142 26 2024 4 5 20 25 27
07 33 41 225 29 2024 4 5 20 25 27
12 21 42 142 22 2024 4 5 20 25 27
12 33 41 225 20 2024 4 5 20 25 27
01 20 31 164 31 2024 4 5 20 25 28
01 22 16 136 35 2024 4 5 20 25 28
01 24 24 231 25 2024 4 5 20 25 28
08 24 24 231 29 2024 4 5 20 25 28
02 72 09 089 19 2024 4 5 20 25 28
02 77 46 179 23 2024 4 5 20 25 28
02 81 13 247 29 2024 4 5 20 25 28
06 20 12 122 20 2024 4 5 20 25 28
11 20 12 122 28 2024 4 5 20 25 28
07 21 42 142 26 2024 4 5 20 25 28
07 33 41 225 29 2024 4 5 20 25 28
12 21 42 142 22 2024 4 5 20 25 28
12 33 41 225 19 2024 4 5 20 25 28
01 20 31 164 32 2024 4 5 20 25 29
01 22 16 136 35 2024 4 5 20 25 29
01 24 24 231 25 2024 4 5 20 25 29
08 24 24 231 29 2024 4 5 20 25 29
02 72 09 089 23 2024 4 5 20 25 29
02 77 46 179 23 2024 4 5 20 25 29
02 81 13 247 29 2024 4 5 20 25 29
06 20 12 122 19 2024 4 5 20 25 29
11 20 12 122 28 2024 4 5 20 25 29
07 21 42 142 26 2024 4 5 20 25 29
07 33 41 225 29 2024 4 5 20 25 29
12 21 42 142 22 2024 4 5 20 25 29
12 33 41 225 20 2024 4 5 20 25 29
01 20 31 164 32 2024 4 5 20 25 30
01 22 16 136 35 2024 4 5 20 25 30
01 24 24 231 25 2024 4 5 20 25 30
08 24 24 231 30 2024 4 5 20 25 30
02 72 09 089 23 2024 4 5 20 25 30
02 77 46 179 22 2024 4 5 20 25 30
02 81 13 247 30 2024 4 5 20 25 30
06 20 12 122 19 2024 4 5 20 25 30
11 20 12 122 28 2024 4 5 20 25 30
07 21 42 142 25 2024 4 5 20 25 30
07 33 41 225 28 2024 4 5 20 25 30
12 21 42 142 22 2024 4 5 20 25 30
12 33 41 225 21 2024 4 5 20 25 30
01 20 31 164 32 2024 4 5 20 25 31
01 22 16 136 35 2024 4 5 20 25 31
01 24 24 231 23 2024 4 5 20 25 31
08 24 24 231 30 2024 4 5 20 25 31
02 72 09 089 23 2024 4 5 20 25 31
02 77 46 179 23 2024 4 5 20 25 31
02 81 13 247 30 2024 4 5 20 25 31
06 20 12 122 17 2024 4 5 20 25 31
11 20 12 122 29 2024 4 5 20 25 31
07 21 42 142 25 2024 4 5 20 25 31
07 33 41 225 28 2024 4 5 20 25 31
12 21 42 142 22 2024 4 5 20 25 31
12 33 41 225 20 2024 4 5 20 25 31
01 20 31 164 32 2024 4 5 20 25 32
01 22 16 136 35 2024 4 5 20 25 32
01 24 24 231 21 2024 4 5 20 25 32
08 24 24 231 30 2024 4 5 20 25 32
02 72 09 089 22 2024 4 5 20 25 32
02 77 46 179 23 2024 4 5 20 25 32
02 81 13 247 29 2024 4 5 20 25 32
06 20 12 122 19 2024 4 5 20 25 32
11 20 12 122 29 2024 4 5 20 25 32
07 21 42 142 24 2024 4 5 20 25 32
07 33 41 225 28 2024 4 5 20 25 32
12 21 42 142 23 2024 4 5 20 25 32
12 33 41 225 21 2024 4 5 20 25 32
01 20 31 164 31 2024 4 5 20 25 33
01 22 16 136 35 2024 4 5 20 25 33
01 24 24 231 21 2024 4 5 20 25 33
08 24 24 231 30 2024 4 5 20 25 33
02 72 09 089 23 2024 4 5 20 25 33
02 77 46 179 24 2024 4 5 20 25 33
02 81 13 247 29 2024 4 5 20 25 33
06 20 12 122 20 2024 4 5 20 25 33
11 20 12 122 29 2024 4 5 20 25 33
07 21 42 142 24 2024 4 5 20 25 33
07 33 41 225 28 2024 4 5 20 25 33
12 21 42 142 24 2024 4 5 20 25 33
12 33 41 225 21 2024 4 5 20 25 33
01 20 31 164 31 2024 4 5 20 25 34
01 22 16 136 35 2024 4 5 20 25 34
01 24 24 231 19 2024 4 5 20 25 34
08 24 24 231 29 2024 4 5 20 25 34
02 72 09 089 23 2024 4 5 20 25 34
02 77 46 179 24 2024 4 5 20 25 34
02 81 13 247 28 2024 4 5 20 25 34
06 20 12 122 20 2024 4 5 20 25 34
11 20 12 122 29 2024 4 5 20 25 34
07 21 42 142 24 2024 4 5 20 25 34
07 33 41 225 28 2024 4 5 20 25 34
12 21 42 142 23 2024 4 5 20 25 34
12 33 41 225 21 2024 4 5 20 25 34
01 20 31 164 29 2024 4 5 20 25 35
01 22 16 136 35 2024 4 5 20 25 35
01 24 24 231 20 2024 4 5 20 25 35
08 24 24 231 30 2024 4 5 20 25 35
02 72 09 089 19 2024 4 5 20 25 35
02 77 46 179 23 2024 4 5 20 25 35
02 81 13 247 27 2024 4 5 20 25 35
06 20 12 122 21 2024 4 5 20 25 35
11 20 12 122 30 2024 4 5 20 25 35
07 21 42 142 23 2024 4 5 20 25 35
07 33 41 225 28 2024 4 5 20 25 35
12 21 42 142 23 2024 4 5 20 25 35
12 33 41 225 21 2024 4 5 20 25 35
01 20 31 164 30 2024 4 5 20 25 36
01 22 16 136 35 2024 4 5 20 25 36
01 24 24 231 20 2024 4 5 20 25 36
08 24 24 231 30 2024 4 5 20 25 36
02 72 09 089 19 2024 4 5 20 25 36
02 77 46 179 23 2024 4 5 20 25 36
02 81 13 247 27 2024 4 5 20 25 36
06 20 12 122 22 2024 4 5 20 25 36
11 20 12 122 29 2024 4 5 20 25 36
07 21 42 142 23 2024 4 5 20 25 36
07 33 41 225 27 2024 4 5 20 25 36
12 21 42 142 24 2024 4 5 20 25 36
12 33 41 225 21 2024 4 5 20 25 36
01 20 31 164 30 2024 4 5 20 25 37
01 22 16 136 35 2024 4 5 20 25 37
01 24 24 231 19 2024 4 5 20 25 37
08 24 24 231 30 2024 4 5 20 25 37
02 72 09 089 16 2024 4 5 20 25 37
02 76 04 162 37 2024 4 5 20 25 37
02 77 46 179 23 2024 4 5 20 25 37
02 81 13 247 27 2024 4 5 20 25 37
06 20 12 122 24 2024 4 5 20 25 37
11 20 12 122 29 2024 4 5 20 25 37
07 21 42 142 23 2024 4 5 20 25 37
07 33 41 225 28 2024 4 5 20 25 37
12 21 42 142 24 2024 4 5 20 25 37
12 33 41 225 21 2024 4 5 20 25 37
01 20 31 164 31 2024 4 5 20 25 38
01 22 16 136 36 2024 4 5 20 25 38
01 24 24 231 18 2024 4 5 20 25 38
08 24 24 231 30 2024 4 5 20 25 38
02 72 09 089 16 2024 4 5 20 25 38
02 76 04 162 37 2024 4 5 20 25 38
02 77 46 179 22 2024 4 5 20 25 38
02 81 13 247 27 2024 4 5 20 25 38
06 20 12 122 22 2024 4 5 20 25 38
11 20 12 122 29 2024 4 5 20 25 38
07 21 42 142 23 2024 4 5 20 25 38
07 33 41 225 28 2024 4 5 20 25 38
12 21 42 142 23 2024 4 5 20 25 38
12 33 41 225 21 2024 4 5 20 25 38
01 20 31 164 30 2024 4 5 20 25 39
01 22 16 136 36 2024 4 5 20 25 39
01 24 24 231 20 2024 4 5 20 25 39
08 24 24 231 30 2024 4 5 20 25 39
02 72 09 089 16 2024 4 5 20 25 39
02 76 04 162 37 2024 4 5 20 25 39
02 77 46 179 22 2024 4 5 20 25 39
02 81 13 247 26 2024 4 5 20 25 39
06 20 12 122 23 2024 4 5 20 25 39
11 20 12 122 29 2024 4 5 20 25 39
07 21 42 142 23 2024 4 5 20 25 39
07 33 41 225 28 2024 4 5 20 25 39
12 21 42 142 24 2024 4 5 20 25 39
12 33 41 225 21 2024 4 5 20 25 39
01 20 31 164 31 2024 4 5 20 25 40
01 22 16 136 36 2024 4 5 20 25 40
01 24 24 231 20 2024 4 5 20 25 40
08 24 24 231 30 2024 4 5 20 25 40
02 72 09 089 17 2024 4 5 20 25 40
02 76 04 162 37 2024 4 5 20 25 40
02 77 46 179 22 2024 4 5 20 25 40
02 81 13 247 26 2024 4 5 20 25 40
06 20 12 122 24 2024 4 5 20 25 40
11 20 12 122 30 2024 4 5 20 25 40
07 21 42 142 23 2024 4 5 20 25 40
07 33 41 225 28 2024 4 5 20 25 40
12 21 42 142 23 2024 4 5 20 25 40
12 33 41 225 22 2024 4 5 20 25 40
01 20 31 164 31 2024 4 5 20 25 41
01 22 16 136 36 2024 4 5 20 25 41
01 24 24 231 22 2024 4 5 20 25 41
08 24 24 231 30 2024 4 5 20 25 41
02 72 09 089 14 2024 4 5 20 25 41
02 76 04 162 37 2024 4 5 20 25 41
02 77 46 179 22 2024 4 5 20 25 41
02 81 13 247 24 2024 4 5 20 25 41
06 20 12 122 25 2024 4 5 20 25 41
11 20 12 122 30 2024 4 5 20 25 41
07 21 42 142 24 2024 4 5 20 25 41
07 33 41 225 29 2024 4 5 20 25 41
12 21 42 142 23 2024 4 5 20 25 41
12 33 41 225 21 2024 4 5 20 25 41
01 20 31 164 31 2024 4 5 20 25 42
01 22 16 136 37 2024 4 5 20 25 42
01 24 24 231 23 2024 4 5 20 25 42
08 24 24 231 30 2024 4 5 20 25 42
02 72 10 089 10 2024 4 5 20 25 42
02 77 46 179 23 2024 4 5 20 25 42
02 81 13 247 24 2024 4 5 20 25 42
06 20 12 122 26 2024 4 5 20 25 42
11 20 12 122 30 2024 4 5 20 25 42
07 21 42 142 25 2024 4 5 20 25 42
07 33 41 225 29 2024 4 5 20 25 42
12 21 42 142 24 2024 4 5 20 25 42
12 33 41 225 20 2024 4 5 20 25 42
01 20 31 164 31 2024 4 5 20 25 43
01 22 16 136 37 2024 4 5 20 25 43
01 24 24 231 24 2024 4 5 20 25 43
08 24 24 231 30 2024 4 5 20 25 43
02 72 10 089 11 2024 4 5 20 25 43
02 77 46 179 23 2024 4 5 20 25 43
02 81 13 247 24 2024 4 5 20 25 43
06 20 12 122 26 2024 4 5 20 25 43
11 20 12 122 30 2024 4 5 20 25 43
07 21 42 142 25 2024 4 5 20 25 43
07 33 41 225 29 2024 4 5 20 25 43
12 21 42 142 24 2024 4 5 20 25 43
12 33 41 225 22 2024 4 5 20 25 43
01 20 31 164 31 2024 4 5 20 25 44
01 22 16 136 37 2024 4 5 20 25 44
01 24 24 231 24 2024 4 5 20 25 44
08 24 24 231 30 2024 4 5 20 25 44
02 72 10 089 08 2024 4 5 20 25 44
02 77 46 179 23 2024 4 5 20 25 44
02 81 13 247 22 2024 4 5 20 25 44
06 20 13 122 26 2024 4 5 20 25 44
11 20 13 122 30 2024 4 5 20 25 44
07 21 42 142 25 2024 4 5 20 25 44
07 33 41 225 29 2024 4 5 20 25 44
12 21 42 142 23 2024 4 5 20 25 44
12 33 41 225 21 2024 4 5 20 25 44
