01 05 64 050 37 2024 4 9 23 48 5
01 12 08 183 35 2024 4 9 23 48 5
01 20 30 049 30 2024 4 9 23 48 5
01 29 82 316 47 2024 4 9 23 48 5
02 69 17 028 30 2024 4 9 23 48 5
02 70 61 096 25 2024 4 9 23 48 5
02 71 33 169 37 2024 4 9 23 48 5
02 75 06 224 42 2024 4 9 23 48 5
02 76 22 278 33 2024 4 9 23 48 5
02 85 56 047 33 2024 4 9 23 48 5
02 86 41 320 39 2024 4 9 23 48 5
06 27 21 302 31 2024 4 9 23 48 5
06 28 66 327 35 2024 4 9 23 48 5
06 33 62 140 31 2024 4 9 23 48 5
06 37 09 249 30 2024 4 9 23 48 5
06 41 24 193 29 2024 4 9 23 48 5
06 42 37 052 29 2024 4 9 23 48 5
06 43 44 105 31 2024 4 9 23 48 5
06 46 08 299 31 2024 4 9 23 48 5
01 05 64 050 44 2024 4 9 23 48 6
01 11 12 079 35 2024 4 9 23 48 6
01 12 08 183 40 2024 4 9 23 48 6
01 13 27 111 38 2024 4 9 23 48 6
01 15 31 153 37 2024 4 9 23 48 6
01 18 37 286 32 2024 4 9 23 48 6
01 20 30 049 41 2024 4 9 23 48 6
01 23 15 223 33 2024 4 9 23 48 6
01 25 23 208 35 2024 4 9 23 48 6
01 26 17 307 34 2024 4 9 23 48 6
01 29 82 316 48 2024 4 9 23 48 6
02 69 17 028 38 2024 4 9 23 48 6
02 70 61 096 27 2024 4 9 23 48 6
02 71 33 169 43 2024 4 9 23 48 6
02 75 06 224 44 2024 4 9 23 48 6
02 76 22 278 43 2024 4 9 23 48 6
02 77 14 324 32 2024 4 9 23 48 6
02 84 13 094 22 2024 4 9 23 48 6
02 85 56 047 43 2024 4 9 23 48 6
02 86 41 320 44 2024 4 9 23 48 6
06 27 21 302 39 2024 4 9 23 48 6
06 28 66 327 42 2024 4 9 23 48 6
06 33 62 140 42 2024 4 9 23 48 6
06 37 09 249 38 2024 4 9 23 48 6
06 41 24 193 40 2024 4 9 23 48 6
06 42 37 052 40 2024 4 9 23 48 6
06 43 44 105 40 2024 4 9 23 48 6
06 46 08 299 39 2024 4 9 23 48 6
01 15 31 153 42 2024 4 9 23 48 8
01 18 37 286 36 2024 4 9 23 48 8
01 23 15 223 36 2024 4 9 23 48 8
01 25 23 208 41 2024 4 9 23 48 8
01 26 17 307 39 2024 4 9 23 48 8
01 05 64 050 46 2024 4 9 23 48 8
01 11 12 079 44 2024 4 9 23 48 8
01 12 08 183 41 2024 4 9 23 48 8
01 13 27 111 43 2024 4 9 23 48 8
01 15 31 153 45 2024 4 9 23 48 8
01 18 37 286 36 2024 4 9 23 48 8
01 20 30 049 46 2024 4 9 23 48 8
01 23 15 223 37 2024 4 9 23 48 8
01 25 23 208 42 2024 4 9 23 48 8
01 26 17 307 40 2024 4 9 23 48 8
01 29 82 316 48 2024 4 9 23 48 8
08 23 15 223 39 2024 4 9 23 48 8
08 25 23 208 37 2024 4 9 23 48 8
08 26 17 307 41 2024 4 9 23 48 8
02 69 17 028 38 2024 4 9 23 48 8
02 70 61 096 31 2024 4 9 23 48 8
02 71 33 169 45 2024 4 9 23 48 8
02 75 06 224 44 2024 4 9 23 48 8
02 76 22 278 50 2024 4 9 23 48 8
02 77 14 324 36 2024 4 9 23 48 8
02 84 13 094 27 2024 4 9 23 48 8
02 85 56 047 51 2024 4 9 23 48 8
02 86 41 320 47 2024 4 9 23 48 8
06 33 62 140 46 2024 4 9 23 48 8
11 27 21 302 41 2024 4 9 23 48 8
11 28 66 327 41 2024 4 9 23 48 8
11 33 62 140 42 2024 4 9 23 48 8
11 37 09 249 36 2024 4 9 23 48 8
11 41 24 193 33 2024 4 9 23 48 8
11 42 37 052 40 2024 4 9 23 48 8
11 43 44 105 38 2024 4 9 23 48 8
11 46 08 299 41 2024 4 9 23 48 8
07 07 29 135 37 2024 4 9 23 48 8
07 08 31 074 37 2024 4 9 23 48 8
07 13 46 062 38 2024 4 9 23 48 8
07 21 25 204 33 2024 4 9 23 48 8
07 26 62 316 37 2024 4 9 23 48 8
07 31 17 317 40 2024 4 9 23 48 8
07 33 20 279 32 2024 4 9 23 48 8
01 05 64 050 47 2024 4 9 23 48 11
01 11 12 079 44 2024 4 9 23 48 11
01 12 08 183 40 2024 4 9 23 48 11
01 13 27 111 42 2024 4 9 23 48 11
01 15 31 153 45 2024 4 9 23 48 11
01 18 37 286 36 2024 4 9 23 48 11
01 20 30 049 46 2024 4 9 23 48 11
01 23 15 223 37 2024 4 9 23 48 11
01 25 23 208 41 2024 4 9 23 48 11
01 26 17 307 40 2024 4 9 23 48 11
01 29 82 316 48 2024 4 9 23 48 11
08 18 37 286 46 2024 4 9 23 48 11
08 23 15 223 39 2024 4 9 23 48 11
08 25 23 208 37 2024 4 9 23 48 11
08 26 17 307 41 2024 4 9 23 48 11
02 69 17 028 38 2024 4 9 23 48 11
02 70 61 096 32 2024 4 9 23 48 11
02 71 33 169 45 2024 4 9 23 48 11
02 75 06 224 44 2024 4 9 23 48 11
02 76 22 278 51 2024 4 9 23 48 11
02 77 14 324 36 2024 4 9 23 48 11
02 84 13 095 27 2024 4 9 23 48 11
02 85 56 047 50 2024 4 9 23 48 11
02 86 41 320 47 2024 4 9 23 48 11
06 33 62 140 47 2024 4 9 23 48 11
11 27 21 302 41 2024 4 9 23 48 11
11 28 66 327 41 2024 4 9 23 48 11
11 33 62 140 42 2024 4 9 23 48 11
11 37 09 249 36 2024 4 9 23 48 11
11 41 24 193 33 2024 4 9 23 48 11
11 42 37 052 40 2024 4 9 23 48 11
11 43 44 105 38 2024 4 9 23 48 11
11 46 08 299 42 2024 4 9 23 48 11
07 07 29 135 40 2024 4 9 23 48 11
07 08 31 074 41 2024 4 9 23 48 11
07 13 46 062 42 2024 4 9 23 48 11
07 21 25 204 39 2024 4 9 23 48 11
07 26 62 316 39 2024 4 9 23 48 11
07 31 17 317 41 2024 4 9 23 48 11
07 33 20 279 38 2024 4 9 23 48 11
01 05 64 050 47 2024 4 9 23 48 12
01 11 12 079 44 2024 4 9 23 48 12
01 12 08 183 41 2024 4 9 23 48 12
01 13 27 111 43 2024 4 9 23 48 12
01 15 31 153 45 2024 4 9 23 48 12
01 18 37 286 36 2024 4 9 23 48 12
01 20 30 049 45 2024 4 9 23 48 12
01 23 15 223 37 2024 4 9 23 48 12
01 25 23 208 42 2024 4 9 23 48 12
01 26 17 307 40 2024 4 9 23 48 12
01 29 82 316 48 2024 4 9 23 48 12
08 18 37 286 47 2024 4 9 23 48 12
08 23 15 223 39 2024 4 9 23 48 12
08 25 23 208 38 2024 4 9 23 48 12
08 26 17 307 41 2024 4 9 23 48 12
02 69 17 028 38 2024 4 9 23 48 12
02 70 61 096 31 2024 4 9 23 48 12
02 71 33 169 45 2024 4 9 23 48 12
02 75 06 224 44 2024 4 9 23 48 12
02 76 22 278 51 2024 4 9 23 48 12
02 77 14 324 36 2024 4 9 23 48 12
02 84 13 095 27 2024 4 9 23 48 12
02 85 56 047 50 2024 4 9 23 48 12
02 86 41 320 47 2024 4 9 23 48 12
06 33 62 140 47 2024 4 9 23 48 12
11 27 21 302 41 2024 4 9 23 48 12
11 28 66 327 40 2024 4 9 23 48 12
11 33 62 140 42 2024 4 9 23 48 12
11 37 09 249 36 2024 4 9 23 48 12
11 41 24 193 33 2024 4 9 23 48 12
11 42 37 052 41 2024 4 9 23 48 12
11 43 44 105 38 2024 4 9 23 48 12
11 46 08 299 42 2024 4 9 23 48 12
07 07 29 135 40 2024 4 9 23 48 12
07 08 31 074 41 2024 4 9 23 48 12
07 13 46 062 43 2024 4 9 23 48 12
07 21 25 204 40 2024 4 9 23 48 12
07 26 62 316 39 2024 4 9 23 48 12
07 31 17 317 41 2024 4 9 23 48 12
07 33 20 279 40 2024 4 9 23 48 12
12 07 29 135 30 2024 4 9 23 48 12
12 08 31 074 35 2024 4 9 23 48 12
12 13 46 062 34 2024 4 9 23 48 12
12 21 25 204 24 2024 4 9 23 48 12
12 26 62 316 34 2024 4 9 23 48 12
12 31 17 317 35 2024 4 9 23 48 12
01 05 64 050 47 2024 4 9 23 48 13
01 11 12 079 44 2024 4 9 23 48 13
01 12 08 183 41 2024 4 9 23 48 13
01 13 27 111 43 2024 4 9 23 48 13
01 15 31 153 45 2024 4 9 23 48 13
01 18 37 286 37 2024 4 9 23 48 13
01 20 30 049 45 2024 4 9 23 48 13
01 23 15 223 38 2024 4 9 23 48 13
01 25 23 208 42 2024 4 9 23 48 13
01 26 17 307 40 2024 4 9 23 48 13
01 29 82 316 48 2024 4 9 23 48 13
08 18 37 286 47 2024 4 9 23 48 13
08 23 15 223 38 2024 4 9 23 48 13
08 25 23 208 38 2024 4 9 23 48 13
08 26 17 307 41 2024 4 9 23 48 13
02 69 17 028 35 2024 4 9 23 48 13
02 70 61 096 32 2024 4 9 23 48 13
02 71 33 169 45 2024 4 9 23 48 13
02 75 06 224 45 2024 4 9 23 48 13
02 76 22 278 52 2024 4 9 23 48 13
02 77 14 324 35 2024 4 9 23 48 13
02 84 13 095 27 2024 4 9 23 48 13
02 85 56 047 51 2024 4 9 23 48 13
02 86 41 320 47 2024 4 9 23 48 13
06 33 62 139 47 2024 4 9 23 48 13
11 27 21 302 41 2024 4 9 23 48 13
11 28 66 327 40 2024 4 9 23 48 13
11 33 62 139 42 2024 4 9 23 48 13
11 37 08 249 36 2024 4 9 23 48 13
11 41 24 193 33 2024 4 9 23 48 13
11 42 37 052 41 2024 4 9 23 48 13
11 43 44 105 38 2024 4 9 23 48 13
11 46 08 299 43 2024 4 9 23 48 13
07 07 29 135 41 2024 4 9 23 48 13
07 08 31 074 42 2024 4 9 23 48 13
07 13 46 062 44 2024 4 9 23 48 13
07 21 25 204 41 2024 4 9 23 48 13
07 26 62 316 40 2024 4 9 23 48 13
07 31 17 317 41 2024 4 9 23 48 13
07 33 20 279 41 2024 4 9 23 48 13
12 07 29 135 33 2024 4 9 23 48 13
12 08 31 074 39 2024 4 9 23 48 13
12 13 46 062 38 2024 4 9 23 48 13
12 21 25 204 28 2024 4 9 23 48 13
12 26 62 316 37 2024 4 9 23 48 13
12 31 17 317 39 2024 4 9 23 48 13
12 33 20 279 36 2024 4 9 23 48 13
01 05 64 050 47 2024 4 9 23 48 14
01 11 12 079 44 2024 4 9 23 48 14
01 12 08 183 41 2024 4 9 23 48 14
01 13 27 111 44 2024 4 9 23 48 14
01 15 31 153 45 2024 4 9 23 48 14
01 18 37 286 37 2024 4 9 23 48 14
01 20 30 049 45 2024 4 9 23 48 14
01 23 15 223 38 2024 4 9 23 48 14
01 25 23 208 41 2024 4 9 23 48 14
01 26 17 307 40 2024 4 9 23 48 14
01 29 82 316 48 2024 4 9 23 48 14
08 18 37 286 47 2024 4 9 23 48 14
08 23 15 223 38 2024 4 9 23 48 14
08 25 23 208 37 2024 4 9 23 48 14
08 26 17 307 41 2024 4 9 23 48 14
02 69 17 028 36 2024 4 9 23 48 14
02 70 61 096 31 2024 4 9 23 48 14
02 71 33 169 46 2024 4 9 23 48 14
02 75 06 224 44 2024 4 9 23 48 14
02 76 22 278 51 2024 4 9 23 48 14
02 77 14 324 35 2024 4 9 23 48 14
02 84 13 095 27 2024 4 9 23 48 14
02 85 56 047 51 2024 4 9 23 48 14
02 86 41 320 47 2024 4 9 23 48 14
06 33 62 139 47 2024 4 9 23 48 14
11 27 21 302 41 2024 4 9 23 48 14
11 28 66 327 40 2024 4 9 23 48 14
11 33 62 139 42 2024 4 9 23 48 14
11 37 08 249 36 2024 4 9 23 48 14
11 41 24 193 33 2024 4 9 23 48 14
11 42 37 052 42 2024 4 9 23 48 14
11 43 44 105 38 2024 4 9 23 48 14
11 46 08 299 43 2024 4 9 23 48 14
07 07 29 135 40 2024 4 9 23 48 14
07 08 31 074 42 2024 4 9 23 48 14
07 13 46 062 44 2024 4 9 23 48 14
07 21 25 204 41 2024 4 9 23 48 14
07 26 62 316 40 2024 4 9 23 48 14
07 31 17 317 41 2024 4 9 23 48 14
07 33 20 279 41 2024 4 9 23 48 14
12 07 29 135 33 2024 4 9 23 48 14
12 08 31 074 40 2024 4 9 23 48 14
12 13 46 062 39 2024 4 9 23 48 14
12 21 25 204 29 2024 4 9 23 48 14
12 26 62 316 39 2024 4 9 23 48 14
12 31 17 317 40 2024 4 9 23 48 14
12 33 20 279 42 2024 4 9 23 48 14
01 05 64 050 46 2024 4 9 23 48 15
01 11 12 079 45 2024 4 9 23 48 15
01 12 08 183 42 2024 4 9 23 48 15
01 13 27 111 44 2024 4 9 23 48 15
01 15 31 153 45 2024 4 9 23 48 15
01 18 37 286 37 2024 4 9 23 48 15
01 20 30 049 45 2024 4 9 23 48 15
01 23 15 223 38 2024 4 9 23 48 15
01 25 23 208 42 2024 4 9 23 48 15
01 26 17 307 41 2024 4 9 23 48 15
01 29 82 316 47 2024 4 9 23 48 15
08 18 37 286 47 2024 4 9 23 48 15
08 23 15 223 39 2024 4 9 23 48 15
08 25 23 208 37 2024 4 9 23 48 15
08 26 17 307 41 2024 4 9 23 48 15
02 69 17 028 36 2024 4 9 23 48 15
02 70 61 096 31 2024 4 9 23 48 15
02 71 33 169 46 2024 4 9 23 48 15
02 75 06 224 44 2024 4 9 23 48 15
02 76 22 278 51 2024 4 9 23 48 15
02 77 14 324 35 2024 4 9 23 48 15
02 84 13 095 27 2024 4 9 23 48 15
02 85 56 047 51 2024 4 9 23 48 15
02 86 41 320 47 2024 4 9 23 48 15
06 33 62 139 47 2024 4 9 23 48 15
11 27 21 302 41 2024 4 9 23 48 15
11 28 66 327 40 2024 4 9 23 48 15
11 33 62 139 42 2024 4 9 23 48 15
11 37 08 249 36 2024 4 9 23 48 15
11 41 24 193 33 2024 4 9 23 48 15
11 42 37 052 42 2024 4 9 23 48 15
11 43 44 105 38 2024 4 9 23 48 15
11 46 08 299 44 2024 4 9 23 48 15
07 07 29 135 41 2024 4 9 23 48 15
07 08 31 074 42 2024 4 9 23 48 15
07 13 46 062 43 2024 4 9 23 48 15
07 21 25 204 41 2024 4 9 23 48 15
07 26 62 316 41 2024 4 9 23 48 15
07 31 17 317 41 2024 4 9 23 48 15
07 33 20 279 40 2024 4 9 23 48 15
12 07 29 135 33 2024 4 9 23 48 15
12 08 31 074 41 2024 4 9 23 48 15
12 13 46 062 39 2024 4 9 23 48 15
12 21 25 204 29 2024 4 9 23 48 15
12 26 62 316 39 2024 4 9 23 48 15
12 31 17 317 40 2024 4 9 23 48 15
12 33 20 279 43 2024 4 9 23 48 15
01 05 64 050 47 2024 4 9 23 48 16
01 11 12 079 45 2024 4 9 23 48 16
01 12 08 183 42 2024 4 9 23 48 16
01 13 27 111 44 2024 4 9 23 48 16
01 15 31 153 45 2024 4 9 23 48 16
01 18 37 286 37 2024 4 9 23 48 16
01 20 30 049 46 2024 4 9 23 48 16
01 23 15 223 38 2024 4 9 23 48 16
01 25 23 208 42 2024 4 9 23 48 16
01 26 17 307 40 2024 4 9 23 48 16
01 29 82 316 48 2024 4 9 23 48 16
08 18 37 286 47 2024 4 9 23 48 16
08 23 15 223 39 2024 4 9 23 48 16
08 25 23 208 37 2024 4 9 23 48 16
08 26 17 307 41 2024 4 9 23 48 16
02 69 17 028 37 2024 4 9 23 48 16
02 70 61 096 31 2024 4 9 23 48 16
02 71 33 169 46 2024 4 9 23 48 16
02 75 06 224 44 2024 4 9 23 48 16
02 76 22 278 51 2024 4 9 23 48 16
02 77 14 324 35 2024 4 9 23 48 16
02 84 13 095 27 2024 4 9 23 48 16
02 85 56 047 51 2024 4 9 23 48 16
02 86 41 320 47 2024 4 9 23 48 16
06 33 62 139 48 2024 4 9 23 48 16
11 27 21 302 41 2024 4 9 23 48 16
11 28 66 327 40 2024 4 9 23 48 16
11 33 62 139 42 2024 4 9 23 48 16
11 37 08 249 36 2024 4 9 23 48 16
11 41 24 193 33 2024 4 9 23 48 16
11 42 37 052 42 2024 4 9 23 48 16
11 43 44 105 38 2024 4 9 23 48 16
11 46 08 299 44 2024 4 9 23 48 16
07 07 29 135 41 2024 4 9 23 48 16
07 08 31 074 42 2024 4 9 23 48 16
07 13 46 062 43 2024 4 9 23 48 16
07 21 25 204 41 2024 4 9 23 48 16
07 26 62 317 40 2024 4 9 23 48 16
07 31 17 317 41 2024 4 9 23 48 16
07 33 20 279 40 2024 4 9 23 48 16
12 07 29 135 33 2024 4 9 23 48 16
12 08 31 074 40 2024 4 9 23 48 16
12 13 46 062 39 2024 4 9 23 48 16
12 21 25 204 29 2024 4 9 23 48 16
12 26 62 317 39 2024 4 9 23 48 16
12 31 17 317 40 2024 4 9 23 48 16
12 33 20 279 44 2024 4 9 23 48 16
01 05 64 050 47 2024 4 9 23 48 17
01 11 12 079 45 2024 4 9 23 48 17
01 12 08 183 42 2024 4 9 23 48 17
01 13 27 111 44 2024 4 9 23 48 17
01 15 31 153 45 2024 4 9 23 48 17
01 18 37 286 36 2024 4 9 23 48 17
01 20 30 049 46 2024 4 9 23 48 17
01 23 15 223 38 2024 4 9 23 48 17
01 25 23 208 42 2024 4 9 23 48 17
01 26 17 307 40 2024 4 9 23 48 17
01 29 82 316 47 2024 4 9 23 48 17
08 18 37 286 47 2024 4 9 23 48 17
08 23 15 223 39 2024 4 9 23 48 17
08 25 23 208 37 2024 4 9 23 48 17
08 26 17 307 41 2024 4 9 23 48 17
02 69 17 028 37 2024 4 9 23 48 17
02 70 61 096 31 2024 4 9 23 48 17
02 71 33 169 46 2024 4 9 23 48 17
02 75 06 224 43 2024 4 9 23 48 17
02 76 22 278 51 2024 4 9 23 48 17
02 77 14 324 35 2024 4 9 23 48 17
02 84 13 095 31 2024 4 9 23 48 17
02 85 56 047 51 2024 4 9 23 48 17
02 86 41 320 47 2024 4 9 23 48 17
06 33 62 139 47 2024 4 9 23 48 17
11 27 21 302 41 2024 4 9 23 48 17
11 28 66 327 40 2024 4 9 23 48 17
11 33 62 139 42 2024 4 9 23 48 17
11 37 08 249 37 2024 4 9 23 48 17
11 41 24 193 34 2024 4 9 23 48 17
11 42 37 052 42 2024 4 9 23 48 17
11 43 44 105 38 2024 4 9 23 48 17
11 46 08 299 44 2024 4 9 23 48 17
07 07 29 135 41 2024 4 9 23 48 17
07 08 31 074 41 2024 4 9 23 48 17
07 13 46 062 43 2024 4 9 23 48 17
07 21 25 204 41 2024 4 9 23 48 17
07 26 62 317 40 2024 4 9 23 48 17
07 31 17 317 40 2024 4 9 23 48 17
07 33 20 279 40 2024 4 9 23 48 17
12 07 29 135 33 2024 4 9 23 48 17
12 08 31 074 40 2024 4 9 23 48 17
12 13 46 062 39 2024 4 9 23 48 17
12 21 25 204 28 2024 4 9 23 48 17
12 26 62 317 39 2024 4 9 23 48 17
12 31 17 317 40 2024 4 9 23 48 17
12 33 20 279 44 2024 4 9 23 48 17
